time,current_speed,steer,desired_speed,lidar_0,lidar_1,lidar_2,lidar_3,lidar_4,lidar_5,lidar_6,lidar_7,lidar_8,lidar_9,lidar_10,lidar_11,lidar_12,lidar_13,lidar_14,lidar_15,lidar_16,lidar_17,lidar_18,lidar_19,lidar_20,lidar_21,lidar_22,lidar_23,lidar_24,lidar_25,lidar_26,lidar_27,lidar_28,lidar_29,lidar_30,lidar_31,lidar_32,lidar_33,lidar_34,lidar_35,lidar_36,lidar_37,lidar_38,lidar_39,lidar_40,lidar_41,lidar_42,lidar_43,lidar_44,lidar_45,lidar_46,lidar_47,lidar_48,lidar_49,lidar_50,lidar_51,lidar_52,lidar_53,lidar_54,lidar_55,lidar_56,lidar_57,lidar_58,lidar_59,lidar_60,lidar_61,lidar_62,lidar_63,lidar_64,lidar_65,lidar_66,lidar_67,lidar_68,lidar_69,lidar_70,lidar_71,lidar_72,lidar_73,lidar_74,lidar_75,lidar_76,lidar_77,lidar_78,lidar_79,lidar_80,lidar_81,lidar_82,lidar_83,lidar_84,lidar_85,lidar_86,lidar_87,lidar_88,lidar_89,lidar_90,lidar_91,lidar_92,lidar_93,lidar_94,lidar_95,lidar_96,lidar_97,lidar_98,lidar_99,lidar_100,lidar_101,lidar_102,lidar_103,lidar_104,lidar_105,lidar_106,lidar_107,lidar_108,lidar_109,lidar_110,lidar_111,lidar_112,lidar_113,lidar_114,lidar_115,lidar_116,lidar_117,lidar_118,lidar_119,lidar_120,lidar_121,lidar_122,lidar_123,lidar_124,lidar_125,lidar_126,lidar_127,lidar_128,lidar_129,lidar_130,lidar_131,lidar_132,lidar_133,lidar_134,lidar_135,lidar_136,lidar_137,lidar_138,lidar_139,lidar_140,lidar_141,lidar_142,lidar_143,lidar_144,lidar_145,lidar_146,lidar_147,lidar_148,lidar_149,lidar_150,lidar_151,lidar_152,lidar_153,lidar_154,lidar_155,lidar_156,lidar_157,lidar_158,lidar_159,lidar_160,lidar_161,lidar_162,lidar_163,lidar_164,lidar_165,lidar_166,lidar_167,lidar_168,lidar_169,lidar_170,lidar_171,lidar_172,lidar_173,lidar_174,lidar_175,lidar_176,lidar_177,lidar_178,lidar_179
0.0,3.75,-0.10145949811625143,5.0277752041914905,5.079015015426662,6.050641681964978,7.320597777944876,9.52537478620881,12.776889579170565,19.99543091252579,21.45238156740706,22.127026792347078,17.000838651515632,10.17466581389204,7.387965727744966,5.67742350667353,4.549703584987879,3.9702100484502187,3.4116939889564764,3.1218446946154743,2.7639097755298563,2.4798560822716467,2.375101702174297,2.1845610022442616,1.907219396241194,1.919926552104672,1.872148998341443,1.6921853750364693,1.6906249583912507,1.5080975215369397,1.5401768618466432,1.4637679105435337,1.3764143330822671,1.4051780771922444,1.3397195512247582,1.380336944814197,1.1940089225879302,1.2062899654205075,1.2110651679600255,1.1898642229509375,1.19267868954263,1.2307065990811517,1.238259516526102,1.2187522702333033,1.1238024022818762,1.1365471902927364,1.1267621945422588,1.1417921094929182,1.146044188997389,1.1392572555452891,1.1285122210806893,1.131080491651936,1.2113166155511639,1.1510774075195167,1.172699759577281,1.1322206454425368,1.139735370827006,1.1365664501636443,1.229373471317693,1.2174412598496023,1.2258191787101702,1.308587780863118,1.3086923795499839,1.400088630012069,1.37582406378909,1.4666850736839712,1.472698620414676,1.5360378417903762,1.7027639214533619,1.772409162138531,1.8661655130563912,1.9373538134035595,9.284995629097915,8.39625618404209,7.780343490150887,7.094268485064286,3.115705645502095,2.7975637136787594,2.7901692003615044,2.8297679273012535,2.874060167773844,4.935585914290865,4.757276259767884,4.516290381859793,4.366818935272214,4.165476028600223,3.9780477147850313,3.7984501528046772,3.7955617577945735,3.568609440996771,3.5142897691574495,3.3038595853913164,3.1891045673578193,3.076840340214415,3.039592566103193,2.8412894305289886,2.6811269286487107,2.6638284877926504,2.537354035322328,2.3950095365778292,2.3476719242194433,2.2611942399711538,2.115290012701316,1.995255609006261,2.024696422434624,1.868166114034608,1.7948064181765944,1.7241513180714816,1.6074185000665844,1.6196641842227981,1.544094295652868,1.461904952728735,1.4624796006677263,1.3568877943206232,1.3790754839467778,1.3063776884887144,1.2773153528312062,1.2204424302428716,1.190779903697953,1.2218014209583008,1.2152883053433754,1.136036808792096,1.1527145460861397,1.1414081119789885,1.1232747461993051,1.1158475370256355,1.0613047458737548,1.0298036746589536,1.0658438874606482,1.0431683658450912,1.056829931964308,1.0606794659686072,1.0490206905915147,1.070746985119472,0.971983912603308,0.9711667903407358,0.989941217546479,0.9659542453817099,0.9830542359871287,0.9772975957669471,0.9685143085720321,0.9959245689861832,1.0433068701571278,1.0368195866863978,1.0631570634754506,1.0631257090973285,0.9768015726420745,0.9822571881709693,1.0631069916310694,1.053917076568077,1.0548241558218792,1.0458697646874213,1.1479922998370562,1.1346530752857216,1.130816388358646,1.084864931881784,1.1399921539027391,1.1526104048752235,1.2174138040287406,1.2974536360762352,1.389013228827915,1.3339295651850567,1.3167284215923731,1.364911053265722,1.445256536896718,1.4654954569695797,1.4836121303167311,1.6000216493736323,1.5661766528165089,1.713946638620747,1.8265983280871383,1.8276009962984006,1.9258014441293956,2.075475505595786,2.1891121387393517,2.2823659903945557,2.483429616470029,2.7426930020648035,2.8952695226338094,3.0651299133462735,3.233359916706754,3.5833352331171535,3.9431920957620465,4.534098590711765
0.025,3.903510165852502,-0.11844119316807972,5.156567816106599,5.155188447695043,6.123763320211978,7.439107725676658,9.834817233660116,13.33109714406437,20.152585867730423,21.50616708572926,22.276045687388,16.711926132828054,10.211678189495583,7.320332401340937,5.705995245325917,4.578740953523748,3.9728048840513988,3.404479460290865,3.012227616429904,2.719648376229077,2.5447702479202,2.281948605106705,2.146556159520908,1.950890881699795,1.7853021747758084,1.8171033919297017,1.663295127926516,1.615504908824801,1.570942295239999,1.5722221322372891,1.4637956736251792,1.3940668569758174,1.3939932551914969,1.315582029848923,1.3104386108749155,1.2888268303002637,1.3029000213845678,1.2449502641563448,1.250811781601357,1.2299563630245895,1.1409695856678541,1.1647637124153687,1.1310900091587788,1.1502805349333582,1.1607829869981094,1.1228144457586406,1.1387331434091317,1.146451601798736,1.1445306312144323,1.1705818155360135,1.1801093869133528,1.1678443388343465,1.1514604758866207,1.1489312199392923,1.1445503849399208,1.1400660846586774,1.2090141047027207,1.2271540257800055,1.2264014145448627,1.2099551504355603,1.3006687580675613,1.3223499760138597,1.3923102887566168,1.388672940650773,1.4636708123188187,1.4576674422874372,1.7285488955743944,1.7514513966556715,1.8016882695295444,1.8923819039322127,2.120667461074622,8.95932948645698,8.168527380280775,7.465478960991243,3.225995135540871,2.8552233690057776,2.757547885851784,2.7927770654122352,2.8324148676229157,4.984730445191689,4.846612308229299,4.559735840851791,4.371832313015171,4.261080063757288,3.976163419939078,3.873646612005064,3.7404477464037083,3.587786434193589,3.4714807906225404,3.441293612873801,3.212625873526808,3.0885088881828953,2.988280608248245,2.9531542402240043,2.772432634710936,2.5720987329544847,2.5864131762253155,2.4527820179282176,2.3261861633713887,2.235203537844563,2.1920369341131147,2.0406056180130525,1.8996321006553694,1.9556144160011282,1.8748512524036274,1.8004965879030148,1.7249944277176135,1.62136352995876,1.5380984722826425,1.4678286871929187,1.4716405513635902,1.382945361952576,1.3732947859617128,1.321470875452358,1.3046787328921938,1.2282875492824659,1.2196681676370111,1.2190280040487842,1.150698459355673,1.1293429588283046,1.1544697791685512,1.1444176910821386,1.1439769990830164,1.0786628888361813,1.0773789923092458,1.0739199246166657,1.0478876715690835,1.0555298405384146,1.0417228529687979,1.0659676830772538,1.0683268046144736,1.0753163095877172,1.067343454025645,1.079002644016351,1.0688483604182233,1.0815224209391645,1.000390367970639,0.9961895544061046,0.9786936695779206,0.9864529191868475,0.9876575035452395,0.9878950390998045,0.9744434932270915,1.0558015572855008,1.0623434636325122,1.0622026571355714,1.0680269120606332,1.0654719207452135,0.9892902571098665,1.068889613600949,1.0599649314261224,1.0676138191510796,1.1480883041361605,1.1261098289553766,1.2248670371272639,1.2318183343910305,1.2146155694406193,1.1677949338346398,1.2672193081190406,1.320917794887149,1.4276646782690374,1.3990610771033944,1.4065287242903945,1.4695810882248483,1.558749511565065,1.5535257570341303,1.5515623821363014,1.7238444698314892,1.7147717618558083,1.8479882952885216,1.876972082730386,1.9733563819853428,2.00795348194017,2.280698184532587,2.457829288765877,2.4351980431535667,2.5662370735512527,2.777960342411317,3.1637842390654543,3.3434294435679046,3.7540144779988145,4.017092446766837,4.623156880390249
0.05,4.0541969247397995,-0.13026781266619678,5.349756733979262,5.2568450292157065,6.22581165594455,7.361639553152375,9.737303283919095,13.017116863088503,20.09047001551158,21.536175088209593,22.332474548234586,17.198996664088472,10.29239452055545,7.2007076231117155,5.627798121696724,4.5232752940040175,3.750565816694921,3.307375998781333,2.998941572562635,2.6477313427589593,2.3826164428926755,2.221576926458234,2.073139823368001,1.9737871079099951,1.8290328726193337,1.672399295736867,1.666099220757632,1.6111270399781368,1.4913189466178645,1.5329687966149201,1.4352553528225962,1.3314647264501331,1.2865307958225058,1.3010918660722917,1.2953670641861454,1.2680938677383062,1.249524366550738,1.221569547796147,1.1750537561357344,1.1510882318640157,1.1803451018745603,1.1685893715463445,1.1603362325360815,1.171138868166868,1.163302602438289,1.1505146601054805,1.152497800202575,1.1996476682878736,1.093059984199599,1.073462467517569,1.0695486070538613,1.1566635725745291,1.155229724100574,1.168789106136942,1.140965591880838,1.167870941473838,1.2331567151108282,1.2448293585978307,1.2570401579293087,1.3348284762515008,1.3135488646252358,1.3170723651912624,1.407908005507174,1.407931482552742,1.4781226443956026,1.6461901855525054,1.6777628866907834,1.7525771131824206,1.8020184565667594,2.061308680676617,9.734893966652614,8.73273387148486,8.117298955351295,7.354325372532648,2.9599462265272867,2.7233733291454105,2.7544656275508226,2.7897154568607467,5.201809612235794,4.926188989473363,4.643877272315901,4.4696260541171355,4.216013756866104,4.089794717169133,3.922916674866072,3.751154413370673,3.6508595550312934,3.5209978833393416,3.406401750010025,3.2860700188402254,3.1269834022180554,3.0278040510942774,2.8392232412335887,2.839871485234885,2.668701726179424,2.526849215350664,2.4475798559311204,2.3056963957688836,2.3139811412335094,2.1452162141726743,2.1903191807042317,2.018568443254974,1.8615478658492666,1.8532718179134617,1.7982521237318465,1.7437813019298438,1.6466376787475665,1.5684383887236162,1.555889454556891,1.4779719419277777,1.4129107790543498,1.4090703234817281,1.3315982099194263,1.3217551818200344,1.2567022120139832,1.2361390983961167,1.2536599951787717,1.1641274297777624,1.1521130713806635,1.1625603433733058,1.0840189884162583,1.0762056988471278,1.0827021549252123,1.0924913069067783,1.0772080956197276,1.0727857937931216,1.0887118786694903,0.99715482046043,0.9909649006329918,1.0004229650734537,0.998322065183083,0.9819819503318358,0.9826562338553608,1.0020980146664282,1.008385343703419,0.996585964286039,0.9899000970767068,1.0050593111815143,1.008516471467121,1.002446586082068,1.0117910689520924,0.9946435286812253,0.9939873953844229,0.995963462864608,0.9969402980054238,1.0111110593890094,1.0900273843082244,1.1008225153847901,1.0988775159947781,1.0875417956340747,1.1223419966808128,1.0891626800210013,1.0952105352314923,1.1618739029985172,1.176317966802402,1.1745382782137228,1.2477546812536953,1.256426106558396,1.227367406278164,1.317874678883997,1.3012553856159768,1.375749273992528,1.4873571187333248,1.4323578632593872,1.5434601784193374,1.5841841522098912,1.6497201607451881,1.6697165441217081,1.8057931640555485,1.7791449092951548,1.9973202811056217,1.953189890387882,2.1372922243113455,2.1632729465681084,2.370864050341642,2.4872570692799276,2.691118295386664,2.886913153108521,3.106110785521935,3.4296285913292306,3.7920953771114987,4.152971605171348,4.7536097759072895
0.075,4.207186865402766,-0.1387171870886664,5.468625769001391,5.208660266456796,5.97790707677978,7.079851380619064,8.837080520597867,11.977360086363827,18.07329920777065,21.41694841281966,22.241937305749687,22.711749004442662,11.430696278975702,7.915274369853775,5.992649101472394,4.575959809293558,3.8283773987079033,3.4488886579145874,2.9240392544466243,2.7112142284860288,2.445104724401894,2.1854852056023946,2.145443839707653,1.9149677307386368,1.744406076622721,1.703222663800374,1.654416604607662,1.5752414927839191,1.5341812018068972,1.4834762550664027,1.396724178475557,1.4047740045825912,1.3660530531541744,1.3752030829113817,1.307735062201835,1.2812041025519938,1.2179438666390194,1.1906348541308576,1.1868051659264183,1.188359033224007,1.19965247995088,1.1987404142801439,1.1763804051076232,1.1767733206938695,1.2134685673236607,1.2105029543665013,1.1214397696622225,1.1259419071023578,1.1174990085277408,1.11651166784204,1.1043998156961834,1.1185760157712605,1.1821026082511712,1.2195471950688774,1.1984958029193271,1.1954832368369714,1.1875092117753565,1.2748595653875598,1.277336292823012,1.2817752251720589,1.3408566104934756,1.3555055133727043,1.4371163853870919,1.52608302316648,1.5322036020351681,1.6111391779241797,1.6659123618970495,1.7560874407087,1.9635981203934372,11.009106015060727,9.822142782495838,8.777886285604048,8.144985883988465,3.1994943050096802,2.7838340022034993,2.7096627027844225,2.740778216982257,2.7760393913817993,5.1068491987507825,4.8418864723376585,4.696798519539626,4.37615488411986,4.1886898555463805,4.055212249455247,3.919242036409334,3.6955230874137803,3.550846865824371,3.330693860038857,3.282998387199718,3.189371522333074,3.053344590214972,2.936984440288769,2.7764433434064073,2.720652306703958,2.694706164827696,2.5437206818115055,2.314183007774546,2.345729045983245,2.255386007086683,2.121567329890761,2.001726633615411,2.00350763779123,1.9451836453562192,1.7578110298375313,1.6720733565572374,1.746162972732612,1.6676094597723476,1.5956135775100322,1.4984572000910292,1.4433895425763692,1.4295218199404691,1.341457434269096,1.3557864683023786,1.252661650385902,1.260289890198195,1.1825317451538169,1.190928139614638,1.2007228027798624,1.1180728118389132,1.0988472413003934,1.1150299969757222,1.114611497902251,1.1117138003060476,1.0103802016548677,1.034927249498205,1.0262580780179884,1.0247246670616257,1.0100094690885104,1.0372531608258726,1.0365704602587087,1.034637767039615,1.0352296651749229,1.0246850226095936,1.0272705626009324,1.03305161532591,1.0181083242014553,1.026856318810983,1.0362037704671614,1.0553237721740736,1.0188358639634354,1.038543663667701,1.038076961482208,0.9501933029041002,0.9504289616943589,1.0320342941262417,1.0249129582456145,1.0232268588778273,1.0135234025352589,1.028556788261785,1.1160185736378845,1.124819099033501,1.1076531299654229,1.2067936348589678,1.1059963848496197,1.1400569646890149,1.1229459827385286,1.2205412734828749,1.2665123202511577,1.2839758574228068,1.3726475915078795,1.2715218933336814,1.3458415626693319,1.44077048699426,1.5110276846745425,1.5674595314352595,1.5111528235437564,1.6449804806938242,1.7361887493486863,1.760514576430731,1.8510206286893904,1.8808558527731272,2.0590574737699767,2.065781310909971,2.253978519124323,2.438663497832868,2.512764670106492,2.613386133410978,2.785545012602175,3.1736700606928485,3.3133737990225565,3.710881658289876,4.052286323984712,4.413996373250464
0.1,4.357666904205323,-0.1888603828776676,5.492871009659317,4.921131271087913,5.463045427499744,6.466423358740975,7.777833045785234,10.143336364860163,13.598562633681198,20.524938641939258,21.908520697322363,22.5563994150243,15.235028868173094,9.546716688831332,6.802637933813598,5.26749977676991,4.15048120574705,3.6705786419952804,3.139008566877001,2.788702632385682,2.519865290468271,2.199124500057941,2.1388613735884965,1.8517936781002404,1.8479022657416615,1.7493681295360526,1.6705021985495208,1.6076360361123863,1.5704811015571138,1.472885978602427,1.480314226557466,1.3830058277773734,1.3725659976060092,1.3945516774375637,1.372464765590209,1.2021736024494039,1.216998915357994,1.2105955814391804,1.217204299805444,1.1822826437369192,1.192397738976775,1.203418790110497,1.222668356402964,1.2284568873533273,1.1277641029912389,1.1330036868222841,1.1341730695307053,1.138427728130104,1.137133550070365,1.1306801112450755,1.1307624943321244,1.1273931606021168,1.1333388470484749,1.1936520059689695,1.2235651447269262,1.2102023830430222,1.2192524358943653,1.2350055732931577,1.2725939519224467,1.3008758875878563,1.2860878983120918,1.3805526942670143,1.532822640292273,1.5674577785993913,1.6110350551070252,1.6202476627104423,1.7017814147107944,1.888868255290699,2.3133914866913026,11.41579801683488,10.165727381911667,8.996019876471427,8.13126652050636,3.061660074255593,2.671367805528816,2.6884728336097306,2.7198532250794982,2.7553727425442185,5.231208736699082,4.802764575189636,4.71086876687298,4.425926511759838,4.141133069577607,4.030015217865826,3.7885331940043523,3.654134089927355,3.557594629846092,3.4073007679478393,3.284093647366062,3.064044180798348,2.9951769663179784,2.915160653160433,2.8036419161515593,2.6808336756557427,2.5719771334068104,2.4691541231175704,2.390132234160652,2.224437453549733,2.1280980203568194,2.115988464549386,2.0254884673769684,1.928576166844692,1.9244268609984407,1.8003819727769175,1.722177214840818,1.6523392562264423,1.6301386128344346,1.6072863892172178,1.5548741166047726,1.455053963091661,1.4529451735467847,1.3820203711686496,1.321393661180494,1.292443736001845,1.2058419225634573,1.2131741948350032,1.223404019681249,1.136767839587878,1.1465282097855187,1.1252188701168058,1.1197470452964424,1.0492944002792615,1.052761748980114,1.0525528405484361,1.0446375995866723,1.0597060822251685,1.0600365179244122,0.9556547440550255,0.9657485803325685,0.9460126700200898,0.9718191120220729,0.9742774040776271,0.9639456116928397,0.9767296672691513,0.9670535192647607,0.9815189726058771,0.9769576415848669,0.973711283946863,0.9732403128652574,0.9728928324547088,0.9557306292942632,1.0599381490020658,1.0568022229828036,1.0421549269740729,1.0491841185557127,1.0501760680423813,0.9665833557235144,1.0381586322216678,1.0472996156207577,1.0628391856873494,1.056865130586237,1.1224202101379115,1.1306124856124549,1.1328514581560292,1.2159342645553715,1.210759896921719,1.1962730403286406,1.1994094515631417,1.2264780014145207,1.278942776228827,1.4002421383544355,1.3777842016064386,1.4263069384959701,1.4030322079017479,1.5493335073924905,1.610633676647298,1.6155618286808082,1.6089248935852254,1.8364877058854807,1.8206490864585745,1.9661268053049568,2.0044943921438736,2.162532299232672,2.1968284911074725,2.3564190465403905,2.527893793497832,2.6850091711037627,2.9065897007203825,3.1561752109461576,3.286165168714021,3.5730363312223754,3.9997504306052005,4.35462796463107
0.125,4.492065244823879,-0.1966991987015869,5.613776845958598,4.442532050720805,5.216999972644407,5.945125722109697,6.925287293208566,8.455171704910773,10.982853088758215,15.68116020480576,21.15227041540582,22.26570299132467,22.80198730766471,12.654937291663146,8.139744645101146,6.101603376433816,4.804658097081518,3.867848634069806,3.301306942945794,2.92812045237614,2.6133755146042033,2.355036871667128,2.2320715344997133,2.060653396968618,1.9079957722088832,1.7144597711904923,1.643570420674855,1.6144341007930485,1.5453892431266114,1.4484112004164904,1.4499453960427808,1.410837299718126,1.464955558021025,1.3067260578476256,1.2935754428038786,1.3010620033480984,1.3058886143175035,1.2742057371845534,1.2856114322673406,1.2403884532731495,1.2175552161797072,1.2166502263473054,1.1145896065128675,1.1314768624590157,1.1345057294963825,1.1378516695391343,1.1480429303505033,1.1451406044743104,1.1335925798400033,1.1386978712449076,1.115646120443111,1.1271614956023588,1.2015428487473596,1.2288109367535143,1.2249054747699404,1.215732445567143,1.2137395864787046,1.2878124885071498,1.2997209852052825,1.2942979871063958,1.3055764525108247,1.5030953994158205,1.4851050484043584,1.5501403951470665,1.5390510608473547,1.6138365994819035,1.8275612045756424,1.8141982236834644,14.463355230945263,12.508067490909728,10.841134068127351,9.495627858127149,8.527705834953219,2.9862126437492713,2.6341124975983576,2.661378495460534,2.6925308533787575,2.7277851573672423,5.184362683225135,4.925445530535464,4.614510867637583,4.395067556958933,4.048759058826095,3.8783684183682663,3.8098361591851253,3.6253284258660186,3.4412689226285194,3.353300411689787,3.1594996135990083,3.0999567471288403,2.973189509149404,2.8479081068968544,2.7820530625272024,2.7485016638177537,2.6133787015635974,2.490123739146245,2.33912228404226,2.3173341892719024,2.127477471112024,2.081782881519689,1.9951062868324303,1.9503151613986143,1.776295876236383,1.8531789427112317,1.7910140401823702,1.6200565428436682,1.5372769224306553,1.5001317258659879,1.5567846943355848,1.47041170175539,1.4708334654323396,1.3855598909699585,1.3921136635412505,1.288586309923787,1.2968777764663773,1.2142652128635847,1.2034791339019149,1.1289365882465214,1.1134750787279057,1.1365876885463644,1.1325211248033182,1.0418275019469874,1.0421716266456043,1.063536778437403,1.0606312651687966,1.0656492854489403,0.9907107011051112,0.9753650752586719,0.9559912095009011,0.9774819969919012,0.9861428548804889,0.9643629592021361,0.9734061490186188,0.9816739438496256,0.9699227564182193,0.9687065623887418,0.9508953036308242,0.9470528027663557,0.9611950027587314,0.9640904493543632,0.9775651842408806,0.9878715657065279,0.9781855462373621,1.0525442944177217,1.0639709642852027,1.0607059367859606,1.0587117254184164,1.0520329965911452,1.0470958214207924,1.0918067672050218,1.0896157983720036,1.058528374228062,1.0391432364273694,1.137009724475123,1.1460179089339684,1.2102764051883843,1.2043725071869433,1.3021740192405242,1.2977697897667142,1.2041019892003901,1.2803215793750242,1.3512842554915494,1.4171570985477064,1.5026549477159459,1.4675174861529705,1.4591761362966162,1.6181036697565934,1.723897365485134,1.7035061391680182,1.7964080256475132,1.9299374668516012,1.9450112994200872,2.0461288230185555,2.1226067278662817,2.282803867887944,2.4457976449295495,2.6342362714441308,2.787474057782043,2.945322750918569,3.24636516044207,3.376882160730668,3.7523925610643256,4.156772986535505
0.15,4.623325415330445,-0.19267602566368264,5.694380736824785,4.240794959275576,4.569611350132813,5.359344524709176,6.08615004655662,7.026209391766729,9.030657745874251,11.921517745119083,16.756460515458457,21.375565623669086,22.456780984318986,22.893148758308538,11.729352029542367,7.612226636446535,5.853347650806959,4.328285880119565,3.7666650871865404,3.0286558767114533,2.8226896191691146,2.43794874758046,2.3221979380224207,2.000876014226834,2.0000551096095323,1.7872345800768623,1.7973186162567654,1.7069778344188549,1.53815750878393,1.5371507980330381,1.5327805460165387,1.4457815645520917,1.3728625927953784,1.3596381418408299,1.344457638239113,1.337194383513649,1.271854716517894,1.31765739745798,1.2133583255629121,1.240232307820368,1.1150937226122182,1.1481585613166918,1.1495205818448722,1.100748423358582,1.1291326849785936,1.12937122401135,1.1255663863310488,1.1520091163384785,1.1436602916501168,1.124277757667924,1.1442103472054486,1.1379553136018947,1.2006323315539995,1.2158639133460156,1.196350629288394,1.208789958171075,1.22447146605364,1.2271297351798074,1.294392545539644,1.3649085450327805,1.384153913314663,1.4677803988158975,1.4608555679460642,1.544610966774055,1.5246825197819092,1.7022821948043378,1.7523610817784911,2.1449949451242447,16.557098684481073,14.187018882040991,11.545348758810047,10.313057921428497,9.18588934680603,2.9958143863179196,2.6011447132920256,2.627150057259567,2.656951640517041,2.690754229629147,5.415217085413015,5.0567599856789975,4.617211996363206,4.507404667456269,4.199516483566946,4.008697798634827,3.7437871363120903,3.667343966925127,3.5447094649781303,3.299060086584734,3.2553512361743686,3.0705624389853274,3.006890301325515,2.872405425634632,2.7607188579756987,2.6917306019260807,2.5746655819926203,2.426335485377754,2.3787526125926552,2.2462121359132508,2.2017816510102617,2.052857440410982,2.007752065234991,1.8660056958726905,1.9024738453817946,1.7456854125125918,1.6947967173049836,1.6899595082918262,1.6251336492375046,1.5416112971380167,1.4542480858454006,1.403835730518361,1.3996075030003476,1.391173571680379,1.3586209105729694,1.2885679520043831,1.2757064327455367,1.1921367692552864,1.1949415702697657,1.1356822370069117,1.1202224093484405,1.1251269379108144,1.1327081704700765,1.060677302638174,1.0587092964794365,1.0568728331963466,1.062643244717121,1.0476640587071369,0.9656626939544926,0.9683291383642827,0.9669624450644425,0.9709404803643118,0.9789584436149745,0.9787478724129646,0.9909421730120018,0.9649239163128273,0.9715803458227898,0.9785575357240633,0.9579183112495729,0.9665181280070754,0.9750556099409855,0.9760222615672111,0.9649923619044268,0.9708625383828148,0.9725286495947987,0.9694127040873196,0.9745397441705128,1.0604186364046924,1.0515527704427223,1.0537702024192894,1.0539778368262769,1.0476528637148148,1.1327927113349865,1.144761809155438,1.1365160650278712,1.0850711158718986,1.0777477133306,1.1623949215448293,1.1329649998868336,1.2292409830018904,1.216409953848809,1.2915488044137058,1.2837449044946239,1.3154568325503044,1.296444181619042,1.3813640296507685,1.4541767585415055,1.5474180970581832,1.5365450753194898,1.5538139008400467,1.6715244192059815,1.810150428816848,1.804170346475562,1.9142483845380711,2.0481022385084935,2.126597540106764,2.1993882555454554,2.4351779058676883,2.54479939770284,2.574677804568127,2.7958988578605584,2.9671104190542095,3.3614349245148656,3.438509357312728,3.8507436457489708
0.175,4.750396245957525,-0.18587320473776076,5.807133779965991,3.9802225352485263,4.395017990263503,4.672217123509479,5.46927066593462,6.1474273087005535,7.152419865644062,8.881423875003986,11.421763707216341,15.880922067630939,21.3294400447378,22.50548615085544,22.98709633314233,12.076949010410964,7.542486469669388,5.600479945468303,4.068289014822386,3.612079115792391,3.104524447205096,2.541472586538643,2.485666421040038,2.116095370778099,2.073894741040805,1.8958065306005758,1.8555310672346537,1.701228342893308,1.6036425343872107,1.5492629876598558,1.5476655941357156,1.4134300234785873,1.4319705334070003,1.4267648419568755,1.3877420397924884,1.3015300858224315,1.3268861873605908,1.2966231784189843,1.3064269136625497,1.212600999047421,1.2106517781501818,1.205198762660894,1.1406605178946272,1.120596547932506,1.1262797341576611,1.1242069613047752,1.12647435825342,1.1292786383273123,1.1231796809514143,1.1433617213735554,1.11128073422485,1.2011445928691913,1.2036709427052048,1.2241290739710315,1.2103571609722836,1.21720274950014,1.217331423738932,1.202589396017916,1.3401077879946022,1.3721589023784677,1.352845089309127,1.3746295852632946,1.4772727014124585,1.4715180079165295,1.4890707198942144,1.6576140161658381,1.6568834902525942,2.067452247312227,2.5444503304845862,16.190447134856065,13.899470482258163,11.594926631748184,10.116427510681909,3.084982107305612,2.64483890141638,2.5877931351466286,2.615226980584358,2.6465088594382338,5.536327422791154,5.0407576166473484,4.81668064295191,4.513777437833963,4.421793299752307,3.9468958149094013,3.7618054750446355,3.646146277743105,3.490709344575265,3.4016417534221435,3.1933333317892827,3.1424619779963967,2.9800394916912354,2.8619319107235253,2.7745786551779386,2.589616352932676,2.569392878363864,2.4753155771809445,2.3056258765843403,2.276731450343752,2.2083191626012146,2.1488540365863105,1.9246040988216462,1.9333347817067021,1.8435506095777916,1.8040165052204777,1.7780205815812828,1.6319262723653312,1.5591106232813723,1.5788878453217894,1.5098766369601655,1.4450726353330565,1.3789642687476402,1.3051683612732776,1.2825452310471481,1.3890803070156592,1.284356795030528,1.3092112927666915,1.2208220326208539,1.2020849101846791,1.1305109664868593,1.1352628142764696,1.1346424933760286,1.0566137832060647,1.0498310446218126,1.0636815498191394,1.0329136690540717,1.0629935392075085,0.9598330479635278,0.9740604504057759,0.9703067070177862,0.9800844004985526,0.9785050583772602,0.9882265817536579,0.9665781008519149,0.9633557412841619,0.9672580618857543,0.9696297082655387,0.9815540952952245,0.9561719419478724,0.9702639594069402,0.9823362080985428,0.9690059745710489,0.9635525865345056,0.982974954549553,0.9629414419993911,0.9502541365281962,0.9612798215833208,0.9784007570859369,1.043662990531252,1.059720827388318,1.0558275658627914,1.0488623929790408,1.0451629291935156,1.1285950113526666,1.13330351290912,1.1383260371029447,1.2003989102969403,1.2346620573036253,1.1883594657641297,1.1506466422201813,1.230027324871055,1.2397955336051247,1.3071814693053794,1.3635009952286974,1.443596526060077,1.4134073235558902,1.4204250899044912,1.5409075633012275,1.6170970260206983,1.6976093546950124,1.622169329887676,1.763547428974622,1.9176107924726018,1.930089280661003,2.06671592738578,2.1574109740658423,2.3228076452678064,2.3860280249096433,2.4719723942115586,2.6743626216952903,2.9112949881017016,3.0518461764453138,3.187016072942185,3.6202350180526888
0.2,4.872377897726687,-0.2177483806510735,6.300390619610175,3.556687205118867,3.924262605607197,4.322921599477031,4.859144894278088,5.452780955242152,6.157104355905906,7.247362724158993,8.839420297184512,10.902523310376328,15.440483806444307,21.231523034079743,22.41112362605577,23.068960015342835,13.652658149567587,8.180644424419823,5.34972257699047,4.165239048390248,3.357141410790881,2.9985592635582003,2.6398998503744227,2.344886071700553,2.1967908075373974,1.9456437573282697,1.8762934024721125,1.7238823277419797,1.6683372823229135,1.645297909399233,1.4944425381635462,1.478252563996094,1.4780628870433408,1.3843795106825691,1.3449041725990043,1.3657199403608176,1.3302149962187417,1.2038779607888,1.209629146295228,1.2231393524147571,1.2096706095493523,1.23010271149114,1.2173955774065428,1.217693801713013,1.2066054108125697,1.1189313984670128,1.1225572448979761,1.1254071403316224,1.1336185542323398,1.1292083354340652,1.1392671043209028,1.2127146224238294,1.2127981462590558,1.213595745510594,1.2077366971476693,1.204839536813247,1.292484526539,1.291909510428497,1.3570775111650635,1.3851229175775892,1.3836656711189828,1.4114553611187555,1.4117930566481645,1.5729038548344576,1.6308654195705299,1.655054266060674,1.7907400567427314,2.0466099837427363,2.474217588124068,22.15046795774532,16.485387270545804,13.935869219573382,11.399960329138267,9.776321275366238,2.720463057495267,2.5467502871197074,2.5711910003350678,2.5993041032131465,5.877140627246171,5.407315078147513,4.9256839539933726,4.747322274190825,4.277056387825692,4.149713111469668,3.887816591160369,3.6509830152338907,3.5653259861507616,3.3176577200773556,3.2808658263561075,3.0599217769600884,2.902482376742391,2.799547908374131,2.700056103814286,2.6727158208804314,2.523741477104545,2.457760935805146,2.384806338387695,2.2036703308609695,2.1845614972350287,2.161957338029879,2.0282719537219562,1.9651854050296342,1.8153079621162276,1.76256411569574,1.6799325347161134,1.7097918410063608,1.6436916971828528,1.561572140844702,1.4828784965388482,1.5578308432648154,1.4692050110643864,1.398453435557401,1.3418018520626862,1.263957513540025,1.2230876409192253,1.1923147017465727,1.3029192763309299,1.2201158457984358,1.2049057758783928,1.1343327046728,1.1179261928890565,1.1520828258814118,1.0419222558776726,1.0615168601087364,1.059451037115025,1.040554980235918,1.0419246721093025,0.9683222245204023,0.9685852962835135,0.96972160841966,0.9737903273180436,0.9809106766665665,0.9744225312551908,0.9590975589757151,0.9773153526264506,0.9674475438085128,0.9609686091930173,0.9707822179480173,0.9586448397879388,0.9669732762039872,0.9609665533348298,0.9719330084403879,0.9771405166418545,0.9853850042921081,0.974835004636045,0.9705210190403797,0.9664389553914301,0.9762877938840528,0.9744709873979239,1.065592868743818,1.0618692243059853,1.0558291653641787,1.0499350524487927,1.0735046161203363,1.1396221719826491,1.1200865580522834,1.1350284348493425,1.2090578242633703,1.2140958091543885,1.2864664907129726,1.2166664050153853,1.200945120691876,1.2541340506544065,1.3416793017830535,1.411884150591883,1.4524584834344163,1.557036793418976,1.5569875097434853,1.5929538290144232,1.6362570927951006,1.776434421051873,1.7817282103611443,1.8726689901669988,2.0826871649070324,2.0779189317774893,2.227369536065575,2.238144254810207,2.448368361700483,2.644055770556601,2.739195565586839,3.006997718043376,3.1769213120441817,3.332315327191046
0.225,5.04176793802649,-0.214541817578275,6.407338003862686,3.4182401673267266,3.7013050871845823,4.042563978613748,4.394311004447225,4.957850629831885,5.55019741558171,6.18723769683983,7.168352003286967,8.73761288202165,10.838925253991057,14.771786722230706,21.314418156380817,22.542834679181187,23.125351010739926,13.046315770588368,7.535809862580496,5.212972118493996,4.242013323568416,3.312113091563887,2.7172517104596534,2.472658649986187,2.290187654415653,2.026170563687326,1.9786268313664035,1.8255761865891733,1.7931561400568623,1.7199815818706699,1.5347061419097006,1.5376409786884757,1.4566586740559464,1.4430307996567704,1.4571770961973578,1.366970257543634,1.2991852706003766,1.3116903542947775,1.215532565485151,1.2106788846429757,1.199847465889346,1.2181931711429383,1.2100442971987384,1.2177694562164345,1.1936008760810624,1.2149875257794764,1.209267672956797,1.2212452914139524,1.1103881496584311,1.1413836699076003,1.230660564536401,1.2126534545318441,1.209260413597563,1.2068841033821118,1.2934855215613494,1.2971072274349156,1.2857395190989922,1.2986338494024794,1.348637125985257,1.3548193159679252,1.3557320520757814,1.3622950169989836,1.3780179547508684,1.4913956491778197,1.5589090070252545,1.6956877194315196,1.7844936988093025,1.9631635514482397,2.5360635265795675,20.749350457854586,22.03257965502558,16.280092144720324,13.591115906618198,11.312132837701558,2.765626655752861,2.507866419679278,2.529307662028212,2.5542586778543006,6.10876563784796,5.659722217974323,5.326116075187323,4.716625254812059,4.501289800788537,4.19464348485893,4.07857103648127,3.7758413636588664,3.4272916316012694,3.426061227492619,3.268243307942175,3.031291491085838,3.015427712209189,2.8177634114159433,2.674674555631885,2.6485783107149286,2.5167912585291434,2.3948097177516656,2.320022725412522,2.2769165864825824,2.187340805731391,2.1199474576574584,1.9575299698467195,1.9484029673238525,1.8788611996300553,1.7420783845902772,1.7078365472654222,1.6858125963748594,1.6098924477728347,1.5458961446421262,1.546985947151756,1.4880957457350819,1.4096095852544206,1.35691943035872,1.3749439754817077,1.2983761108838867,1.3078384063202897,1.2268072232287297,1.1609568673823083,1.1553068823787953,1.088533599610824,1.131503098243348,1.1292073900868873,1.1325140911138056,1.1337750448311454,1.0545702322788948,1.0608480679123633,1.0468605062489496,1.0505598940502143,0.9883996592228631,0.9791799448080282,0.9785258042617861,0.9640411486901493,0.9803007647963954,0.9866663241147686,0.9711958615378571,0.9671154892235548,0.9746529075758471,0.9674519404134699,0.9733396223388499,0.9813766464016476,0.9693410147963737,0.9605653228164346,0.9750084496758824,0.9886927784969037,0.9776490470532154,0.980498379621721,0.9654248640675254,0.9772243465162089,0.956382761937651,0.979104201313225,0.9699346022003252,0.9831782201380501,1.051052865496301,1.0668160701862557,1.0431607941451193,1.0573059347514415,1.1366915235363255,1.1338684294730075,1.1366809605899213,1.1994745625581213,1.2066608706322228,1.2845225978628687,1.2675542673363103,1.3830223271443256,1.3778542235451032,1.2956417009703325,1.359731574782124,1.4426868481304118,1.5474769872714242,1.5808058698898564,1.6427456176459019,1.62994025661197,1.7996523515280407,1.9047437546208743,1.8778650066544222,2.0494567124351817,2.1970495595972754,2.1812477646668293,2.386618506156127,2.505103696870529,2.606023788027436,2.7222538820331397,2.91806187818462,3.1842810512234956
0.25,5.204025353858018,-0.20868510146743882,6.567759080241453,3.2846775120156018,3.4672954668739626,3.7814336750389588,4.112795645110844,4.585525161233907,5.0498387852334305,5.666135128974515,6.317770518073928,7.330954179308207,8.920190890741424,10.964712762351665,15.50752324420643,21.48641367069628,22.522979579459427,23.241559382907077,13.189827547367152,7.441960351127156,4.971059744855801,3.7491458344363378,3.147726290479589,2.7195869890612068,2.3614423770977844,2.164339709075142,1.9560623090697526,1.86381772074549,1.784308521135451,1.612889215687755,1.6049134818585473,1.5517253238666302,1.5305416146553101,1.4615901129407356,1.447767719224058,1.379472975265294,1.2870815853125923,1.2968933725452494,1.2885750967192766,1.3076811891365325,1.2354421134392597,1.204201074301001,1.1924644536622726,1.21451360833659,1.2015492965245564,1.2189505582503524,1.223323760612593,1.2004454411953447,1.2139411767870356,1.125460558518423,1.1280961794410547,1.216111277763547,1.297278800470043,1.221715881753546,1.314470317052832,1.3068882907117088,1.2613163792933857,1.2626795300188407,1.2974527298109975,1.3043071633403438,1.3510047451697993,1.43855462273243,1.4489632199721048,1.4531991500868877,1.5403238091882478,1.6304181938632964,1.8291081555101956,2.1423243896203807,2.5402636843472965,5.321275907859598,20.7903277580527,21.94957037736426,15.839390182490614,13.431445222788462,2.7958520095123087,2.469163384059134,2.487433340332054,2.509056521816967,2.5341746843893933,6.037550088313489,5.306455405667596,5.074406637936817,4.592873936107904,4.400733685272787,4.091367503749426,3.842120062797458,3.552275253858788,3.318373403162884,3.2904704027925713,3.0849311104430313,2.9734993999562622,2.8371419169829513,2.743067880882225,2.562532139221685,2.464540080632984,2.4448864361401315,2.2188019395657848,2.1435175062523526,2.122470439415496,2.0856040326960223,1.941498621590814,1.88634260000694,1.8484071687215242,1.7858404735736597,1.7928651550540515,1.6820276867235247,1.559904648164625,1.5520717457292914,1.452153195411109,1.4318784199572514,1.4833819435972573,1.3708801053814381,1.3025037136675492,1.3149452032948714,1.2937372349352745,1.2934937892894114,1.2160709476380942,1.2060746071411863,1.1298798100644791,1.1355779788627658,1.0290059037335393,1.0571976991993126,1.0838818413437132,1.1213491216828901,1.0504298433833328,1.0603568692503134,1.044849468191649,1.0544469684912958,0.9856768430979583,0.974964422423797,0.9716848082833738,0.9700127662387733,0.9607246924318673,0.9798039147453974,0.9602526569888122,0.9677453900760531,0.9843160602944846,0.9507532894172954,0.9715328129153665,0.9751749657017942,0.9706504027860121,0.9724526962835481,0.9778741329171153,0.9744450736249755,0.9740662524696975,0.9754986697565163,0.985310357305218,0.9890401592285013,0.97595317705682,0.9693059873565972,0.9627775936658843,0.9640540506903457,1.0447575314507886,1.0498742216457297,1.055122945111513,1.0509717201899447,1.1356277932062662,1.1251325236022287,1.1434376965129978,1.2374136969540397,1.2214818117161,1.20843436559336,1.2913784464884257,1.3742675875503967,1.37165599607379,1.4703923016668317,1.4479010566706876,1.4429258142312396,1.536893199798981,1.6166248713144877,1.713389910950545,1.769111174376606,1.7505175574841736,1.890491726990878,2.0459441538678536,2.010086078593296,2.2087282835997484,2.308169410342614,2.5444697059617223,2.493229032057769,2.667461461166329,2.8929955870820816,3.0510883098636783
0.275,5.361919181634792,-0.20080474965969852,6.674706464493965,3.132588491732183,3.374595567625648,3.5546241597210697,3.916065739029041,4.277096088004989,4.685414478938221,5.005327909539475,5.824591390191216,6.48832547302194,7.625011129791838,9.218581663920167,11.078930716301466,15.006463569447241,21.22352467091079,22.62131081930621,23.345673295953944,12.290570913235243,6.756013061793243,4.476984301399213,3.4885423038172356,2.916671512006899,2.4623930129280795,2.2069954440577644,2.030282950992996,1.9663265804213808,1.8642987729363776,1.6992656918499678,1.6416018632301,1.573247906140514,1.5513571363103333,1.548080931798219,1.3732484056797392,1.3834934588111447,1.378831967995211,1.3084841818890065,1.2804988258322136,1.3018737893276593,1.2184733729709625,1.2010878439111483,1.211659839510001,1.2044358395065666,1.2212023473634048,1.2231283163241486,1.2025071886927006,1.206399692366253,1.1359956979685921,1.1324371316218262,1.2340406509246127,1.2281237169465118,1.2381345052147341,1.2715431700473059,1.2638193791295933,1.2990453265431572,1.282806644120005,1.3061689900517626,1.3031908797028795,1.298918877129667,1.3801185574389598,1.4494175598590973,1.4782365236012902,1.4738580751967696,1.6622394649317218,1.7566562784678004,1.9280084831293742,2.0497132490673518,2.5096941749340176,3.860602711857627,18.919976915362344,20.528058012593362,22.026836125098278,15.541883419984226,2.8832352549688594,2.4285339124527563,2.4433369109398675,2.461339764335184,2.482658214265558,6.284593315132956,5.707384293330774,5.075224483545589,4.7130584657020576,4.457986369399256,4.048452253765542,3.8980909478827943,3.7162259589918945,3.3570203773501506,3.1684684372116276,3.187241692597917,2.9935591264172454,2.7588735579111203,2.7178629255209468,2.612217795745209,2.481718472374668,2.3374966711239082,2.2604337613520866,2.155321169584962,2.1024991906465593,2.0362938225721803,2.013120195829159,1.844848593086347,1.8012462856185216,1.7362180916370689,1.7434002208795134,1.601202730615576,1.6046672582630321,1.5535175958980425,1.4964835973580426,1.439199703614824,1.3885707269938468,1.3231994414563444,1.3047123613157119,1.2898307315639232,1.2954495316574204,1.200991228065495,1.1901590447898607,1.2109908189736516,1.2323508216501928,1.1379328347818352,1.1402866909254041,1.1266659760075912,1.0573513512873554,1.0519376393589415,1.0461736730566606,0.9602495361838886,0.9897117286774028,1.036581735411982,1.0385322957484142,1.0503193016435681,0.9843523282089875,0.969636283603108,0.9595813677738434,0.9865920651983758,0.9763734295052526,0.9736241032846981,0.9779779335124686,0.9697505386437518,0.9642027780140737,0.9658258009956637,0.9653072292478458,0.9913967077184606,0.9701113582542303,0.9781734227030001,0.9819673162705993,0.9874287567696022,0.9712374016247927,0.9707238026569349,0.9754351647671747,0.9700138230468273,0.9700123200664765,0.9753206221079415,0.9602939849338562,1.0490489201733122,1.0500054025938335,1.0451316186115487,1.0410038074878014,1.123811851117693,1.1228154557676644,1.1462977745338363,1.2139081145852495,1.226947151381827,1.2812918525251469,1.2894221610353838,1.3761562883657465,1.379306308594421,1.445323981513031,1.5411827558020657,1.5369459261767966,1.5376510955093372,1.6258319571936566,1.6942179368187564,1.7649423025043929,1.859713716167889,1.901947042390179,2.0250610719727016,2.1526410614366123,2.2261083126751657,2.420405239742195,2.458465851778703,2.5943403697171155,2.787484276753721,2.992635536158103
0.3,5.517651643538809,-0.24362699363467635,4.770256403640659,3.1147484177028835,3.329920035646529,3.5425324694544575,3.7045841879471078,4.121124748241763,4.426049708474935,4.819430199142124,5.26735475610713,5.913237620908245,6.592542528743389,7.6069231559974435,9.114494904137112,11.42942013691251,15.14516929892374,21.3870722927631,22.777562326714182,23.456108544189014,12.968863752024966,6.113021594273553,4.003723759566348,3.035172593714362,2.58924665500452,2.350855685256974,2.1155931997818658,2.0315410615226557,1.8168107996738845,1.7840535333217467,1.6910985947793822,1.6565049678926096,1.5200154104750594,1.435083774554194,1.43672512987647,1.3514621555734896,1.3865096774709482,1.338882295299566,1.2697050846976374,1.2546313589746985,1.2779109016640309,1.2646348032703636,1.1925564082564848,1.191089108700126,1.1903881590820105,1.191416971549238,1.186892462370234,1.194543553773617,1.2681610168722282,1.2920197537307947,1.2371815833991626,1.2421294646338161,1.275142281782701,1.2918492781453002,1.2645913785603997,1.2691370962979434,1.2774871329950428,1.2722975719481446,1.3403564426302177,1.3627569412242992,1.3603697306927205,1.3724160633318123,1.477016352393717,1.5857400308413423,1.6952571812533002,1.7153616350354282,1.8395887425271398,2.054622246790878,2.494594881146076,3.244836953079775,5.134707346161496,19.00062304214015,20.48519317525167,21.738464782168734,15.315410993602137,2.3867618292087256,2.3981951000755335,2.4126931875493716,2.4303477667249123,6.764192651906366,5.958466222551272,5.427652819843268,4.975023158718245,4.585904557063465,4.382552463106162,3.8810662337794257,3.653651436424595,3.44543518803964,3.2335842213750903,3.0247588659593028,2.954764991724142,2.8179867806659717,2.6992650088936117,2.519032917463728,2.473244105243752,2.313729114327711,2.2071914508092023,2.2122746395097,2.1637912900131786,2.0054514286163627,1.8921932782827995,1.843573566087658,1.8365787313528046,1.7316720244867125,1.7406533647882452,1.605924133621786,1.7087233658658951,1.5141003027595124,1.5419644672851744,1.477957030216542,1.3801645197314407,1.3233570114055728,1.3280000201015953,1.2772908944382213,1.1949340417633536,1.2617975001713977,1.2687843523334668,1.1803655999209073,1.1265016674026804,1.114375241650169,1.0725623541537117,1.11079890749629,1.1205947194649668,1.1148860464855517,1.0327182003912632,1.0329136417039677,1.0280670899183764,1.025558118356077,0.963954549931097,0.9494426430992029,0.9563967916592216,0.9453570971765519,0.9545263088687562,1.0197835489280858,0.9273601907500069,0.9506453990787844,0.9390079959778329,0.9438873514846828,0.9393141536569758,0.9484961801523168,0.9540906223474824,0.9675245171594634,0.9547698392640127,0.9303810373358169,0.942407908240727,0.9646077145070181,0.9360487544602643,0.9331552387462287,0.9600883661406512,0.9471226963451598,0.9407256778493204,1.0409965613770464,1.0132188693554878,1.02188061456925,1.0381955070282416,1.0278442393088292,1.0357288115842787,1.1196256789748915,1.1249879533456597,1.1035555697059198,1.186716271861287,1.1858914116902886,1.1815635332198933,1.278293658467424,1.2670348892573309,1.3504967536424812,1.4253561520590445,1.422741826779946,1.5036163885621898,1.5763455713780037,1.6663810069298168,1.6818860893585164,1.6683512317272264,1.8321301956012852,1.9184630330409742,2.001927244539779,2.0335628353153625,2.2561901458562805,2.2775236483647396,2.482980268437783,2.529169164557652,2.734592436584764,2.893913662305484
0.325,5.279901643538809,-0.22414389038410298,4.727450046628785,2.9228692495657325,3.0230586092885305,3.2448855908474847,3.4444214458183167,3.6267770918805473,4.004140145714002,4.383299560993805,4.744870323663954,5.1153530117968495,5.6655105819887135,6.429498771711397,7.324237771299112,8.438642290440887,10.19337918478502,12.96509648641605,17.45379511533774,22.075873535656317,23.169472267695628,23.763303418032958,7.978398314316006,4.139385669577678,3.1367752765594297,2.6391307059179887,2.2452779758436145,2.125652590756103,1.9157709058165606,1.8292677009571687,1.7743165752106238,1.734627579162214,1.5838773122997387,1.4865523426629295,1.4951721033207395,1.4118294167891394,1.4157034794317374,1.3298740107220375,1.3311746133235431,1.324839746887471,1.2410691946302057,1.228582239619586,1.2468421267338965,1.2632397732389964,1.2334853183108203,1.1747249859660804,1.1934245165984028,1.3102617473819635,1.2233797230990764,1.2160734398158655,1.2508984504516327,1.2415829929765996,1.2529706681544532,1.261862205358207,1.2381586216694194,1.267495691894707,1.325656157221106,1.343164422693975,1.3434252480285918,1.3390690503530338,1.3597624276499591,1.4601464090914416,1.55492279774271,1.6623568660344614,1.6230597541003982,1.6580372627695474,1.7559218652255482,1.9833506244236816,2.3348533924331605,2.8743465605479366,3.1529214764300137,4.950672149328217,17.677537715766874,19.62438113575064,20.982768934560884,2.654886272437018,2.3498496220648213,2.3593251165585807,2.371779774432002,8.104732433651236,7.1800959767309855,6.254474874018275,5.693507391285305,4.98117071613054,4.725549977361785,4.260725082288047,3.8765251476295117,3.641781649896681,3.4508413652069136,3.1013131317525557,2.8887183847512063,2.9434456583583,2.721761237329873,2.634977056858999,2.5418082195393765,2.3588972330085456,2.2271551166312054,2.181263128334083,2.115961052734409,2.1273526625516137,1.9820471477798114,1.8189903269875873,1.7575404418677754,1.8031924655462148,1.6886907408907903,1.631143884965362,1.5994855228673597,1.5251269882852092,1.5419872412598268,1.4850215032404062,1.374850946325896,1.3677998534767826,1.3260044608426962,1.2581194145954737,1.178054257866728,1.2549452188800752,1.260591984706835,1.153584688156287,1.1520203857594016,1.1700020730906773,1.1580475039023872,1.0806070689585447,1.0825131966468373,1.0911665656763612,1.032413964488972,1.0410135822143523,1.0316569302673055,0.9826717813847649,1.0016721265271216,1.0018547107572073,1.0145904959705223,1.0159431739750704,0.9315522332877388,0.9248097120884866,0.9186366927187416,0.9255950727833511,0.9234108945472298,0.9126436875594371,0.9960014573496336,1.0052456959826848,0.9973965019073631,0.9239249154457402,0.913182734735587,0.9295105418375369,0.9190932710463792,0.8988762830467564,0.9430011399264717,1.009826732854158,1.0053955396035699,1.0121091034310319,0.9997886682779614,0.9919924300112621,1.013206291956576,1.0133229906430152,0.9916574004094488,1.008773668417611,1.0911623284110092,1.066781590168564,1.0961761424451792,1.0861851138930725,1.1657363265280065,1.1574212974202205,1.17289493332327,1.2539438019390607,1.2587140921455005,1.3148678665299087,1.3351416998339933,1.3959148962156298,1.4095220382864988,1.4968409110853176,1.5704778713192802,1.6432434057043022,1.7235308036882888,1.830408498607906,1.754504079986005,1.899766682939694,1.9503988724758778,2.1031158622698776,2.1414890645561715,2.3757258385371185,2.3626471740204686,2.6209780644247225,2.741234073355872
0.35,5.062534626136304,-0.17537005944092193,4.706046868122849,2.462835083428181,2.871091644311443,2.918513715087086,3.013146692991687,3.1692604456971667,3.37184962106306,3.7614267120049147,3.964603420972525,4.399311085973595,4.702791423475745,5.125818317782978,5.633758805725339,6.1933055295536015,6.841481240962096,7.986674146068795,9.410495189454661,11.508281767941353,15.01422920575339,21.04181597109469,22.873145318130163,23.658549157351544,12.61250168345451,4.861606555966473,3.1952787680659527,2.5583197208282313,2.323270012131928,2.012380097531383,1.9450165667394552,1.900868242435897,1.7766870508280137,1.6051155522284628,1.5312537559251065,1.5475553860835376,1.4688982664368597,1.4728625109687594,1.3821399661917173,1.3822387065630528,1.3066789022318328,1.3014268562661038,1.3234399574283826,1.2247138625325584,1.234262782246596,1.2608262863768607,1.2433375704532315,1.261093892501574,1.214731442984517,1.221709223036861,1.2058682577647772,1.2121649364659022,1.2196927598205693,1.223700398003299,1.2153621484517099,1.2228337707482566,1.3151059979962672,1.3156640112984133,1.2545874892256312,1.2440081943737915,1.3246067428585204,1.362729541073986,1.376141408711911,1.4918300408361895,1.632236998450693,1.6234552968065838,1.7050641729956872,1.7894307923943413,2.046452856304314,2.106017033531443,2.3571632738297637,2.8669029478032537,3.4553665872701798,4.748448078467795,8.41336580796285,18.793364960663336,20.30685597580797,2.3105571722785307,2.315480047211141,2.323261588665307,2.3339498261080154,8.385429460394699,7.192876506465675,6.218218477689013,5.721377206953822,5.049032364415516,4.684885723022547,4.140644044279075,3.905183909576633,3.593173985306914,3.4506517167079935,3.0892245030847985,2.9148571580775653,2.816127321801943,2.7118473065336883,2.53192172492144,2.4000403136291766,2.306394218844653,2.2123444927288856,2.1409381389370172,2.0457826010914397,1.9883502771739159,1.9012991183864603,1.8589883259225455,1.7303432668983345,1.6705779296055892,1.6290257303740394,1.5401322846689376,1.5577365710556041,1.4803364507439223,1.4234145019029143,1.3809533464390824,1.394924676249121,1.366872898256397,1.2554344393006918,1.2992779338098028,1.2645912607534426,1.1959432958781835,1.1078929807931985,1.1131290586768634,1.1373102887614541,1.1467535982287593,1.0776294453893283,1.0036439246844095,1.0014081402065145,1.0546267241166418,1.0541959108222119,1.051623192485537,0.956636026662134,0.9721221694112032,0.9639173102340309,1.0138445507759242,0.9855762997397738,0.9865996027331893,0.9751394544095415,0.9696289877209653,0.9713228690805131,0.9930554272995951,0.889400522961655,0.888557262033953,0.9112440230344598,0.8924061401499501,0.8975228991850845,0.9028429238534417,0.8872506614877638,0.9665209594383248,0.9909574387068136,0.9815294214531479,0.993330076323188,0.9743169016146267,0.973143142327009,0.9617380014579938,0.9768393400521214,0.9939683601845619,0.9692774087482255,1.059037154292004,1.0735206315994061,1.0721947422273457,1.0551566810365638,1.0548003738892675,1.1357961077565606,1.1337455451875131,1.1458067119964215,1.1359519475554523,1.2320745855026178,1.2149122769157468,1.2973582091733054,1.291173604054765,1.3014789033908887,1.3772830596175294,1.4529228025762837,1.4411586782032417,1.5388416778388336,1.6293916984478154,1.7196858542720457,1.7923561220157096,1.8624460868573989,1.8996462438881259,1.9845943327233289,2.114273590582737,2.2795713009121066,2.264305980438311,2.5364580214498047
0.375,4.914843556638969,-0.10444056744928923,4.683151132933795,2.3743221700381443,2.3840912512988437,2.5904485242135347,2.6077866823362297,2.886552872588826,3.0152892482600264,3.167531411660407,3.2623460693420534,3.522475294525766,3.924454124667827,4.091420097129,4.4623289776460195,4.736962371133646,5.243312663121414,5.699374430501555,6.448333572778114,7.206377214246864,8.120450159332549,9.661527915204331,11.79883036448729,15.260035285900363,21.42356454709355,22.96235097313089,23.730406664285233,10.960778787028564,3.903261634534901,2.8850936680865975,2.3948070637526104,2.107630814247339,1.9774188589758483,1.9494498245627865,1.7003807223630518,1.60634529216746,1.6212856470639236,1.5468247611641681,1.4475749075516648,1.4475655642204945,1.3845250339062953,1.4053301834831804,1.2938129303340338,1.303245030317732,1.2549155940406838,1.2614116834149238,1.2494157893849822,1.2982377493519486,1.2982752061636382,1.2908507683811472,1.2240281570256895,1.1991699093178292,1.2207192717685493,1.2216610167822703,1.2156419518116688,1.2223734517845803,1.2983711846642212,1.2962025150757224,1.2546299910658982,1.2341444387849998,1.2950956161432225,1.2969904959715202,1.371805736412535,1.4632395992348162,1.4039351865692649,1.4976576917265887,1.5008619799592604,1.5653365292389037,1.749047422918499,1.7151616734731183,1.9742467216099129,2.050814936859651,2.457015152113425,2.77828540344264,3.299201529170482,3.7487902208582584,5.406341212064456,10.856680088549355,18.838184595385123,2.277707867119613,2.279750509055222,2.284583775127592,2.2922373002476646,9.684880278082192,8.246393765386694,6.947996691712684,6.063087646267626,5.5367221089522625,4.819417901579383,4.492216836927146,4.019898168936184,3.7726049203473497,3.4598307821421916,3.273679880106044,2.9418866758706432,2.762335278156174,2.659928752234539,2.615654107985025,2.470040641110292,2.2555229190199406,2.1898923449716095,2.117685731307681,1.9777861008348534,1.8954652159593126,1.9444052624744093,1.784327180772924,1.7290527213265128,1.6647157011456946,1.5723769608092175,1.577855135751296,1.5608226933390057,1.4769143362595376,1.4295741559301345,1.3613639140466498,1.3351044862676935,1.385353093131031,1.2956744240732994,1.2825346611012143,1.2254323281828818,1.199354492223696,1.2284513532415817,1.247541823467575,1.159113095554091,1.0697670679098692,1.078160765395108,1.0159892512617377,1.0466765185357436,1.0468111933452853,1.057179279181112,1.0018573312198162,1.011143230049131,1.0011679750002398,1.057265135116637,0.9914802520655815,0.9818914661489364,0.970524252930446,0.9470784504638486,0.8920757391968078,0.8976570056064672,0.9681004883918178,0.9594856507084712,0.971301542550898,0.9826382521140102,0.9641161100950575,0.99220748398354,0.9717826819734492,0.9087916353648908,0.9004358479186616,0.8915074123735673,0.8928195711409703,0.8990253845790106,0.8901459247894227,0.9763303969324367,0.9637890203090205,1.0199604975381396,1.0471964332721735,1.0445438457533327,1.0548541725152771,1.058079660933916,1.0440869136013686,1.0657363529013049,1.0355984902270836,1.145416612468542,1.1128850540338284,1.1322718960650822,1.1173946769069234,1.2139374616200718,1.2202055328456713,1.2216684394588189,1.3057503895718858,1.2961694761057818,1.3830811853929688,1.3732874930329346,1.4567639960404533,1.529310363462603,1.6241124496754828,1.720219354257206,1.775799698763606,1.8424144641068998,1.9430982814627582,2.007638648856669,2.034604745595907,2.1842815122056702
0.4,4.810901413796258,-0.09021410317012026,3.6164050609844045,2.1309885531012944,2.1527687013803103,2.2786711309707797,2.470269114263565,2.4821073347498825,2.7090720526995713,2.7206711342838346,3.096089699144895,3.190776373005726,3.3630201842129663,3.571038027935379,3.7967283407511974,4.0015033172730785,4.381013388044034,4.773065651107375,5.117314509487697,5.524347378489461,6.023327518316666,6.759879058679933,7.679306329762063,8.789743977652163,10.399854517627906,13.081083698662757,16.987266803192842,22.17567465724941,23.38064966973179,23.983829317175648,4.400949596591181,2.9502727291388555,2.4124153775976493,2.1770585955192163,2.01731486515458,1.8151342564367228,1.7409746260870014,1.6530675332961888,1.557570016693363,1.4941024948576738,1.488951462867997,1.4195573509714023,1.4097965714988918,1.3687200880352033,1.2749068775047234,1.2697080286877889,1.3155112724121438,1.3113747731322052,1.3404344595180837,1.2335056280405967,1.229765644382345,1.2636824729965697,1.2431292284385753,1.2289423440741105,1.1811638802813498,1.1814802264694881,1.2631199365367805,1.21358822144738,1.2207473287326633,1.2571015921482809,1.249481748047904,1.2314905046014517,1.3344416792218539,1.3302350882501544,1.3584143031935116,1.3581393137263995,1.48382792885422,1.4707382439936862,1.5800232747317515,1.5666134819261872,1.6712496680180666,1.8895553053310394,1.9721391406538933,2.081487287672483,2.42724902303296,2.8339748992335383,3.179963280617842,3.661614727099618,4.675247301383041,7.00236001658747,17.28366187444695,2.246154587576257,2.245916190033744,2.24841793106763,2.2536751010577976,10.98312858010595,8.96903793606293,7.498759984621131,6.516263552065054,5.731016277593247,5.006701945487177,4.524893916953387,4.153672953508552,3.836659259857409,3.423520629957423,3.2770262293377064,3.0889817050070913,2.773143598486199,2.6413233294193037,2.564038147723694,2.4477769781428145,2.3564323554991167,2.153098392620277,2.1022017239514947,1.9314022222257512,1.8561547787239228,1.8992936966156884,1.7719338106233113,1.699306402925969,1.6731967891722836,1.673847873752724,1.5093691867564254,1.5214532639948573,1.437382375819507,1.4501926547017552,1.3713660158957437,1.3726340997051636,1.3312576765670936,1.2562485922137512,1.262088092689432,1.1863771934051284,1.1759575798087818,1.1794337083993636,1.1542272148165642,1.094943230069328,1.0741786988602673,1.1618596661142517,1.0864251556809141,1.0786757058367273,1.0053951949713171,0.996384527362847,1.003968954444039,0.9969224303275759,0.9939276991403111,1.0159647923469242,0.9318199960643803,0.9275372250528862,0.912424083154318,1.0065136767998655,0.9932378660576623,0.9254733514607995,0.9173703434985766,0.926365635011908,0.9179313224465796,0.9248856053148916,0.9261017703979834,0.9971019500058151,1.0122676057223052,0.9865668074230268,0.9247050923192937,0.9243516394749273,0.9211715798287092,0.9116889877873073,0.9256299658253676,0.9279660987774174,0.9285185759591174,0.9375560848694361,1.0202605382222885,1.0378765561505399,1.0334146760592946,1.046371574882665,1.093375805982275,1.0811237830331935,1.0983827690016623,1.1512153561936649,1.1670508929779093,1.1587839921405607,1.1645466750818136,1.266318558744132,1.2449310967590757,1.2387773241663735,1.336325431992765,1.3234187721108484,1.4035125335847753,1.4109161032845445,1.4893514825295686,1.494171351455571,1.5644678039469646,1.660278881351673,1.7081981014667187,1.8177724800291373,1.8950040906209744,2.0599667097730086
0.425,4.573151413796258,-0.021369562063527393,3.6063314412817573,1.95474441929236,2.045583327225989,2.1049750739912025,2.280520703552062,2.3091430656445167,2.424788023800445,2.6118089286414703,2.685501829990502,2.92077493831647,3.0562448127007,3.1989021293726427,3.3719791932227,3.534122014040645,3.7846142251304884,4.135632392918197,4.283825874903231,4.705932412373048,5.039064352268035,5.617362841022529,5.936637223204471,6.7256281464310606,7.384683961532689,8.358402942264004,9.876908345274956,11.823936720211208,15.324367374191054,20.575564087985907,22.91535825790023,23.86282725877703,4.333412484244662,2.784996573725527,2.4298551725542152,2.147351646499749,1.8939609121980638,1.818117234224927,1.7257766513347457,1.6422940885006438,1.5896031757765647,1.50292747765083,1.4206027010555298,1.4284930339646376,1.3863987433150922,1.2908342016679064,1.2984073422630371,1.377201700765961,1.3049755785051411,1.3075045056651373,1.223650678445771,1.2200108622440318,1.2167118929456442,1.2489124371539464,1.1627357515758596,1.157498990854795,1.282220585349266,1.191743121275599,1.2298646915977696,1.2349655718414585,1.2321936645567926,1.232539443713321,1.319246484392587,1.2342248572908736,1.354733808623759,1.361147404143913,1.417294407979119,1.4198882565053126,1.4599054150651045,1.536172831298435,1.595531571719476,1.688071267931973,1.8274790497321844,1.9345723595068003,2.0061354428133176,2.1152539986713976,2.4869183245580535,2.6814959002110808,3.21401230823111,3.8386137353287073,4.471335728024935,6.133622070997631,10.76992354279759,2.21554070869718,2.21367772852533,2.214514668515163,2.218056638428825,12.2502671858268,9.615479411349117,8.023071290910359,6.759465322119702,5.830074715439092,5.088659070822444,4.7221640817752295,4.251186559691168,3.7826562807999253,3.5417073287243226,3.236618994219308,3.0360041449055806,2.8706795949696433,2.617745053509503,2.4334809130224904,2.379147539511892,2.335865219757276,2.1379358194183826,1.9970629538754894,1.9115913189138911,1.8535299324426093,1.8144027178834763,1.757772660931324,1.6815471816230307,1.623311922087533,1.585615197256043,1.4969740781039853,1.4957279823388465,1.3333594419669497,1.3793168242319824,1.3108085810790102,1.3066936140364975,1.321004839034042,1.2817706984284574,1.2729746915251123,1.1921857153933004,1.1214639491629663,1.2167478904516018,1.1237536327410198,1.162438090439417,1.1696573566007613,1.1019651536330217,1.0018700676214654,0.9994450876752692,1.0586053954910224,1.0534327056005428,0.9846485194770402,0.9775300978406347,0.9912698274018067,0.8918971908927602,0.9197956907871596,0.9797789654780618,0.979148396817043,0.9933120232030297,0.9089895284474581,0.8981129983447449,0.9146012955124126,0.989731205969851,0.9863200104468414,0.9722784078963429,0.9192261707868061,0.892036432518835,0.9013660441157965,0.8900626480521708,0.9085515977090599,0.9873755232156219,0.986250737695095,0.9788951829361024,0.9843749233417953,0.9963714791370069,0.9677383524497652,0.9930385346913403,0.9944126578656459,0.9837514844156796,0.9878042455427419,0.9924787429222374,1.1518647761514875,1.1450656443217744,1.1513521131706241,1.1648868310301705,1.2169347922907774,1.2105026866182733,1.2155418691049509,1.2347470920121173,1.2414901495358455,1.3105789423380931,1.3195137769841059,1.392277933186295,1.3962424441850203,1.453592016859748,1.4687184201361958,1.5549879252484775,1.6214265685890912,1.7278584994260562,1.7255263248893538,1.7859547531637965
0.45,4.335401413796258,0.06314850584650913,3.5962578215791097,1.750620144235406,1.8492871021999202,1.907114980703945,1.993300265725475,2.1369916949504644,2.246104604409788,2.410038620050564,2.420256029706205,2.6059345346903653,2.7516837522209867,2.8872251743165394,2.993999892818478,3.264852775286218,3.4937338779416702,3.6608693256342297,3.924610352328412,3.9854969053441813,4.339227582107821,4.528529965630385,4.964183008272243,5.284182540980254,5.896974381696147,6.443925847215821,7.165794732251333,8.043548181660931,9.214497873401932,10.92556513794438,13.304761517343131,17.174325592615453,22.03710353733233,23.374952172255387,24.120822423890665,2.616353028267928,2.254698111655703,2.1724418312361733,1.8446225823483486,1.7772675456575078,1.7053710089908856,1.612716064837467,1.5381389407802548,1.4922836699000799,1.4394438336195159,1.3632071868808882,1.3500935452530944,1.4228441412782775,1.338883505571446,1.358328434390893,1.2543810953129964,1.261898881379497,1.2607519867400088,1.2043830595591516,1.1924767330577852,1.2297582733321235,1.2470085936981044,1.2543169330328745,1.1783949336795534,1.2055933308257945,1.191806511847906,1.1980707964470338,1.288623531421469,1.2611402815098094,1.3222736733747749,1.3149955544296341,1.385412671631677,1.3644586133301482,1.439318006507755,1.4161105150051465,1.4625981119253544,1.6195180094825061,1.635568980274642,1.6287428989082302,1.773554348085279,1.8379043212814168,2.045492077463055,2.3544721837170575,2.4701466673125587,2.6415591777592033,3.1799774116175055,3.465281340633094,4.2487627343979435,5.55476660020971,7.735204410240848,2.1881241947612184,2.184261600568181,2.1830686615779813,2.184538093433267,13.584683974853247,10.373768086849774,8.761956783420965,7.306220222127658,6.2145576488693575,5.361881344598021,4.8168576718203395,4.266602225422657,3.8431135676886647,3.517381510117301,3.298230547612744,3.049931302558418,2.8354262238491907,2.620580413027283,2.4299709746189744,2.2965947272178475,2.276020915605785,2.209985559434591,2.0177413584723776,1.9529998090145655,1.8326775545225151,1.760485230797236,1.719002752812118,1.658718830214928,1.6065549657184655,1.591515287207045,1.5614041147118407,1.4521725726351888,1.4373601413116917,1.357134225704037,1.314790868425076,1.3135744962216607,1.2650723826360566,1.268354179188829,1.2084168791266001,1.214399229739216,1.1879298851603834,1.1255156089508815,1.0443827017605711,1.1320990760688259,1.1340836571359423,1.044063038699033,1.0495648973813785,1.1019334996922128,1.0284667167705566,1.010447126688895,0.9434242279652094,1.0350986043913635,1.025690575267645,1.03458103379718,0.9499539447093186,0.9394121768797294,0.9496199892888826,0.9506001814642947,0.9454168436822323,0.9472641130212759,0.9469793522061725,0.9460351889077148,0.953289600176512,0.9466491471368434,0.933272412778716,0.9341525063732568,0.9532433942129638,0.9506389899859374,0.9443701703797586,0.9389178617049186,0.9594692892635073,0.9249596879400037,0.9550653188126395,1.0300652075041903,1.0178750596216144,1.034165467465273,0.998333030474381,1.0214418458771075,1.0313697389065746,1.013791460876201,1.1299517569929522,1.1075498748132084,1.0996832400066778,1.2048613925492968,1.184621812963417,1.2018649886276367,1.2771537379115947,1.2869133512049302,1.3206480193156367,1.313961431159198,1.3850579400562864,1.4151621361262539,1.424949343549736,1.5121787758351395,1.4988999677238133,1.600787841254642,1.5868739290622809,1.6765415377316275
0.475,4.097651413796258,0.15181302277301867,3.5761105821738144,1.7058594196127814,1.7092376071314022,1.8151012620588942,1.9021531398629252,1.9648440892871015,2.0474441477286276,2.157829744174655,2.33926573871719,2.5109356988432654,2.4786879355549964,2.629929058669633,2.843144451773131,2.90036228106436,3.1451633339136467,3.3147200835446866,3.42347925190875,3.605135399799902,3.908590126611522,4.096479075417147,4.385546853309979,4.7001158661011795,5.064271737917608,5.394911161034445,5.825965917612458,6.251849500010257,7.061656799347734,7.941847901932357,8.923999947484665,10.460115212367644,12.548961319059593,15.661925228671834,21.19453392014351,23.103240544222114,3.6563395851506617,2.3989509407172966,2.2048234518089678,1.8867975003836333,1.8181175598497097,1.6872853329266706,1.6086621095712084,1.5132096302705573,1.5156672505476567,1.431478899063178,1.3861143625905137,1.381763795266699,1.3527463321866653,1.3638933880443749,1.271064228474044,1.274821353601197,1.3003794500314565,1.244092082688142,1.1616121767085332,1.1583881579244173,1.2779614822215928,1.2085057067272793,1.187387670370837,1.2095508940845852,1.2090133428949126,1.1377209497364933,1.2382640323601894,1.2447450867274752,1.2802576272519637,1.315518510920905,1.327935137593841,1.3657833469049863,1.349116353969702,1.3571423319482505,1.383764511872217,1.4204541423838406,1.521617402138147,1.5631387750150445,1.7129047237604336,1.6605026727851717,1.7713303051612228,1.928974035690872,2.1860632121677166,2.2644139173960074,2.428323679127407,2.7222110478511863,3.035676782215468,3.6013109524916223,4.1672254468457925,5.047244641395107,6.7468521445392895,2.1625675082580282,2.157531372986003,2.1551392269394096,2.1553764496973207,14.61612775884732,11.525346884617402,9.167887123146938,7.604761336850073,6.375967792882319,5.612710064472858,4.986704804116577,4.279178387966481,3.872927236232271,3.6048680132270716,3.281827430194902,2.988615754897595,2.812297099472629,2.6213531219684367,2.4221410277038755,2.3184407549968937,2.1710018366254924,2.109472272744233,1.9868855303275483,1.9518989918498317,1.8091382022863636,1.7273427522743143,1.763944935469591,1.6552969871800227,1.589134589554423,1.5804311127579915,1.5031181691083508,1.4489187637404588,1.4017828939919672,1.3820202391877903,1.3860455815488693,1.2704409455711325,1.237389034287338,1.2520133821244568,1.1617934947393997,1.1934317751739563,1.2272002833693447,1.1212797173662143,1.1248732613655128,1.1294419487039786,1.0569869474210025,1.062539037051908,1.057282269654923,1.0552570275267772,0.986397331839231,0.9901884358567642,1.0273005513356575,1.02510418393186,1.0242250555580512,0.9960499978682108,0.9956882162605813,0.98670853939331,1.0331023301406421,0.9507497532073633,0.9509883917708365,0.9505415314163104,0.9575114177485152,0.8901573151419028,0.8683681934397792,0.9482201506174052,0.9594459002418166,0.9455548739470833,0.9518079428799029,0.9616532523791038,0.9885202343795594,0.9801473671694516,0.9744611842791137,1.0312113417999573,1.0146421541973392,1.0353203106595494,1.031829235787762,1.0292698558677615,1.0478754263149423,1.0525250302290026,1.1233332650288008,1.1055152754661741,1.091036799420563,1.0960105470722008,1.1179162476649616,1.1291280974147182,1.2026063041259851,1.2895609344623924,1.277133126825093,1.2576509150131874,1.3579890432400437,1.362331007255868,1.3842051526732935,1.4349412890317608,1.438344192627304,1.5090079026614815,1.5449999411556405,1.624024076745529
0.5,3.88930656101667,0.08525618913699208,5.149185410670271,1.6573151593380302,1.6492803785936778,1.7514418777324523,1.830974586145231,1.908087831432755,2.018129633245491,2.0970461448443305,2.160258420792826,2.2713810230693756,2.432130121301966,2.5868069781206504,2.646071985685242,2.763667237135497,2.9518205001812796,3.1094228658369514,3.2018773785198333,3.4864047414011226,3.7259137729583784,3.8421560118748213,4.075014747882101,4.2290475048711595,4.5960490417898585,4.984585053970359,5.341662801817796,5.678252183595721,6.251165904043454,6.778340843407184,7.4311275675044675,8.378299433037263,9.55249840274894,11.250623731623936,13.617416143535316,17.081487125172526,22.0575495700921,23.50670088476497,2.4465367796773054,2.0282650873323194,1.9638114655551087,1.7966255087086926,1.7199529085858258,1.6522464701716815,1.5771437415745464,1.448364356001697,1.443866622687503,1.4053228989612807,1.4083580885121088,1.3409569310244738,1.3443570544751078,1.27227803550056,1.2630648853708706,1.2260731847541142,1.2163008892819507,1.2129838644570217,1.2498087777385483,1.1660001199151138,1.162636335685088,1.1655652266191256,1.1573266925398014,1.2259078380030777,1.2255121643650349,1.15830442583458,1.3036023598160735,1.2139369405115223,1.3158164314041356,1.3763333429470883,1.337332588991837,1.3317065376590485,1.3924425430818528,1.4095693797580677,1.4485774573334795,1.500154701734284,1.5180652669643604,1.6758437345391664,1.684829962016944,1.7848367609935745,1.8850492579693447,2.061652674678889,2.29098599235472,2.3796481453979235,2.6286029399809148,3.0306066814030794,3.1763612743042495,3.684429015346815,4.4524111574884975,5.720920064108724,2.1433026555179553,2.1363070954993546,2.131947023004108,2.130195712657711,20.97927874620683,13.768974316185776,10.572953297869839,8.593733087394662,7.283741442511949,6.198506263509125,5.421934417123121,4.5588912601014036,4.052133404122223,3.674424848291944,3.429480742518832,3.0998515666537854,2.9099753018563748,2.715500858848817,2.5171679412709853,2.299451737876966,2.213789238264426,2.164637699459973,2.12857999536288,1.9088338505797235,1.8017547018305105,1.8357398987966496,1.7449786168852224,1.634819376154351,1.5353433499022076,1.5400934876385268,1.471437157473678,1.461466691045959,1.3998193076945185,1.4088978170684627,1.3231820834897936,1.2624995176025433,1.3195975071988633,1.298504232943512,1.1466140271536238,1.146063714618867,1.1603437996825796,1.105090893527735,1.102348053345578,1.1163921172291595,1.082591721288478,1.078178554883655,1.0642299867489662,1.0870783861121551,0.9907364027731411,1.0081562721719595,1.0104722590847828,0.9920184122358864,1.029753378029406,1.0081033592951651,0.9763352554746576,1.004137685693415,0.9959784870959053,0.9189234675945133,0.9181564817859033,1.0056180162248123,1.0280764535374594,1.0163381993746021,0.9128819155593296,0.9116381854434816,0.9294221609061176,0.9347753372486937,0.9102448166662955,1.0020519655819855,1.010323315831102,1.0145273827695536,1.005435851768493,0.9873397125199466,1.0331796644587996,1.0444858095494884,1.0815362045864978,1.0733760387447464,1.0751982840666803,1.0937651333187017,1.0850111066676962,1.1771332277703597,1.1933614886247257,1.1911341212285325,1.1598311785353566,1.1506858350295468,1.2207708510909503,1.2517251317800773,1.22971734842473,1.2624145596960339,1.4160975338504886,1.4483985211540422,1.4204357964559842,1.4807390156715867,1.507850645609777,1.585376799683813,1.5739260717920414
0.525,4.04244362657845,0.10126643445497992,5.385112786394167,1.705632209162564,1.769614859694648,1.788424163577306,1.8736629558818536,1.9798462062254918,2.051462062719417,2.1202019676090385,2.2780345771461876,2.3999839973777863,2.546359931631698,2.703867648680413,2.6673208864221514,2.850429704570931,3.0343447451503303,3.2372397566446915,3.3272753454437467,3.5868876478191103,3.7835411282338924,3.916270656888883,4.194579353277051,4.348859535243973,4.691688603765073,5.065887328192283,5.43394562673378,5.826977526268437,6.30967751697551,6.902506533974684,7.553963354020357,8.495839944937817,9.620793951782971,11.185264351968982,13.478417806875022,16.78666686553143,21.911446380350643,2.7594704176654474,2.09615110777912,1.941323585917119,1.8598936749498545,1.7116639197875771,1.6051095049703075,1.512623879945298,1.5170868166965168,1.4664503828231108,1.4736314553022989,1.3925204991247093,1.3256515137009475,1.299619523980211,1.2354755468084733,1.2055243574280834,1.2098781538083672,1.2902771899966774,1.2142087052946078,1.214222695814025,1.1143369462955928,1.15333996349871,1.1512266227464245,1.2509955200966854,1.1613220110480806,1.1316895915935146,1.21324980871595,1.2005760632298674,1.2883262042442687,1.2496704253698907,1.2605828967594854,1.3013455259228788,1.3263195943887716,1.3047354514271534,1.3689973161629017,1.3644130346159742,1.5232477569694327,1.5121516544030047,1.578728610859571,1.6564271819640386,1.7111513375806315,1.8415839476369245,2.0062299982453937,2.143511255344535,2.2079673721759323,2.419237211174877,2.716839584321463,2.898226911277387,3.254325777638156,3.706029831706805,4.360273233420212,5.243811192344275,2.1185729784422054,2.111227029284373,2.1064903724535746,2.1043339494273035,20.699191722651346,14.414319634860961,11.36286887887963,8.861638197725448,7.222703865170455,6.109669247534483,5.2818117024950535,4.572191127397087,4.0765557907378795,3.698518788392619,3.344666677592029,3.0981257089324084,2.8799225849350143,2.77829610967253,2.553518578602523,2.3935783384799687,2.2178833138899,2.0494989295082284,2.0136622186302366,1.882454128709914,1.8157775163732122,1.7545915931301654,1.612998242154561,1.6449676098201638,1.574979925454018,1.5804736861392836,1.5095628701014654,1.3973631324839522,1.374595854121273,1.362230004416543,1.309266792948507,1.234359807777387,1.320248112769335,1.291650939666805,1.2414073726979769,1.2450594936867254,1.1569220343891728,1.073449601645887,1.098938627740921,1.0909070053516843,1.0856350377123165,1.0509151569788362,1.0550365578687326,1.0479649077555069,1.065949138685073,1.0596129352746164,1.0555241625175094,0.9775208106418908,0.9684127557316963,0.9940757498404947,0.9696121235465467,0.9658334305674584,0.9813705498582264,1.0291409113321044,0.9891449613598002,0.9753985304674424,0.9720947470269182,0.9731486131849714,1.0652914046998978,0.967600721075513,1.0051055717452335,0.9833665541925325,0.9648370208869649,0.9885434102386084,0.9948898659421966,0.978324017864633,1.0643189244861202,1.0529680860181068,1.0735041306222795,1.051898568392175,1.061525777378018,1.111561412852458,1.0966139028046917,1.1356536159233204,1.1478084109828923,1.1419993986671542,1.1361280867744015,1.2090635989933733,1.2293960586364026,1.2183747845809725,1.2681853955974,1.2737950978622528,1.2710456711595688,1.2991712124313233,1.3804908756414587,1.44371538780474,1.493744876398091,1.5409593615940183,1.5379935725314555,1.6170692873066175,1.6186344183135644
0.55,4.201921356501718,0.07112965293782737,5.54239770354343,1.8166697724458936,1.8914800229233326,1.9635156395649118,2.054323338335032,2.1336165361521537,2.2338182518695473,2.3767800992456634,2.458450977810998,2.6323020294941357,2.7883974472859956,2.8414652502907196,3.0376764581020748,3.0627699266244917,3.3902958113690023,3.5219966950443653,3.6419058489444796,3.9187327585557594,4.054745395844695,4.323131734995452,4.6073071433940935,4.820812483493639,5.15998578415946,5.66561276229699,6.044376240324779,6.571386462412238,7.078656949759586,7.784256706769583,8.726512990014948,9.942671103779746,11.659143042279148,14.118772475642288,17.41650191735374,2.90940518779431,2.1334541756687373,1.9939887478898708,1.800005473784506,1.7366429453101946,1.5956083252346642,1.5379782682018093,1.4845362990972064,1.518135073691931,1.4615921733301616,1.3595038485310558,1.2956772050229364,1.2974159880791554,1.2529286768651693,1.237885614398319,1.2466211145850405,1.2455259604441036,1.1781368992387338,1.1743081008076381,1.1091639918096392,1.148302982435294,1.146218042750935,1.152654275308601,1.2309605398526142,1.2197023109986067,1.194937036439478,1.2016202747530034,1.2096661663840917,1.244541704408388,1.2502327159233815,1.2544334230701686,1.281247882445609,1.3275850813895915,1.3661638896550214,1.4476995301610514,1.479102600475141,1.5250657456378705,1.5899112860567537,1.5626720519595267,1.6736526533498592,1.8102725044373942,1.9171944116400912,2.0434940849370142,2.123219503049598,2.35666266611227,2.4120604863240453,2.819901672965814,3.047768780963739,3.3957267888971834,4.060180977106358,4.670192484684839,5.675797535229829,2.0869885571036417,2.0799159768771665,2.0754121466709856,2.073449445691453,20.54148865451183,14.144646829717352,10.99837984525026,8.496049797430773,7.1558829604887055,5.964589755023235,5.1848235185130624,4.459759257156939,3.977421788384662,3.718609732303653,3.389383786819071,3.0842145742793994,2.7588016374776534,2.6857552876201867,2.454605413615761,2.3575304351951285,2.1091826042631867,2.0378304681586727,1.9585976680688442,1.9138260161880767,1.8445244738087079,1.7275695153941317,1.6333917054461777,1.6459656035069872,1.5755726352413344,1.4205912291864653,1.4467893098203788,1.3939074270970961,1.394122102333017,1.3508459225330807,1.3331521046851829,1.2966972620905088,1.2996298328492246,1.2364949172426174,1.2091930210612158,1.2197783839030918,1.1876092544432117,1.1939264700237469,1.1237720408768515,1.0505515729476085,1.0493425067166025,1.0317500054386057,1.0443489922103881,1.046093292995189,1.0892732100299292,1.032444111450725,1.0326295417625564,0.9982933047080547,1.0192215714754098,1.0014454091302036,1.011625920308688,0.9193643712595849,1.0152390989152362,0.9857581264742431,0.9874352195019677,1.0038246757213112,1.0150462948039187,0.9941497265333308,0.9889026595366252,1.0069644150208423,1.0115435636783305,1.0453198761930245,1.0204448171872134,1.010592073958319,1.0117625089496936,1.009769592659321,0.9829296922753035,0.9845639642776307,1.0306892658221465,1.1167703229582295,1.1193153838051606,1.072323252517837,1.0970064845662881,1.1791170558801232,1.181782742605005,1.1925898242754709,1.1518055028433833,1.2328826701733413,1.3298188478162687,1.3319288781979133,1.3391172783067191,1.3469239296119564,1.3391290839848766,1.4186286039923792,1.4615202926973998,1.4349765266821848,1.6050929387585016,1.5930331850283204,1.6130976497606242,1.6955198915810488,1.7242496697833731,1.810295186422518
0.575,4.364338344215881,0.047454733928799134,5.782036289107962,1.9965287755217647,2.0847818216188725,2.143507705926457,2.2478196463497904,2.4061758308453656,2.461346787427853,2.6418070245005296,2.7839432420533248,2.8854108657726183,3.0554539673769274,3.229933880774251,3.3699416169531466,3.466661156244061,3.7659519181822882,3.976348439074768,4.110343029197148,4.377996254206096,4.525839072524549,4.9134481320636105,5.229973941957019,5.449822787720933,5.991534554356449,6.468285858492761,7.000493876659264,7.582026507766716,8.483407125080943,9.419840814280926,10.771150365645177,12.42850537958597,15.086040845492354,2.5999745687805693,2.1055252613621787,1.9141707656828566,1.7915914673189361,1.659743797757263,1.518414446177345,1.5530477221166685,1.559687238497829,1.4155405879951575,1.4091127345907701,1.3163053815628596,1.2647522871537686,1.2530184084207117,1.250164230007112,1.1860692778461517,1.206945090274343,1.1202328506127266,1.128389390343176,1.1071227996290256,1.1303719179061684,1.1229204026639195,1.1598758082225145,1.1846594050239874,1.1269564826185194,1.244988208211807,1.1753248314579965,1.1855602071959264,1.2213848870201702,1.197812927353796,1.2302907586635916,1.2758326272091278,1.3190517287878711,1.3184233790215785,1.354066989304776,1.347997163484911,1.47092798492278,1.450978369078202,1.5600028387607703,1.6008399189469846,1.5730883561813938,1.7079736897906912,1.8642279512509912,1.92980898961076,2.0553926461913994,2.256512914868254,2.323698229390285,2.754066223026073,2.948850137733379,3.029769271304531,3.5150714611193505,4.036142377358113,4.9379773380401994,2.058359960036423,2.0494304336317763,2.0430573772281435,2.039201514583817,19.77017931216547,20.901610351975037,13.085575300766653,9.949781495301318,8.061383282979211,6.654101360580297,5.779399418896858,4.852458270345925,4.255541130575802,3.8438939325350225,3.498956711472971,3.161830808063773,2.994241998465745,2.6716742914272436,2.6000916574791972,2.451333397000648,2.211423757744033,2.0170022811390695,1.9223264173726973,1.8302646924251695,1.8334477067032233,1.7888333023864857,1.7496839235577188,1.657509381344077,1.6086726026559,1.4623269976021454,1.4764009475612936,1.4360251941128204,1.3689737408451017,1.2953207705599463,1.3244822707115549,1.2412049775142433,1.250471962361166,1.1713266120969643,1.1504636956476002,1.2043821621302326,1.1473085708953892,1.169941387101237,1.1004472835102883,1.1041083496306587,1.1015084573228562,1.0997883534118327,1.0321431257580373,1.0500184393896905,1.0157494659769477,1.0421455197801492,1.0492300725763808,1.021259933538551,1.0103280367136183,1.036721870978269,1.0202153269931262,1.0319055409015885,1.0300077430161028,1.0290735122228707,0.9461901821094161,0.9158153151398397,1.0281486055149451,1.0060350501518895,1.0250777627419405,1.0279419270625132,1.0090933703621658,1.020111264498406,1.044964264713403,1.0302275160340038,1.0629538413391348,1.09196256926993,1.069958872632569,1.1036296865159114,1.103187405110147,1.098375774351456,1.100355279570631,1.113836327419906,1.129858910065906,1.1191457918722496,1.1703705300325928,1.1779357135234454,1.243439239835872,1.2710258431233228,1.2852620680737163,1.3204968526356222,1.4156959748968425,1.424928433006847,1.3790801103063475,1.4002106533599983,1.4345802917589707,1.5080909065903263,1.508881437866769,1.616624817991729,1.662616548420563,1.718429679919212,1.8099900106206164,1.7973556120944452,1.8895005171004091,1.9585125349995849
0.6,4.529467172430216,-0.006964700901880872,5.235195168112649,2.237981952849684,2.325694966474878,2.4403421820432474,2.5115935602979915,2.650537419302898,2.841332907256739,2.9858034618907685,3.0019066975517026,3.2312282346776326,3.311938035769201,3.599215108005226,3.7378929213079743,3.851299080627782,4.113461891969408,4.2871028083388705,4.532492100287554,4.823125536637416,5.0924478366545705,5.323817473108563,5.823817689317966,6.214224096133841,6.672649836644749,7.262909795125349,7.907157437366941,8.74101225419909,9.826688906167078,11.344593999202665,13.483732683149237,2.6925169978711527,2.05222467864398,1.8719890262895984,1.7228868814839318,1.6078485879515643,1.5802737740500992,1.4946753493917952,1.4144447383934233,1.3755849732417238,1.2902345966612403,1.2884087407135683,1.3124955495403006,1.215317735082008,1.2331339560054033,1.1321910272776463,1.0827822252038335,1.16564376091238,1.1467538073995465,1.1457814758800746,1.1551215841478648,1.1627508275516787,1.1522313131502824,1.2160539596877857,1.2073519003591975,1.1453788706482988,1.1560864755172064,1.1668628555886786,1.2087909636539467,1.1935613348223997,1.2356936594895722,1.288570071275413,1.3024700164949319,1.3398049399538083,1.2536878018473634,1.3399585374367513,1.385838796173184,1.4316652412665123,1.5794294957275783,1.5710243845318903,1.6453331710749057,1.8113937683017391,1.8648606965561614,1.9957783735246273,2.0678409310107595,2.135294448281392,2.285949745439013,2.511459131051493,2.7330461163779645,2.82595567336424,3.3344063167478852,3.8628786555912824,4.472458182183081,2.0287376516369506,2.0175780244672317,2.0089756494014686,2.0028770678330603,1.9992447118533192,19.70446568419368,20.941960057632432,12.682081749822988,9.464643114296528,7.6847281630999715,6.510327016386534,5.584030787431012,4.763936203409058,4.1990910145359885,3.7395543773698448,3.3702521424178467,3.0177978941913604,2.9216053654789618,2.588776570883272,2.499312889539791,2.3617327934192707,2.223105260006225,2.0400291836925075,1.9129075884553348,1.8096962268759242,1.7284879532725836,1.7322941268770504,1.6365778282502677,1.5921469741384253,1.5682036034223632,1.4352383105477446,1.427651496463145,1.3725364459621514,1.3976639183537238,1.3360779931207563,1.2985193966109099,1.2644999519286435,1.2309169129057185,1.187436912411348,1.1988065212618446,1.1660720224605914,1.1442111514317324,1.1681438193796745,1.074410675036726,1.0965343242658045,1.0970715849858002,1.0831732533301563,1.0632913223396785,1.1062722330626158,1.064254325620286,0.9704863210039556,0.9688823609038673,0.969922163328318,1.0606537781870415,0.9821771188881723,0.9732727001133502,1.0404475800467852,0.9882052373297392,0.9721987984091536,1.047338057942246,1.0580233431673347,1.0609302730798216,0.9629292720484878,0.9767054351050249,1.0457542927313654,1.0574553984289665,1.0581568247962494,1.0773407428116406,1.0555810869806386,1.0776093142326009,1.0545294509881502,1.0550577397798677,1.1640727828391217,1.166067014724452,1.1436345073926926,1.1265312447993607,1.1250627414436802,1.1402605986830439,1.1302304814963287,1.2211430483667796,1.2271330006035202,1.2118405537103905,1.3166786286422643,1.328495522979204,1.3741305273074598,1.3916050773880149,1.4199924549546754,1.5267413923053366,1.545979782120001,1.5286024377447895,1.6137402359060529,1.6094876108520038,1.6336552674769456,1.7603119811149741,1.804296081529941,1.8947535292332747,1.9394687496793839,2.004576495423128,2.051745397940132,2.1456145304104415
0.625,4.614550742031422,-0.02751664929627754,5.349526046824635,2.3650228880084763,2.5369849384550562,2.629937729400321,2.7893019831125807,2.93713923787045,3.0405392764385843,3.1125014595344513,3.3758808762065446,3.4715605847711952,3.7209567186653225,3.869932475218758,3.9155121098160257,4.188893212584508,4.449252505024046,4.679413458082339,4.936642142289669,5.213524732153337,5.580404803469981,5.9327037814983745,6.308805912331012,6.788634696905885,7.400621802142797,8.03531361909579,8.909707070509855,9.863814742560361,11.57745381994861,2.7668432902731084,2.1252500867282285,1.8934012672623535,1.696638952060299,1.6287706193421734,1.5983647672027068,1.5353338414890365,1.392857253241844,1.3155541689824692,1.2995381488345326,1.3129441659025214,1.2476083856179356,1.2241674360612327,1.2094727950588464,1.168598024957093,1.1465640289174188,1.1538906970938019,1.1548476128006206,1.1662154597386305,1.1596887695759088,1.1155588811777635,1.214451545422921,1.1156193493027304,1.1665256667555652,1.148734786107517,1.1739722489739404,1.1406464272137682,1.1623476701314694,1.1977764198845733,1.2132986742958578,1.2892789383768022,1.2805164564631661,1.320082667040803,1.3486545902341571,1.3530584806515378,1.3607974018795839,1.3936967802200004,1.4450834820833334,1.5887896873775715,1.5581424528056653,1.7070693418692369,1.7944077209431082,1.8844188077770934,1.955992908063449,2.0973762909985756,2.135967573812132,2.325712088460961,2.512324036539564,2.7521037450759462,2.8225062027046848,3.352916779160739,3.706804515761865,4.352844376257872,1.9882469858382408,1.9767232737919236,1.9677168122998914,1.9611714906855364,1.957046915812894,19.409609643435992,20.628119502620883,12.847859276384861,9.639291850439577,7.62874722535984,6.453215179173546,5.53176732750151,4.8593029460710015,4.009752137318781,3.874592484171408,3.505115396091203,3.057654644104625,2.898856767080068,2.5482446955125564,2.4723684682048623,2.353672312475244,2.2179638418279053,2.0322103100262754,1.9270125196105934,1.866894235154663,1.7517007144575512,1.6599145811628147,1.642293387644228,1.6132806341288075,1.5949619059879294,1.445140162075919,1.4452125991281717,1.336760993385222,1.3390215358597666,1.329837419621342,1.286235812428071,1.2072022575500503,1.243235651273639,1.1543700479997816,1.1644774022945177,1.1516708490458332,1.1527566621099596,1.1506806301662487,1.0756459784949761,1.0567942516466564,1.0926545314415925,1.09277095578903,1.0720294183606456,1.0593250820524032,1.0663191433919914,1.056603802536495,1.050733886582463,1.0468426849153527,0.9766809794765197,0.9655719154678695,0.9655864121071386,0.9904244915957996,0.9561514687865936,0.9648453164972981,0.9662677142007976,1.057411380339617,0.9691340968009746,1.0591965586537513,1.0664748053033373,1.0405545270942838,1.0485416543122663,1.077192088073873,1.0416881921767218,1.06475204833313,1.0484273611256216,1.11798586505312,1.1667358317111696,1.1599674118872345,1.1370304507981581,1.134061531068578,1.2400331587279008,1.2390161655111749,1.1954620999966417,1.2097763836974726,1.229658087162737,1.21631694681525,1.2957892360598915,1.3117694899654124,1.3042179037977237,1.457468550194207,1.4210278425865452,1.4989091468625368,1.4549676275916972,1.585796339244911,1.6071506816506862,1.6843441545370388,1.6407071009927685,1.6634135251805215,1.7720847100987278,1.8755786807524235,1.9722118252998355,2.0654017123506145,2.0847785660561167,2.1512835901601,2.194814581920685,2.2778086678737988
0.65,4.701465017656862,-0.03977432945547629,5.425746632632625,2.520170172565403,2.70994406486425,2.7949070758067647,2.9491756697712352,3.0923905318422236,3.1944248000927327,3.3577228197966984,3.5528837258933184,3.7562904417242198,3.898331162504313,4.0981558555759365,4.341051850359111,4.43499996109159,4.734446305567249,4.985954175026924,5.328461436116139,5.527396387281211,5.900744891016029,6.448045518557221,6.693654504392967,7.457005548711637,8.00149273600039,8.710071419546457,9.833352566125377,11.134580918411128,2.2703164675486756,1.9656579178419247,1.7232571555501877,1.7068480508980635,1.6463335864735966,1.4922858553482683,1.3657744404390875,1.3401263704318942,1.3187695712843244,1.220261576266689,1.2173861787759137,1.1658398921316269,1.1577588802023329,1.1729209665419222,1.1608288246016192,1.1767350398202663,1.1632426423523121,1.1296762283661521,1.2286896591872511,1.1510158392795058,1.1453346849139157,1.0906306685410974,1.096562936327929,1.1638946188935344,1.1887884289765704,1.1765593312377196,1.1702498046197667,1.162303395750996,1.2417361325402658,1.1997087554450994,1.223653657268405,1.2912749226209128,1.2928808885072363,1.3046664880005538,1.3741629811590594,1.3937823150836668,1.3908008366912672,1.4396345122156065,1.475300487526268,1.6546466762775212,1.6971254816770858,1.665161878795647,1.7940497879873483,1.8898730754856514,2.00074055848882,2.1148124567929236,2.3183351902355365,2.421256797056424,2.6120653230832214,2.9702857059320107,3.1054304784248297,3.6053688874119048,4.10155430270345,1.950394829269894,1.9377691770708685,1.9276402379938666,1.9199445048587203,1.9146342578141593,18.808263841274215,19.84757910993997,14.165409914472571,10.831129541598786,8.29165512223927,6.928640089021911,5.818669799642943,5.032757078261459,4.4283533125358305,3.922804413977937,3.4266579727030027,3.1512721503724728,2.8255993839321656,2.7701436426680646,2.4319141196892513,2.400213906777612,2.191368528201605,2.1244757168225155,1.9195639468595784,1.7848174659872535,1.7141115364724768,1.6237863716939969,1.5139801448985453,1.5586285306935839,1.5042589726661115,1.5444429599491551,1.4208465743613101,1.348473580793313,1.3551600420338619,1.2796628971749224,1.2952872450944541,1.2176947810004224,1.2506511100649338,1.1717508297231378,1.1734233328613417,1.1753657014381558,1.1064516459007758,1.0913213001880016,1.102307883075154,1.0894803592343758,1.0897471409938824,1.072374443039949,1.0764828515491267,1.0714339909008244,1.0823578064737567,0.9762691290948888,1.0659955342976672,1.0605534352819816,0.9913678617143248,0.9758327202279085,1.0595091201666076,1.0594047507086741,0.9927179848813941,0.9868716240031787,0.987352804720509,0.9918789189483331,0.990032502685551,0.9694828938759019,1.0739804637783978,1.0675959218179973,1.0641542897934926,1.0570066909983,1.0859029227741452,1.0755467431860095,1.0682488503749503,1.0568571957118444,1.1122342566980579,1.096795846768716,1.1677154041810616,1.177496252868534,1.1697525799975426,1.210839035627135,1.211487562926074,1.2269624037612614,1.3089847006711108,1.2761857906197613,1.2806144722718062,1.2800997214762475,1.394671383957706,1.3861466933130693,1.3918526968443343,1.5240417510355806,1.5237933085355067,1.588602734874518,1.594121123200521,1.6904658048441485,1.7321635060180531,1.8150768450785444,1.8089865428169423,1.9758452448554722,2.0556345415076103,2.0697515800504274,2.164053298521945,2.1823918340638424,2.3123846309861347,2.344765733888824,2.4296549822215794
0.675,4.788619491801924,-0.038574253359983775,5.500745365502003,2.6972512020761754,2.8637887698715394,2.9911561245254017,3.1555373112759235,3.2921572824760297,3.3807652091958,3.6240453062482287,3.677255141391079,3.9552025526209746,4.137510381239041,4.356854899718294,4.544701736137442,4.79331841481209,4.855787973948947,5.25761864398257,5.458311787755718,5.798449022898773,6.087360074800181,6.643158707938121,7.261187595685981,7.676879896167496,8.42744724204719,9.318431029681486,10.497562140329116,2.251687135492151,1.8666351717987422,1.7368192030817402,1.7445611054362775,1.5476838808969793,1.3911369200453145,1.3891727451613463,1.3989330646536993,1.3400999422851863,1.196006163067706,1.1909114902458433,1.2439512136972621,1.1881056369831873,1.191651119443056,1.1835152284251218,1.1892512513589164,1.1776325228385291,1.1750513799188973,1.1731342759825247,1.1142872527803178,1.1137960860406468,1.1259422386014306,1.1325031438500426,1.1284345237353883,1.1936979048270475,1.1180651293712869,1.2237039148658937,1.189795923039612,1.193943402013549,1.2267832268411554,1.1833341385631622,1.2737420932946828,1.2442476248282799,1.3376180096419121,1.2911224031344655,1.3078970672587993,1.3765392378805161,1.421202675584696,1.5499552120035822,1.6666364297660266,1.6763897012829216,1.7272326194108159,1.7602541927128086,1.8739000240202368,1.9113542439406161,2.187824333455418,2.2140019746446487,2.377384150116927,2.5470789986297486,2.6186395640465103,3.0014762932975128,3.4120121900450875,3.762136331313273,1.9158640579265478,1.9014932431957094,1.8896223440593511,1.880176091016381,1.8730953909963997,2.3548724801167604,18.926275636425313,20.04143290586964,13.577681022576705,10.310815987453736,8.162408912545095,6.569537642926687,5.645803479805782,4.808909845994963,4.234672351783913,3.821493353895381,3.2823693495666983,3.024459527072299,2.7055097377761026,2.697926909398701,2.4514194970401073,2.2422843780628554,2.140175858130804,2.034163350075817,1.9472662356100705,1.8306197567080484,1.7063762614512432,1.5924400484888352,1.5402830643038183,1.514633851116159,1.4411809185735112,1.4117119827314522,1.421198091992809,1.3230053244854079,1.3241087403558163,1.2765974721655815,1.2666120757517632,1.1937485587799377,1.1887005290536607,1.1885614051059654,1.1219026299763648,1.1416219399230614,1.1090718329502842,1.1056118597428084,1.0967485746451424,1.0895064196422544,1.1074851136216048,1.0176541232084964,1.0175935291066749,1.0024855147772957,1.032194572036375,0.9940581485796292,0.9957298228826637,1.004456024371942,1.005921421610765,1.0033502590276209,1.0119633004504078,1.017322972113413,1.0336700460904957,1.0205809190256865,1.0199839183541408,1.0216311824741835,1.0173284957639748,1.0060189369068246,1.0169825883792567,0.9990882027362138,1.0050526403245998,1.0792659889700271,1.1175557439936132,1.0931459611539538,1.1157926612913733,1.175462391414675,1.0946833985908868,1.1150642117115461,1.1464513081531493,1.2169208300120877,1.1961893142194757,1.2617809205353259,1.2811896464311348,1.2343694012183652,1.2318043852684712,1.3433124274205581,1.3354061666259749,1.37615621636982,1.3803945614977,1.4437533564260012,1.4965648044106423,1.5127242126731775,1.6616122127586375,1.684834114931516,1.645866310106022,1.764801814878985,1.7885656700396408,1.8670937310031837,1.9240000783755946,1.9488075639361566,2.1655625583958305,2.1420818856367476,2.2454092084385096,2.329089568494504,2.376375968525044,2.4294369270579654,2.578016046011181
0.7,4.874290541216407,-0.07296311590543023,6.2614916514666765,2.8103698349709076,2.9846138808629803,3.0716451736811345,3.314412775366284,3.4103829267501653,3.4756945191926882,3.7359945495630167,3.812769838641991,4.021276326428657,4.352162880931435,4.514303252605558,4.638817570624102,4.877175999468323,5.13395744908991,5.35658848269732,5.727258233693905,6.041923911196041,6.390343466558517,6.852482501072588,7.459893093596779,7.911523053610745,8.698444535152603,9.645609645629944,2.312211264480943,1.8166785152096374,1.8107599137143457,1.68881427200423,1.4987943762960987,1.4940944268132645,1.4326773143389573,1.3181089083663267,1.2503405410669357,1.2491014953174098,1.2116553137491162,1.195754944810688,1.2422726096303616,1.1880088263613025,1.1808655883581407,1.190439565018265,1.1458951795575327,1.1430549745337355,1.0998001553386225,1.1214185287809306,1.168443519436862,1.1346971022487158,1.1408475828508324,1.1445879610287684,1.1408041959971642,1.1879411633971992,1.138654276973974,1.2236344534878296,1.2148938084822938,1.2277214201880935,1.2729729788601871,1.2164174435454573,1.2953079092966404,1.2628340872990549,1.337906696724295,1.3323943890422725,1.329684662520708,1.5202047869070214,1.481849288240381,1.5873355012871082,1.6269718714173171,1.5989131761679436,1.7691635550265608,1.8016166259307211,1.9121873822352633,2.0483156782510443,2.1812070405607726,2.2772978291124284,2.3756881697203265,2.523214009248533,2.816325802052833,3.0377765219552346,3.403701240663383,3.9134263257772646,1.8680419947288531,1.8539497125872741,1.8422970446186553,1.8330100674255465,1.8260306605752348,17.50228429137483,18.78616880883057,19.88271699179689,13.60905411528946,10.303473717412807,8.085309114334212,6.589547039173142,5.5266065352737455,4.651881231274356,4.1858074932883556,3.67253324104357,3.3315559557431573,3.0272479970431445,2.6886373110003308,2.628343456192669,2.454835667144696,2.2221369602986907,2.0416247757509405,1.9818789845951754,1.9072429322649052,1.8188591587979634,1.6804275765871064,1.6577323030330833,1.5557096509802473,1.5099551573245726,1.434153041887584,1.330465923178801,1.328024596508098,1.3507396807973526,1.3186917129274174,1.3014628893252678,1.2944225876476507,1.1982363388320918,1.2138770507303807,1.1447350042094673,1.1033592745479377,1.1332664590458599,1.1085858046633101,1.118237493369963,1.1187239311268686,1.0257435237027364,1.0462919805596886,1.0379325942390194,1.03386348609639,1.0270066309590755,1.0192209286041336,1.037606323655286,1.0278377089947766,1.0261488056545487,1.0385796228134032,1.0185821157185904,1.044526098786392,1.0192394620945682,1.0253578053219439,1.020621151283404,1.028519055908182,1.0321255702146883,1.0553202151803964,1.010698117525573,1.0310559221968931,1.0206279428548148,1.0346762459562862,1.0316167253398392,1.1123223658541193,1.0228444397624585,1.1068012008316213,1.0970684273895568,1.1078902184225314,1.2322348334500086,1.2153350843278672,1.201478588316099,1.1968651808626856,1.2886277893684954,1.2905436010380027,1.3409171333208552,1.3415588072048807,1.3413806686785428,1.4844745973439042,1.4214001078627683,1.4430041920296024,1.5437278686885054,1.4808166652430024,1.5712317476675552,1.6573148967765532,1.7549294165980747,1.7420294991428964,1.8122815770726899,1.9250890760253516,1.9304152914415842,2.042392761158713,2.0298138014898828,2.193858416247759,2.2324940191055065,2.3658920088998663,2.4417329111516226,2.4873722673013723,2.557862893413701,2.733488333548388
0.725,5.036509043105954,-0.07309276754639014,6.358375583766438,2.8974969791708687,3.0535479085045263,3.1851062509479715,3.3591951207292556,3.5752218871789583,3.6217293288926755,3.9100227609410725,3.9502766565160745,4.13621097787843,4.480174655471175,4.6055842905361,4.733475585202109,4.944209506198028,5.329845660997145,5.493523537965574,5.833332074136049,6.119079636882308,6.525205196782001,6.98025966777751,7.561437204041561,8.102630254778429,8.7982799338881,2.4527094920137986,1.932686481805143,1.9238266194611624,1.6240860840305347,1.5429225844449947,1.4943104671544944,1.331983771925254,1.3450134836670335,1.3277699383732544,1.3024557450714136,1.308260897435262,1.2228994855894033,1.2365184323914746,1.2300316898842272,1.164056362507298,1.1516602179821367,1.150435112964963,1.1531759585500945,1.169569704943861,1.148874721123546,1.1536839731961976,1.0892860031530127,1.1585963970095863,1.1517277283210212,1.1455647735028212,1.1582979658471426,1.1321359361707428,1.1573278898620392,1.213988861211395,1.198084606802831,1.196330223537819,1.278294696103452,1.1973380403333342,1.3408058803154468,1.262064905126431,1.314864892414885,1.3931113796927652,1.4316452939648356,1.5122103341847835,1.4876325558639953,1.566721765168259,1.6476446618912741,1.638256188425825,1.7089470359645953,1.8163989284269868,1.937706163585524,2.069284989346929,2.1588428216328763,2.278837716605769,2.390621213981995,2.6375247122078713,2.789618486367608,3.130556016389956,3.4458825295019384,3.8007797914975963,1.8192441014630152,1.8051350890647457,1.7934122302522177,1.7840009660326566,1.7860608729599126,16.995548573685422,18.53076108401792,19.551957775915508,13.921774899927524,10.917448853861778,8.168709863093268,6.708786151329865,5.412035881673003,4.875989635495788,4.135889780357661,3.684860960906223,3.256600151889827,3.007689328789828,2.8145734820306814,2.5112260526217987,2.4686595990292663,2.214312536071932,2.0168483801934665,1.9203058109787958,1.854072449193221,1.8113081911282785,1.6865088322273516,1.5700457020209442,1.5217389944276978,1.5207131464182095,1.3695703804657884,1.3086338965686968,1.311092234526264,1.300891107573598,1.2786704744840072,1.2797417333446994,1.2837054746227,1.1990088306836995,1.1560201588774455,1.1585848352433696,1.0866835378168425,1.1578707296358766,1.089254577875095,1.044882598856309,1.0485972801353318,1.0584155303419238,1.0722176120594202,1.0455719327779336,0.9756103904113289,0.9623539105489393,1.048652987745626,0.9796257717820964,0.9687736532262803,0.9679801558832141,0.9783102799230236,0.9741230380639357,0.9834981657748523,1.0490326252110749,0.9632555155168305,0.9762073753233348,1.0564057458185456,0.973822682658956,0.986786211920076,1.0624037685878644,1.0492514487504083,1.0612340083402534,1.0820904580075603,1.0469336123931428,1.0534479664252785,1.0592099110116677,1.0545294094106312,1.1788485574605576,1.1041485107836775,1.1383421049702245,1.150597997981482,1.158116386230331,1.2771303872914823,1.2861924446428732,1.2633833258128104,1.27818326861302,1.3816112039919695,1.4033506557556485,1.4130599670715676,1.4140694306994084,1.5669467390063663,1.5811471998624569,1.5327163579282335,1.6034995417136244,1.6795298059602537,1.7510332937949638,1.8241090649122285,1.8479552658230594,1.8941058055901516,2.0748245911062715,2.0662235259694945,2.146836506156211,2.1838648448874793,2.3810874480076563,2.4440025152420644,2.524552288926041,2.590657018322978,2.693466991960299,2.8126008188248033
0.75,5.19318409942069,-0.07009421578632512,6.455259516066201,3.0049506107727004,3.171499893723144,3.245576619140597,3.4153255186715024,3.6557441443236076,3.730301723221561,3.985307507890982,4.038058099013126,4.240075352872483,4.565333131874983,4.756515209430971,4.896568030329544,5.106713924890696,5.3621790235071485,5.562962167970597,5.928763725567089,6.275874425294692,6.605684659659425,7.113646438465742,7.651609938495249,8.19671116303721,8.878204998375383,1.9876384682247807,2.0078024576775393,1.6067518036653536,1.6293124545421718,1.475948051493619,1.3769330875587795,1.3866349476760005,1.3078936044299805,1.3409793843593216,1.2760985598262289,1.2746625333073354,1.2746214598056143,1.210252985290936,1.2532227127345918,1.2132419993984542,1.1540098849799152,1.161025612089276,1.1576113296856472,1.1500766462096363,1.1485474027240894,1.158787567281241,1.2091749622075723,1.1625979089856056,1.1562771199411108,1.2061787373567248,1.2034523910323265,1.1643253373743507,1.2106497156579274,1.2042699149182603,1.2137803540211236,1.2097546767604752,1.282727381114457,1.2106380165676058,1.3535949023034262,1.347598104836274,1.4316631232791768,1.4720902289678044,1.4496086605225433,1.5383868558274396,1.5248483477875125,1.6150899569840977,1.6931428682668923,1.700737343142008,1.7305215056575967,1.8849339538550123,1.9671448274257355,2.061877851952428,2.117562697233773,2.2092967324098685,2.349815217088691,2.63961251705742,2.804894962639039,3.073598454738303,3.3520724018902435,1.7852156705065343,1.7683149744480795,1.7538488257784601,1.741723036671297,1.7318600702507265,1.8521090918487513,16.62884128023917,18.01136818565741,19.12870288007764,20.0997064118308,11.778037610132277,8.436325037278621,6.723083028383656,5.813163165289126,4.880926031181018,4.135710116228497,3.8585782895762057,3.3518736705463392,2.9631444618877194,2.760535044775673,2.4683990565917417,2.33237137993242,2.333830835884164,2.1253013075000857,1.8755705897928023,1.8038831924006613,1.807637975421143,1.69503160047499,1.5906116118771347,1.5895821218930024,1.4360414184106296,1.3676882825499563,1.2854555330650002,1.2892449403843713,1.240265555123112,1.2220526153510052,1.157514647737948,1.1301182042077071,1.1341180950335708,1.1624617923420821,1.1482834244570423,1.1575037054502888,1.0893934048518923,1.0841398660222008,1.0483130735319317,1.0619704952533313,1.067481417761895,0.9757698322019016,1.0601042406424916,0.9947912971222901,0.9869358108012494,0.9729285689807126,0.9637302092151352,0.9759890025239429,0.9631674285514468,0.974073145638873,0.9727818657465482,0.9588519682627618,0.9836863771682846,0.9702115613187423,0.9806440859304681,0.9623650458468129,1.0549646724303912,0.9740539945179053,0.9858552070478598,1.0567876383278139,1.0555215544245224,1.0470076054743975,1.0560319713523465,1.0656406047498996,1.0851999280339546,1.1575568189056584,1.1821242921558646,1.1499365206974665,1.1289318652594464,1.1608300609319295,1.1487617380923354,1.1933472161098957,1.276781979281034,1.2666846202551136,1.3424341378573614,1.338018776179797,1.3164273701057772,1.4354278701790115,1.501770152146343,1.5840431831433155,1.5535700162015604,1.6549519712401357,1.6583714752031369,1.6573318916266186,1.8470522114256887,1.843201624051396,1.9776637269749426,1.9659811653362478,1.999432532424668,2.152540054765754,2.200466582975588,2.308320663327522,2.4497834296134107,2.5418929325317534,2.60424459913902,2.7086375850144524,2.7903710471278584,2.8750505566868862
0.775,5.343029407272902,-0.06247126023074752,6.6005854145158445,3.044676981199577,3.2125904497671134,3.39334515944309,3.563916192288068,3.7130033292932527,3.8376850446694717,4.037137658245683,4.165571838054726,4.416484648405374,4.594243179017811,4.8438062924941425,4.983240290378207,5.238748236513906,5.474206282655487,5.705038748318525,6.0689388616557824,6.337521363021234,6.75097410363721,7.121678737223231,7.76994688702914,8.291433206694812,2.1184920214538794,2.107682297836488,1.6814736333973874,1.687515687089275,1.454260636737087,1.450216569642944,1.4490122414281799,1.4811226657667613,1.407661697509845,1.3520152567033388,1.2715160444538796,1.1821712351812403,1.282134074890934,1.1993169976048392,1.2245799866692377,1.209821263666363,1.191854101065223,1.1698469753856273,1.2046429954819928,1.1884609569338445,1.161332560409377,1.1679389386657941,1.2074655106245842,1.1543707878071243,1.1564581760011288,1.1953246975155005,1.1910945978171779,1.1498781022266154,1.1805486904518707,1.192394231490585,1.2281252482154263,1.3040901905218925,1.3624143129036728,1.3465079106341369,1.3881077130598978,1.346068110902018,1.4136701699435157,1.4080293666107995,1.4057986371616626,1.4917737806282934,1.4797759620970938,1.545589281387397,1.5969742794687092,1.5886851455205622,1.8418494729267705,1.9003154412503056,1.9797257863438384,2.0178829489688903,2.130545058393672,2.2242310726433736,2.4605207522686494,2.5669656679373114,2.746718246876545,3.058152865726308,3.332797612475733,1.732336771488195,1.7149198202123617,1.6999008250775365,1.6871811028183037,1.6766786843732557,1.858808718104892,15.980440467768515,17.42786081983937,18.60003623680215,19.649033331079757,12.507939337409962,9.266421310193815,7.294438702531519,6.0964612479871825,4.926538009773091,4.272460008569384,3.7381405141871755,3.302386157986033,3.0278027186131515,2.8100494311831987,2.523756465634706,2.3038238539646603,2.207958071961324,2.0340749001145206,1.8572273677770696,1.7460489300024793,1.6772132242533033,1.6337471049638743,1.6723270242872306,1.5450878857233568,1.4711312043821039,1.3478408345152655,1.4090501527482546,1.2851490776330645,1.294025091080469,1.238041774958577,1.2115683078181643,1.1690540538071859,1.1622491264400114,1.0894854719148803,1.0632848067321192,1.0666766257297144,1.061831002196328,1.0927658991596365,1.1099904215045644,1.0722453009211137,1.0519782737297056,0.9669242585771477,0.9535772579633346,1.0551809534520122,0.9760201058258541,0.9698552961697349,0.9794544965926341,0.9640477893261995,0.9787616885959115,0.9819467294624113,0.9773631700644345,0.9825916490440189,0.9707554050852897,0.9451604807123964,0.9667928574541261,0.9871856169913519,0.9747815639235243,0.9731380230537885,0.9722727816506397,0.9882665232277128,1.0417207351084168,1.055203756637454,1.042798537646215,1.072813157231023,1.0738395436157855,1.085537540825297,1.176474955292135,1.184165421218216,1.1577076895076155,1.2421914614470375,1.2087630705441403,1.2087727644350745,1.2281348064979425,1.2430174526309605,1.3026243124100376,1.3463816409456562,1.455165128155006,1.4287279239364121,1.4884367357295551,1.5562089104318966,1.6436715527023675,1.6218830499569896,1.6949206624677522,1.7502983471660258,1.8166324153662194,1.849574180119282,1.9248967444865248,2.0743573106408455,2.1297033115477024,2.1511909055229372,2.2546219555257436,2.3624795242282337,2.442656724021763,2.442015022908678,2.706880367583261,2.8005299810972377,2.8425016333774473,2.992516417232383
0.8,5.490438964565315,-0.055886554349937306,6.555173153086216,3.213405591653961,3.266768926677952,3.460230362877557,3.6163312216234416,3.756174414996332,3.9513363336276255,4.136372493537413,4.236065457017887,4.511085887641602,4.675241769091618,4.881077208661715,5.099288315928723,5.2964133857399975,5.467964253184948,5.824875245162553,6.187739793628093,6.46338347621928,6.872792332583529,7.163835071069332,7.676309255002796,8.199861119076502,2.1962016318955255,1.8058371479596211,1.658568565371669,1.5645054184153688,1.4894153363201597,1.484919884633201,1.4289443630745506,1.4887475278390274,1.3223270264321736,1.3372970793275183,1.347679460106516,1.2592809128802496,1.2787720399117872,1.2610105040746789,1.1869091596511843,1.2671426536402874,1.1985141674624868,1.2568905392341274,1.187777558753393,1.1973685446414808,1.235417561294104,1.1989304740251103,1.1930643149618523,1.2283376723760273,1.156190201871683,1.1976585434685851,1.1990686730924163,1.2263252371162656,1.2061346222836915,1.275201920905317,1.2798228436796713,1.3090516667364058,1.3926542432572728,1.3247799686633934,1.377214877264229,1.3863686003343014,1.3766635092203698,1.4541398790753088,1.501829028888636,1.48780763736291,1.5843479960518492,1.5532748534171317,1.71302221635788,1.688215804290789,1.7811771976194368,1.854532033694269,1.9661335225720116,1.9531628820274383,2.037239587206782,2.2926278995921088,2.4314661647086875,2.4749882764121165,2.740028572174418,3.0186557601860917,3.1560448500352067,1.676134583934625,1.6582001372269473,1.6426262637022655,1.6293095392378458,1.6181633574149363,1.8443251699585534,15.014790922487153,16.85719045287497,18.11444590550706,19.106824830188483,13.807574350622621,10.066539135003131,7.767064883549941,6.333012410017447,5.032952899690291,4.49289551306036,3.9843656082618746,3.632200225974411,3.103252789356993,2.899736020461949,2.6207286732051474,2.3805176269461787,2.173134881018176,2.090723182254699,1.972426159696786,1.884967763431475,1.7207173549078405,1.633874247893653,1.5817152221458257,1.5138205333482888,1.4325432639262643,1.4552282569979165,1.362279892278156,1.3568801805224022,1.2748125783591242,1.1884299302091943,1.1747130197364082,1.1564352299698017,1.0598333300566236,1.1022664685031982,1.059831862540266,1.0444636757825174,1.0420110802799747,0.9871248109544173,0.9615989012807483,0.979662303035251,1.045140519428188,1.0525088670347083,0.964121103725968,0.9796193139041792,0.9659993105667036,0.9704181353993822,0.9886174901464564,0.995518264288201,0.9770561532847626,0.9807023443011357,0.9806587503864967,0.9758154358235444,0.9680813389139716,0.9779703783473369,0.9912399098804834,0.9593374135848248,0.9623405469719891,0.9745611421327725,0.9725586791882866,0.9765847770411954,1.0042000908565676,1.0482579870404003,1.0483112988376904,1.0583291589528636,1.0612050618597848,1.0859405420833814,1.084870175367786,1.1668514585524379,1.1794000835735379,1.2467697332846095,1.2416918981150726,1.2003519792511737,1.2922438578740711,1.2781280907988746,1.2773192521960448,1.334527445628631,1.3979562574472737,1.4183361996377195,1.4180211066389785,1.5082917816462849,1.6037627585867855,1.6079495088295515,1.724781038849883,1.8113998118516998,1.878884406476004,1.8995797364957532,1.969839834266199,2.0542876125363643,2.1038800146785945,2.264460208051726,2.329096160724958,2.401900605402834,2.5338937340446086,2.5552975554322064,2.777853208520744,2.8511576455794123,2.945090231196175,3.012760176402978
0.825,5.614882056885945,-0.05025191950247096,6.627828240719356,3.272789655497724,3.408576843236972,3.5314301977727753,3.6882494898744764,3.8737005577323345,4.1381394396849736,4.172488293150174,4.451537329929168,4.571125288323097,4.756715052139914,4.9858114683208825,5.137152778488476,5.4050847441621,5.575670239741021,5.982878004881055,6.174386487015459,6.52834973971036,6.96451970668887,7.308464389705862,7.832181846226878,2.2758268349642132,1.9015769851124926,1.6733087513032252,1.6921702207533242,1.6023108156380015,1.5192241377664624,1.5220930743366703,1.4446884098690054,1.3929819233255594,1.3937166496540596,1.3127729490002686,1.3184850700949697,1.229504433676488,1.3333287862286658,1.2410209025823202,1.2483304548503407,1.2601727560588873,1.1963091554502068,1.1975404440705102,1.2591932984361298,1.188336104794515,1.1955803009529669,1.19939393310014,1.2038160617384248,1.2078249042781828,1.2159208680456717,1.1867646242040035,1.2717566184472957,1.2827910300263072,1.2729894066746166,1.2588104103388538,1.3207792742973636,1.3428972360684137,1.37202880867341,1.3004147517600961,1.3883044465049101,1.3601268243104412,1.4146069644380093,1.4277592351330235,1.4845419644383788,1.4806849976116392,1.532301590069597,1.6208894708818653,1.7044998747522686,1.7133460031977399,1.7889051736886274,1.8450238184095875,1.9234799240470306,1.9532448113597283,2.018697436177892,2.289110144844667,2.355340746437067,2.453662987226368,2.787618673604365,2.9610889785073304,1.6372770709151119,1.6164850139786118,1.5981378084730824,1.5821090517329826,1.568291085140867,1.5565931522077465,1.8188755516014399,11.749804100663601,16.19323530894148,17.47752346896705,18.507817609070408,19.652867537856427,11.53311596603354,8.330318325072364,6.740277842093909,5.408738205647699,4.617449303358482,3.9631278543056347,3.5164951922517216,3.1245653546445142,2.8292393727158247,2.5545777741227043,2.4970955236426273,2.2573909727420283,2.067600606970666,1.9401423060628946,1.9036845637630495,1.7433994228323924,1.609657143873974,1.4965205954498657,1.3968860535755565,1.4404476902999497,1.4367715189079584,1.3269702753464336,1.302438681997432,1.2090543953862811,1.212758888676726,1.177819396338622,1.1646818161410901,1.0773918888688638,1.0995090620423498,1.0880538493770675,1.0099420470876344,1.0225509783636961,1.0181600066641534,0.9847148092866879,0.9726515996789139,0.9943309943150856,0.9064328071357969,0.8893808723706442,0.9996731535747377,0.9864917933644214,0.9752686293179027,0.9795300683271401,0.8953052675731799,0.996219860462358,0.9831153179546042,0.8930269129233607,0.9119333604539032,1.008305849676736,0.9903261697866704,0.9163706980657065,0.9929277632043789,0.9821356845344522,0.9796442401275658,0.9844709540646255,0.9896269421105423,0.9824569159437869,1.0156688042019952,1.0119052105681527,1.0814423844836594,1.014062396051242,1.0959036837242924,1.1031490939554176,1.0856742847600036,1.1606929233533865,1.1336603176016293,1.2120309579310977,1.202881030799961,1.2016135039136144,1.2559037946819274,1.269978951763781,1.3402188143446676,1.3875098632321694,1.3865047564371726,1.4301839308624889,1.5283005773895502,1.532997935482939,1.6619006388865207,1.678397897822436,1.7634149999407016,1.9104339251924591,1.9057248309784223,2.0130591339222983,2.009326708712641,2.2009636521939124,2.2171164751811343,2.3266432867429088,2.393311896602834,2.5699617283894476,2.665916485749912,2.75193547586341,2.927886731248368,3.071730886700463,3.162473686882473
0.85,5.734849050338141,-0.04335029942981748,6.736810872169065,3.301412226532141,3.4824837261441477,3.5790478939595096,3.732758086366662,3.962809559359675,4.174086273424145,4.28370022218538,4.538142681829255,4.627481278328157,4.797104062657631,5.039858535982011,5.2484726149906775,5.493895255329359,5.748946396485761,5.949864399783935,6.203711289611827,6.578128895840181,6.89467393212799,7.439247143749485,2.439383399144166,1.9719052317900407,1.7490652774703557,1.6736380539744664,1.6818525189031128,1.5908317491394832,1.5774537480889164,1.4418290401667337,1.4499596054636854,1.3784622910489244,1.4087240947352082,1.3409453375009452,1.353444329904347,1.277736196254474,1.2661986626480812,1.212253463970605,1.2872317688113637,1.2573395749752974,1.2085220466678628,1.2045876340618484,1.2266845487571685,1.1727527184053725,1.205466217962871,1.2256921803792247,1.227774610983107,1.246519638653488,1.344511007937524,1.2336082136516737,1.2443005695798224,1.2889888415277309,1.2836696162041616,1.2843659659788322,1.2860858771314065,1.2761780575101818,1.3606551715998558,1.3497354561802721,1.41307288099855,1.4096626795932943,1.3956343738312431,1.3875295757292423,1.4548078804980589,1.5706323994182045,1.555634030029381,1.6353402072275296,1.7069467623281787,1.6827310336867576,1.7552486311581366,1.8492496735660988,1.8310231659486849,1.940446854690925,2.0908411869632357,2.159492702947922,2.3526274004706935,2.5464291511810937,2.7254694187325734,2.878507075865538,1.5741377422267164,1.5532429514917503,1.5347416446174629,1.5185048755434567,1.5044224624583438,1.4951989431567148,1.792115874993889,10.242518103065576,15.172404604052787,16.84116401126655,17.995660163014115,19.050157982239604,12.557969391430618,9.40919762351919,7.2872005706911835,5.672295231012452,4.878855332250682,4.357198480837157,3.577688972569054,3.3677150766069524,2.860603949112657,2.7492626445339328,2.3690216921935128,2.3729864271871826,2.1678108431384624,1.9339077503630462,1.8089007162298671,1.8066509581665189,1.659425460228613,1.6142254687470337,1.479171217417007,1.4128580109457507,1.3128758341295559,1.3271068712701917,1.298079200599733,1.2667975678148768,1.175956784106914,1.1782288387754654,1.129594041299771,1.1381327867343545,1.05013435281743,1.101787727921552,1.0797827383649474,1.0681214969142638,1.0013299867521763,0.995553474225171,0.9513059012826566,0.9641229067317645,0.953020795036745,0.8738735925360662,0.8806537773539151,0.9714696781765716,0.8847605237704298,0.8747228556663478,0.8739613744913397,0.8904519860331859,0.9546698156197794,0.9544775912177371,0.9603230289589089,0.8818694105769441,0.9757194341260327,0.9568733106837806,0.9556626456207512,0.961170658778014,0.9526403942635875,0.9606596253997152,0.9911521309274891,0.9807687876188111,0.9620974513302343,0.9990406586701863,0.9850313303241809,1.079552527674392,1.0339563141655381,1.0808835288972913,1.0611715970080975,1.0615058905628214,1.1337008509990474,1.1654297055755938,1.0894193301750716,1.1860591160757417,1.2558009806090786,1.2754537423555874,1.2688091944155062,1.41395451610154,1.4525044389013568,1.47082024568624,1.4459228396370183,1.5941071172977017,1.6654098938136075,1.6646610200426317,1.8181895950449327,1.914757163672103,2.0256668154010056,2.0613434168977007,2.1105986781033974,2.187851627267347,2.197029734213889,2.4819956776481282,2.5443511651623987,2.711910499491847,2.781763450677349,2.7955997124394756,2.9926776962923527,3.120734597752929,3.1998576616078593
0.875,5.850739416829143,-0.03887337489948603,6.809465959802205,3.4037003308192904,3.5616938009798123,3.6654498707301264,3.8925786064360097,4.031454956028822,4.291958624866844,4.395833254419544,4.6115164965624516,4.723322394476429,4.963321631276617,5.1701445956175816,5.380015113362647,5.59770162011648,5.827965875687528,6.057103727568438,6.3082277655987875,6.665143383968995,7.011804524903907,7.512741815964117,2.1162975868871903,1.8502884232513284,1.7820004827732165,1.7795868384339737,1.6891053736811528,1.5552771204740699,1.5593443461743435,1.440896668051136,1.4986710587826129,1.406971863405177,1.4494318623996816,1.3835368862662565,1.3448722031547378,1.3482299730408804,1.3364449953766486,1.2828030334625742,1.2622874666404342,1.2579405194133189,1.2109853467512426,1.2850165522195387,1.2733554476484406,1.2061256634249935,1.22383107817187,1.3001109850557453,1.3126524767387544,1.2465547149946792,1.2660249954824245,1.2653684108391094,1.3240962705595007,1.2631540891964093,1.2609611418450755,1.3430685214911757,1.3097486047542066,1.3475061723794508,1.3230970519077654,1.3224912410310368,1.4111181450606003,1.4109059487007365,1.469706558818229,1.5465869760265387,1.4895710771303494,1.5601710166414384,1.6337607229071591,1.6260928577363003,1.6995875651825174,1.6579563565206352,1.738756728415825,1.8440382149547918,1.9849670208171453,2.018811437251048,2.0920879847906306,2.1343461569963122,2.4279753388920113,2.529067628722826,2.6195194572675966,1.5287977121432967,1.5057013956292788,1.48507562549614,1.4667708482781916,1.4506583590856945,1.4366279564360938,1.5104196208918563,1.7925009155923866,9.216012262364647,14.475206018110056,16.19624904845243,17.512469077564297,18.53389926589933,13.934530109153132,10.521474572618285,7.55608921472788,5.898597951965849,5.120565726838313,4.336861556917112,3.7476356140325144,3.2210427369121493,2.9698389170147625,2.6799848231166754,2.3490291626728297,2.271765894801785,2.081613370549798,1.8740797384939787,1.803860186070307,1.724940608786101,1.6641792635030022,1.59008194209505,1.4664269767735292,1.4603380194203344,1.3939945935624631,1.2687579752301763,1.2638786310684236,1.2294449519382977,1.1780525122394039,1.1821922055261833,1.1731999275360083,1.122113689580076,1.1017370698314966,1.0396910781876008,1.0544174545865883,1.0566178005145903,0.973690546435311,0.9672653402778667,0.9780394173920633,0.9345692773106197,0.9338319490875362,0.9379333431129487,0.8696783924334369,0.840247390220335,0.9312931998985595,0.9517239044156884,0.8505195288556386,0.8659904690860128,0.8605043024972086,0.871913454808566,0.8754910840841083,0.8502184644392756,0.8573498875077312,0.9381165840834402,0.9308037716136398,0.9336845394740951,0.9717734605311433,0.948439680894067,0.9490083718142558,0.970113231033169,0.9703116920522548,0.9805695927770647,0.9763373225806675,0.9629188449456325,1.0628387078530592,1.0555118162871133,1.050888172376356,1.124454795033707,1.0886339116537298,1.183963086824458,1.1576912474828545,1.1511926060248256,1.2353814052751404,1.2524218402857483,1.2939659568860953,1.2768192491505777,1.361716804283515,1.449801117415767,1.5953863008610085,1.590276018522965,1.5895592134869012,1.6635422661745392,1.845018043202634,1.8564855423031141,1.9200614860798568,2.008840264429869,2.1594395341854904,2.3148391860003428,2.338447823486156,2.339204539010625,2.6362329161755014,2.664640046674835,2.8266200192883253,2.876284539995718,2.986150832599389,3.2451210974537457,3.2821785602466163
0.9,5.963073595558938,-0.04021142942316418,6.740255192132871,3.559316582890471,3.6652589499559562,3.817892929293732,3.9671443293271067,4.185614077385032,4.355996129417941,4.53371352421617,4.729771340995394,4.894492484646625,5.053509669454745,5.343347014584859,5.574109852022592,5.766206173746468,5.9966312901407575,6.251273233399418,6.466390398285316,6.817647120815563,7.071706171990779,2.281641521301645,2.038458749556378,1.8956053377177104,1.836375209324724,1.8266119983404647,1.6955134525083115,1.6376189229625033,1.6326305264523169,1.4924608944817868,1.4992017345181945,1.4293049832521387,1.4330927827093913,1.3851053215452163,1.3660665041574036,1.3512795187428512,1.3458671821828192,1.3161717325576112,1.263042884609959,1.2761095363128834,1.2599284611644774,1.3253561327993988,1.3271821156420107,1.3078714183954228,1.2520873085858135,1.3541394951156185,1.2682066934236476,1.317102958410648,1.2565884442513098,1.26447962583773,1.3488206671470653,1.3198034161590675,1.3207078360153859,1.3323373167169215,1.2659183671469139,1.3233962306758276,1.3003447258152594,1.3143189648218576,1.4859123979431643,1.420781233378669,1.5081753752643323,1.4574080689657278,1.5689639909720086,1.5564626979687,1.6376464532116835,1.6174248895398868,1.6959623142806015,1.7705885629809048,1.7611507219136933,1.8853873915428967,2.000042909819718,2.068226411174643,2.0520911624027733,2.1560350212143433,2.4437767232706418,2.493099474755807,2.5741845731917143,1.4550292595206182,1.43254955853679,1.4124492022740465,1.3945813053397307,1.3788193452913222,1.3650548350218408,1.5366331201366046,1.8108583083034444,8.636839208389363,13.592885386328778,15.794486938171339,17.11065934204646,18.135885448807485,19.161738454863418,11.244593133541594,8.195906451869217,6.303230928731977,5.31621509723444,4.461419472009456,3.664771790541977,3.422878167130396,3.093701227135686,2.578716885169721,2.40179175959605,2.257060086560206,2.0472064556287646,1.9316618353113963,1.9083496196329581,1.6332819329229473,1.6082673555876243,1.5144090076685774,1.4892259880684002,1.4657257866454636,1.3619837301652553,1.3148218721659568,1.2156296125426664,1.1350147132451904,1.1359084567400086,1.1252460484904292,1.1196439963483755,1.0974900062247566,1.0872433625589388,1.1179143268619507,1.0365369169699135,1.059476435863462,1.0738007258163325,0.9769039683202956,0.9837162670184524,1.0033415612591168,0.9299870663811911,0.8808295091327998,0.982414164973448,0.9156774501646081,0.8691446412788494,0.897868691901101,0.8921570565831253,0.8677312991910325,0.898968945410215,0.8796180343212441,0.8699726498764191,0.8894792721468288,0.8998704889332798,0.8931240105686494,0.8838170846220709,0.8783465070108631,0.8908570130545956,0.879756921400195,0.9653709441258913,0.9735581615825053,0.9752323468258177,0.9640458629746405,1.011141465004129,0.9906521249245297,0.9976259082006321,1.0572333381698416,1.0103993440534744,1.0315315466318602,1.1113287431363537,1.0981911363812498,1.1622241776075801,1.183750063975246,1.1501593279083833,1.2162132542849826,1.24275322181378,1.3220818584454805,1.4009198878641649,1.385934699345713,1.5486291761201054,1.6325192314043586,1.7384427044628634,1.7527739172267527,1.680440654313001,1.7933465144534035,1.8802354132954244,2.03275663540188,2.27267399797503,2.2570238136989813,2.3877327521845575,2.4576676728560782,2.6334977781669124,2.8088198972015217,2.8467346025982434,3.0547153559510503,3.090529678516497,3.3087475267260342,3.3950735233203644
0.925,6.055106999056274,-0.03888830125797901,6.795810275631684,3.683599992674785,3.818852046438681,3.9073019353108456,4.074352237780797,4.275107253098048,4.502750069141361,4.73053955018572,4.822035115536329,4.963169701034069,5.278406920178429,5.506990139991318,5.664773826121938,5.904232503414925,6.103820963851852,6.379498729677854,6.627820472807375,6.914760264102492,7.276514012275845,2.1507495854982124,2.0306516726761625,1.9512718836830796,1.7910294401538729,1.6883335870181009,1.7074691442132433,1.6226026567655945,1.533263419887156,1.5627776127256083,1.45619155224907,1.4830482707908483,1.3831900271102844,1.3936612454738335,1.3239669314230413,1.3229369233109871,1.2889887532588495,1.3097541582963637,1.3799260000771554,1.3929277902056905,1.335066142926328,1.3215151339277018,1.3536636111952707,1.2529801412099022,1.336043399099635,1.3249126683875092,1.2694835700452152,1.3417767094563071,1.289506826021277,1.2626847886173829,1.2667438062729839,1.2731159631096236,1.319532973367024,1.3169105125322125,1.3581033787277288,1.3962965147683386,1.4094863490060572,1.4296394308161071,1.4624191436119953,1.4516556161064829,1.5259995738900143,1.530774335486021,1.525317682705551,1.5222593585405395,1.5380395619818692,1.5916141270475692,1.680932207319853,1.8263895624888535,1.8073271520754477,1.8495447450890354,1.936603964798378,2.006828523911632,2.191120781247113,2.31750029188607,2.4332420058127755,2.495149039942168,1.4019012859691915,1.3776078351661287,1.3557662670885149,1.3362096318529717,1.3187936682041177,1.3033939994539154,1.3684143861630718,1.5651486556977598,1.8305550781477749,8.419538889129953,11.797684366677617,15.249213093088416,16.598011205299954,17.782956289911503,18.721846554146953,11.788897909517262,8.52841770478442,6.43746771206004,5.209462819055397,4.354150555570823,3.889223258758103,3.3672476343136144,2.97151730889831,2.799176128420993,2.4846817329097943,2.2575494305050494,2.0701638355259413,1.9774699257740358,1.8761437613434684,1.7091512311708468,1.606007516569162,1.5057337488151683,1.3683429913630158,1.3935932112567078,1.3695192244614742,1.3491565228754117,1.2023074746875182,1.2022310835985193,1.1182801767302126,1.127620713895282,1.0496966960080611,1.0421489545593532,1.0431150720965392,0.9382776602178157,1.0223372650323899,1.0291783381659536,0.953622437914243,0.979771886629767,0.9657623934182887,0.9414939308336462,0.935989020949284,0.857058074218958,0.8608626827446902,0.9441808573723905,0.8617566022196872,0.8618524698809645,0.8638870376108765,0.8609120381799807,0.8401402198587907,0.8597489861044867,0.8558216061855866,0.865666615613174,0.8492721651783982,0.851046247262219,0.8659123531379431,0.8737615582948245,0.8540026394792625,0.8594484207402995,0.8567805514259753,0.9458989156079358,0.851667757360269,0.8686547969899828,0.9438750961126532,1.040109146481884,1.0227426054566107,1.0149234413259747,1.0305360572451678,1.049263467743521,1.054991392049186,1.1222537074047647,1.1299734065097746,1.182091218646723,1.179773917019467,1.145511165997481,1.234831114454284,1.2337205594062495,1.3064410729590783,1.437453276912922,1.4502761017169064,1.5296269189824523,1.6585149650894044,1.7427931556236742,1.8687252044425435,1.8754780944626772,1.9770672046349342,2.077036759490937,2.2108477090133,2.2832367710056793,2.42980038617547,2.5397796783624194,2.6255292669068995,2.7599354032987358,2.9120970078642747,3.1132786856332033,3.2237524800084985,3.3135259484670954,3.5168836296708226
0.95,6.142973600975118,-0.03641344555967133,6.879142900879904,3.7283955694041326,3.874038700393655,4.057221918286186,4.2303475954685315,4.385143195905157,4.59024975595413,4.843271817837253,4.9823189684392295,5.115289890772749,5.395646852747382,5.662804368104947,5.794410385374302,5.996299188877957,6.235445078858452,6.565848542890452,6.778688045757373,7.128810419126386,2.271796790866221,2.1440976164934833,2.0500098635203243,1.8505073112871295,1.7984331320841125,1.7425973414418456,1.7568445085248796,1.6276773684832269,1.5517983790291847,1.5746849885781005,1.4804800394169715,1.4778274016599051,1.4009519691660255,1.4427336243840545,1.3748435254909765,1.3729128117465859,1.4034310959539709,1.3755786111223207,1.4047668336826282,1.3870293759981351,1.3288282441207773,1.334218511072466,1.276155439811817,1.3320467725519238,1.3263133928965656,1.2652443103151636,1.3564741924693458,1.3219785291764277,1.2499876464359203,1.336671537608764,1.2608207007868786,1.3137096107176944,1.366375233167517,1.3306779384908258,1.334410997040546,1.4101405888906744,1.4099809106387184,1.4880631737095673,1.4683532062989502,1.4548918351717122,1.4218577258421494,1.5278652834212343,1.5146158639896083,1.5660557956885635,1.5634858287217266,1.6916507205868834,1.7453705018726424,1.7449363647688851,1.7565991501829303,1.8525547963435818,1.9277010581920342,2.084690522162738,2.17033023047007,2.298457330356216,2.335796536744216,1.3466002634865066,1.3205498851465667,1.297039117094931,1.2758787093937032,1.2569049854673027,1.2399764548492334,1.2468339097539984,1.3956584117069544,1.5870227824163727,6.5157377667634355,8.095294388322912,10.354068297064568,14.99412013583545,16.272339444524718,17.390034766629594,18.319478236608518,12.390834448535118,8.91038677652465,6.696676858265857,5.49105935025156,4.666399004673154,3.7962465543039134,3.2798222018432037,2.8740459952025468,2.7324208425310745,2.424278678796962,2.2303925840600836,2.009020457198947,1.9557509801032444,1.7644989673400517,1.6790220016757917,1.5560698677150928,1.5013553884535558,1.3982706217227547,1.392545535434593,1.3065561491933764,1.259711038090944,1.2835313879714039,1.1708127389440086,1.1808256633024103,1.1193154430669527,1.1242618726762765,1.0595545354629359,1.0440965314849893,1.073305885976076,0.9310204548408315,0.9449206166968727,0.9420255664977251,0.8610356795457672,0.8677536429367555,0.9220661476250751,0.9515471811645455,0.941367474955034,0.9473781321524539,0.8613444212460931,0.881782135057363,0.94779921008922,0.8473398879561008,0.841446626480928,0.8438132323456864,0.8496427704920115,0.853174256114132,0.8554776753928075,0.8446964198019132,0.8640015616194815,0.8526952206213689,0.8796726928260883,0.8547798189397806,0.8558165543506974,0.8602444768504878,0.8519625285148809,0.9416028334044898,0.9486034910787556,0.8525040913881884,0.8589776954408415,0.9350516533567329,0.9459818612572382,0.9880978907785324,1.0567809202604295,1.0490608531448007,1.0358699777959675,1.1338218344638558,1.102125037187034,1.1640180140878227,1.1991510561300192,1.201625682208739,1.2629728635643473,1.2720444970094222,1.3913730874545942,1.4378628391296862,1.4306202203436496,1.5628770666347063,1.6994029671675352,1.739464799967574,1.8571808187788366,1.9680244745282032,1.9678785941746666,2.177477413571624,2.3478335390814653,2.5618914608697025,2.605468833164207,2.6900900361222413,2.916180861791978,3.074371190575797,3.1286441072054068,3.302937026781564,3.401892737999811,3.6695437873490975
0.975,6.229221616178691,-0.03431549254525045,6.934697984378717,3.8697812524989557,3.976382364556757,4.201873969886869,4.32845492988176,4.569610372450288,4.720462894895058,4.991898921303196,5.085767139769932,5.298982722239958,5.502322297652771,5.814307586016086,5.997116849751738,6.2084281776815375,6.429231939187549,6.7191985667376795,6.916349768380685,2.625922119930838,2.307113432071396,2.1802947269439956,2.029586459431886,1.9483886194124487,1.8400685124111766,1.7608672193699766,1.6966739317353896,1.6889098121966186,1.5653437951933866,1.6014039268134121,1.5243170116769986,1.4188179579558418,1.4405382542124532,1.4596673492723329,1.5013161646192836,1.4589201616649494,1.4681627352478,1.3726788582608482,1.4023662401324724,1.3158215383503535,1.316389056048032,1.3320507230498633,1.352631900897141,1.3138863333935755,1.313033521022974,1.310991509958308,1.3358893159371792,1.265388121548262,1.3234760940858081,1.3986259121265665,1.3356169641932143,1.3680149692145562,1.4192353161076061,1.3408730503513184,1.3732825643266873,1.3546340560596135,1.367284939272228,1.438191507758513,1.3755015874201901,1.4321960553338184,1.4900027274361758,1.4787336154150732,1.5028078074916293,1.6342849576116478,1.6722267084650593,1.7200333006769375,1.6988293073201552,1.751910787528574,1.8577769299462061,1.835106353477427,2.0046822227851413,2.0798915881990876,2.121164668015684,2.243009022136589,1.2885323458387317,1.2608422988365204,1.2357918118290225,1.2131671493338823,1.1927836414037052,1.174481586098891,1.1581228886876191,1.2709496966223386,1.4163356835099534,1.6014839055707382,6.357215598274889,7.696956074631643,9.80257047648034,14.226768252362431,15.836879006676629,17.085786894551376,17.965972542047822,19.009099697056385,9.579020507309227,7.0279580049535175,5.697736778192106,4.644793145068168,4.033026176575426,3.591744168533674,3.053182647013914,2.6453857368048457,2.589452034894113,2.2677036751062465,2.0979107922119127,2.019131016471876,1.7649038053844954,1.6624220495022444,1.7028065779250328,1.5437441533548448,1.4404559457689707,1.3079316474333378,1.218045356830638,1.2222939818271912,1.1436735796166613,1.1894537796618208,1.1447808237384507,1.1354686985639229,1.056005732567286,1.0692323814560505,0.9753417556450089,0.9779634795608068,0.9807174662509751,0.9772624799789454,0.895603094174224,0.9126060908772533,0.9147091829378883,0.8922775450641798,0.8750572640726387,0.8887842855962828,0.7952983058112211,0.80960756736861,0.8829666750689372,0.8725467564908339,0.8717707852699257,0.8680594891330035,0.8629246998074448,0.8666373169820378,0.8729131719819996,0.8692737316074589,0.7898171444473955,0.7894508963929155,0.8695257820295751,0.8850935885450602,0.8698569783262058,0.8644495335972067,0.880964317525633,0.8947823864813037,0.8751763909868352,0.9034868437049688,0.9534076418543759,0.8713187568468457,0.9032306165610137,1.0046397447879765,0.983319051339877,0.9789520160784172,0.9830098558480245,1.0637964922350351,1.037006131432189,1.087533801987472,1.1862576822712456,1.1844644220611433,1.2145466349264424,1.2858007015611606,1.3264956930597083,1.3800053103082484,1.3977391026700592,1.4539721508037262,1.5950274505197595,1.6952410696336235,1.6787915362283965,1.9002895019254777,1.9694396881847287,2.1189677595197485,2.1361341482705174,2.291224634918684,2.4786973313239136,2.559891675417398,2.839441554776136,2.850112606661991,3.056069611545459,3.2071981494618633,3.4847058257832653,3.5625341204849548,3.7418928260905586
1.0,6.313038650091069,-0.027849574491687675,6.86330477577532,4.014198692906335,4.116827377562207,4.311116057491237,4.478982696734614,4.657051833003046,4.923720114623741,5.134900405294121,5.236412770237174,5.411562626454878,5.687849251888318,5.976138106575499,6.081027178226718,6.297009034373313,6.510557119844765,6.8441941226630885,7.121659943882583,2.4979466117986,2.302018989451285,2.0948154150782097,2.038891136658218,1.9618381890525831,1.866222246719581,1.8146980604118816,1.6650773070410676,1.6830728417545107,1.5958491084806536,1.5369081480504814,1.513565564132588,1.5661060531332682,1.491644288114554,1.4890406375593284,1.487196223156968,1.4453345315892716,1.377866090018704,1.3768129261683544,1.3989454096859406,1.3135615015589304,1.4210059801406847,1.3416608061750375,1.3329903992874959,1.3137605132395433,1.27340564870429,1.3765757297223824,1.367177002339042,1.3486983385672697,1.3123758177850393,1.3957812464517614,1.3071912594372188,1.3823858837990282,1.3102852597374568,1.3404664332549958,1.3741238402878757,1.3837449593130646,1.4575495292032226,1.4131832153940325,1.4513461415799,1.4635526093552367,1.4592472592472265,1.6056991122589996,1.5650722565989064,1.6375166047707546,1.6057465678671012,1.6843275261941149,1.7523077815014163,1.7253712261782823,1.885730972871,1.9058964489115822,1.968983899209224,2.026082140959112,2.095719424398474,1.2269329017272068,1.1978832853953243,1.1715723358186663,1.1477611897002835,1.1262439711895982,1.1068428768192682,1.0894041677050135,1.1727938554226212,1.2879687605453267,1.4301617117881518,1.6098530865072365,6.239857183717761,7.420706318666027,9.379478499694402,13.636930061677624,15.422254958431662,16.646036807599845,17.552307167124656,18.62386051562619,10.323237866563872,7.249496375341543,5.676531735039582,4.807208761264833,3.844103669137647,3.4853378590648947,2.988809031314697,2.6964975517096272,2.4753442746745025,2.1950013531810115,1.9930100411573495,1.9547282317800918,1.841912673799305,1.680401415016302,1.5017025982479495,1.5317192236881265,1.414086354783267,1.4008375027824598,1.2821626677664797,1.2723576796131983,1.1958262488840574,1.144340177880439,1.1060243096600602,1.0282739391258207,1.0311769839304925,1.0958624013658433,1.0738414205459772,0.9805584649242989,1.0030168033697062,1.0269862508346914,0.91786646609034,0.9029488059082944,0.8931873676953195,0.9010981254422934,0.8122511574141167,0.8899622621606491,0.8821039345336843,0.8150836013628147,0.7977269650690582,0.8071526067619602,0.8013913656404249,0.8171703347961182,0.7974436101663275,0.8190873527046232,0.7909280073426886,0.8060973868811013,0.8760954802163194,0.8752355628017308,0.8235360581520164,0.8094736709487013,0.8976471428845492,0.8908687227432369,0.8151842302362571,0.8913417022402184,0.8998904148184836,0.8855704348099743,0.893941967677666,0.9235930262508837,0.9744717178890169,0.8895052473805369,0.9333985672945917,0.9929862406806504,1.0031293115738922,0.9906613788200495,1.0758324990162582,1.0740662799232097,1.0865634001659963,1.1097697087830538,1.0840004510726386,1.2629697459639118,1.2534805922609105,1.3542370784026632,1.4265216490460273,1.4469273363648971,1.4971514031248196,1.637803022092542,1.7068015099955427,1.783660952052896,1.8991586477318294,2.1091621077470695,2.2748915672506302,2.2577591043380583,2.4513458190289352,2.6299423677619176,2.817380174121515,2.9904223370105276,3.11892657265145,3.338112688751427,3.4775329973220157,3.6680105688157583,3.72978897863611
1.025,6.378205666279665,-0.02516158453475824,6.922429699396177,4.130514120429072,4.290410897514278,4.364465693016761,4.568993061341402,4.828041329248548,5.008770614966446,5.279168628985893,5.374715394161719,5.5987549723214185,5.848245930321895,6.1264411860787655,6.272862267039609,6.490606668380747,6.6579905298080595,7.011025037136581,2.6821547402520887,2.528990532677678,2.2546223375654892,2.151586064280628,2.066035066775382,2.009501941855898,1.8907293077107645,1.8168627886765991,1.749036256687703,1.6181004204278868,1.6485411899467866,1.6884989360790703,1.598634142136919,1.6372802413991334,1.5307937405587755,1.504203332015917,1.4735141857716532,1.4422036726828562,1.3557798899088103,1.3958002307434043,1.3842908346215401,1.3758079797403246,1.3487499905866753,1.3465955867454318,1.3590524104032282,1.3922291697550115,1.4016417811505149,1.3645842034051825,1.370390564085704,1.2937560283641363,1.4114851938850883,1.3792843519537321,1.3645034466180348,1.4153671483487225,1.309653753120003,1.3903313957754264,1.3642421983888244,1.373049583684547,1.390069979623913,1.380861409033788,1.4513381007821884,1.5198291166124962,1.5495397802383868,1.5342762623661197,1.5558130373579135,1.6258726842311488,1.6250788638984768,1.653116791191197,1.8479269673595773,1.8167267935507212,1.835477564292704,1.904543590139508,1.8786857211063899,1.973939661620962,1.1613974408707373,1.1313223837680606,1.1040773172360248,1.079398286559484,1.057058594271041,1.0368629631914679,1.0186428098511453,1.0921657006341146,1.186252311535328,1.299811131553436,1.4393533662871598,4.982394684573252,5.800232530576506,7.280740600668926,8.981792070874837,12.988435710543877,15.009246679171126,16.161527449432462,17.14886850829038,18.282437805316604,10.926519119330894,7.767276896063589,5.815383300376235,4.850356376410165,4.145303792909236,3.644535206504936,3.029680811753946,2.756768313062958,2.3161451848345656,2.302500514309633,2.0124816316384435,1.8184461681552664,1.8369490636105887,1.7037475326092233,1.59778097642719,1.3766586496544488,1.4178318944491153,1.3946138915118338,1.36398453061241,1.2836193433226546,1.173109213894048,1.1497989587465902,1.1051952219518473,1.1119695377451346,0.9891591388077268,0.9844244031931992,0.9514822188582803,0.9567022838966581,0.9826583828939418,0.9136261548094378,0.9149431340661978,0.9225889862089134,0.8932693211928041,0.905588199198868,0.8644115762791107,0.7851673949039244,0.7896509290153882,0.8808140603103954,0.8713123305506273,0.790783179469465,0.7987930697804286,0.8130426930347571,0.7900386240925078,0.8030428542655855,0.7861401257244408,0.8033191957538612,0.7817822170156604,0.8029053591191447,0.8012895488948052,0.7956959902379583,0.8056098484203641,0.8700861910546092,0.8870030234369454,0.8908304652200765,0.8774670191139429,0.8781755294003667,0.8878480593685413,0.8780831463159244,0.9149307833734129,0.9992406396276534,0.9174597989473278,0.9659879703817513,0.968072655576181,0.9951175766460497,0.9827894044876432,1.0584254447077786,1.069220529501458,1.0333748813583126,1.1030218673190215,1.1106614015304879,1.2261761476058821,1.1963337251158048,1.3515555191550634,1.5027513375489063,1.6026553538750452,1.5805513991642357,1.646217349067483,1.7160073029147913,1.8576368217568318,2.036341064310391,2.1971206997591484,2.3540241277195757,2.3657444873356734,2.750469528425103,2.9169442257648104,2.9940235432357345,3.1644941998811356,3.392980271789921,3.5467172579246533,3.7945453475097572,3.906521426289354
1.05,6.44115157501533,-0.0225591760037805,6.961846315143415,4.222776925452717,4.379902396109493,4.505575551165511,4.696351561814164,4.934032112701723,5.1621885912685626,5.376128817556066,5.480547395050291,5.728003229174904,5.959405224114404,6.290492242809459,6.4225860938476504,6.6324484950791405,6.853939916810756,7.191977225227994,2.8238191727966764,2.440087262947632,2.286997835263204,2.233239356899831,2.004359943071761,1.9201310127940188,1.9780459974583668,1.9031398290585466,1.7886184244176788,1.7444122148183525,1.7171231733245296,1.678538632793268,1.6414573027675177,1.620929453508254,1.5944889009320402,1.4916641662692987,1.4519419648082397,1.4922032046706597,1.412506589313978,1.4029472622431725,1.4160904764810136,1.3596818171971894,1.4570299006945022,1.3834390369246603,1.3843627302726063,1.3671797850428151,1.366880211518654,1.3582602128429446,1.332889132577579,1.400349334615276,1.3869413158338877,1.3696067168247625,1.3989344631759157,1.3205033068935583,1.3796790539878772,1.3769690576155396,1.3114814078906174,1.3929490613891156,1.4407827715393307,1.4846260361826478,1.4596192730161637,1.4239281095778984,1.4754113828428028,1.554115583703333,1.5604047753335775,1.5560193171092138,1.7214926904735788,1.6607881099654473,1.7663362592569416,1.7646402754744361,1.8619966141457045,1.9034384697060815,1.1250861625203032,1.0910727663008608,1.0603099807139589,1.032458195627254,1.0072283499746562,0.9843732966330495,0.9636809169138748,0.9591053785352625,1.0262108482938068,1.1048609684689852,1.1981489540463033,1.310387499910108,1.4477746940102836,4.875140145793079,5.6327040595982965,6.815399512769675,8.582027232005712,12.210411047793993,14.36750436270292,15.83687119617323,16.84054643737692,17.831780188871424,11.341914236548515,8.270598714360862,6.241917427873731,4.985767290383595,4.170979278530283,3.5431874398332655,3.1638831093751927,2.7787425123628102,2.5340954994308325,2.1718401849860025,2.097142465421147,1.8712713271983623,1.6668685388906503,1.6990081696083648,1.6787348907816542,1.4372594746697565,1.3218548826701073,1.2347197416265494,1.2454967475724124,1.214067495108404,1.2206859605376106,1.0845555125272868,1.1733557582965424,1.0506451181181238,1.0773918310015669,0.9956246456413042,1.0068438370380186,0.986937540957405,0.9078318411280589,0.8855680614476631,0.8800469657299079,0.8012031331311822,0.8886597772107427,0.8795068289465171,0.8840123959640596,0.8537112984401544,0.8678633729061713,0.8143494806156802,0.8142860221702426,0.7940065598496249,0.8030378789223949,0.7955716992299346,0.8062868821935733,0.7958790733694627,0.8082708488393766,0.7980111496942572,0.7895991963182962,0.7763409306574551,0.8084910971425388,0.8056483061938337,0.8111947658187973,0.7994145039245243,0.7917543000959754,0.8069948147143275,0.8081544755235883,0.794564988567696,0.8801862706975703,0.8660816889495732,0.8775939733224517,0.9220534666653895,0.9200179591163584,0.9778480921354143,0.9623498708208248,1.0027823757961194,1.0584079379041789,1.0503699416420385,1.1050363718891734,1.108322084496898,1.0836105968588983,1.1788807691896848,1.1816133826542083,1.2215007588446252,1.2212988769929554,1.3545049374698013,1.4782278270678855,1.5722768416642487,1.7008988995129635,1.69278711588453,1.8796702211559146,2.0452289651597186,2.239282945678798,2.286940119536862,2.537901061770852,2.5420634971881944,2.8696767576394007,3.039908838220509,3.1760841293078954,3.37640933326249,3.659908854887571,3.8791368092691183,3.995859343663664
1.075,6.502159804910202,-0.02183911564121628,7.001262930890653,4.207795187838281,4.519794932111095,4.689273000631756,4.872475189872079,5.07097207917854,5.2798764820016215,5.5313180928260905,5.662840030293406,5.925198095072744,6.182500988575695,6.386162457470516,6.572713147467687,6.799413496945132,6.950880943792778,2.9266208682549486,2.773855967790466,2.4970555561890526,2.338912381751401,2.1529300010067,2.1113592473108547,2.026458936040826,1.91933544179438,1.8454565700796994,1.881817425282907,1.8039773942502526,1.7623035740081916,1.6445887679288664,1.6303474312671173,1.6103741768424524,1.5678056815647297,1.4669245747553434,1.4794005286377883,1.4261560864022758,1.5140256567136767,1.5133787388597268,1.488854625162224,1.4610428827884197,1.3762837823973872,1.372712517467759,1.3684158106979678,1.355611037678802,1.390584805038829,1.3027905756023732,1.361124315866194,1.3818914020262592,1.2900972669286048,1.3862763235967333,1.3686234658246217,1.3660781437055094,1.3943700645357104,1.3929497834255236,1.3906227840387442,1.459354074789328,1.37188313456455,1.458157477172942,1.502798169136976,1.5114182511315566,1.494807142719069,1.5558073161963384,1.6566574026054715,1.638093946561431,1.6453489096538354,1.7565937511905327,1.7005298168749714,1.814821745358006,1.7662459250899034,1.046933855436274,1.012778855712441,0.9819409661489681,0.9540539818455677,0.9288080003350028,0.9059393793493183,0.8852228024481312,0.9180008975694567,0.9764018531953991,1.0440973003837404,1.1233500342547966,1.2172278946431097,1.329996075750383,4.304672538911656,4.985008422822691,5.773385806563071,6.688393579308519,8.246621323914304,11.463328112543174,14.220113524035632,15.54701563687859,16.44922240281487,17.48473239197261,11.720960115567015,8.912871787822189,6.281898433705284,5.131282937224974,4.271193152516348,3.488833461394983,3.0834890129548147,2.70509238262123,2.4487492329112563,2.0816461517092817,2.032342731101506,1.9859172908129739,1.7386418154791272,1.64882290739199,1.5391744617423542,1.5404618368971177,1.4419460969511964,1.3162936581438807,1.2050103740486229,1.2108059049178759,1.0808395588830217,1.09360107996707,1.1232742593341216,1.1081649281025785,1.0566647734672134,1.0449021483504009,0.9704768236665154,0.9173073032737357,0.9816313835176222,0.8685579663056834,0.8786317302814887,0.8682600414878939,0.7940150107441407,0.8145868800678713,0.7919628915858478,0.7947527262426108,0.7864854942809586,0.7891039822260945,0.787980042725606,0.7937591335985349,0.8109089880287844,0.793078135923575,0.7813135584261048,0.8272867994192946,0.7754412238506829,0.7986871614497748,0.812602486342083,0.7981543019501619,0.7983092012885766,0.8058355979599514,0.7930832294239075,0.7876342128822944,0.791532383404174,0.7998358646872257,0.8830315287136159,0.8053160338049237,0.8080394878971234,0.8042880245015458,0.8849221936995232,0.8760348515312669,0.8746207063533512,0.9154476207484633,1.0452564882104745,0.9657543670258536,0.944810785642872,1.0441539775030186,1.0460181730033813,1.110903037061902,1.1139094202376345,1.0922957486112683,1.1750089595811186,1.164493068944376,1.2837455279121524,1.4281719013198753,1.4096157565648373,1.5359950110874983,1.6127247986104067,1.7813954577434334,1.8473752570462356,2.062450908673517,2.191623134078778,2.243231676823669,2.4342278326984395,2.7280238964346495,2.8117194416106304,3.1095226725037346,3.302489035386785,3.5049413964744964,3.701333324456492,3.911507419303549,4.140362724587877
1.1,6.561680779625521,-0.048598256756733425,6.984216783798234,4.421867263633194,4.627099057344133,4.824319101313934,4.969241257431986,5.2499102454529565,5.409491538868247,5.720750989613497,5.846338769455394,6.0297569492825165,6.305692505515897,6.584407692131163,6.763734776291053,7.066293045145012,7.187012514450411,3.0161219447143557,2.599704127208515,2.469637028741329,2.3029798167834707,2.1964235419728144,2.1395337284376574,1.972644806160454,1.9938979601638782,1.906965158885995,1.816234311708546,1.8251743995400067,1.754438170150815,1.7043742957170305,1.6140182033195598,1.6128149144851065,1.522167443479138,1.512526386812748,1.5693648101819169,1.5105780852563706,1.507633738359979,1.442055931683491,1.4533436246268916,1.4689144845658455,1.398622507470394,1.3763626385373502,1.4139689824930348,1.407886512521391,1.4056002234934115,1.37702937390827,1.3484859504159605,1.3394797163146457,1.3967391752586704,1.4080480260024604,1.446005725229436,1.4352876686723328,1.4238955156080055,1.355028713524208,1.4218960419285034,1.3824386370212272,1.4732600476356175,1.4525284037074988,1.4453207992979684,1.6082835399918438,1.568403720297719,1.6419970618836388,1.5913626297692611,1.609288455586283,1.624246254517366,1.6731101925987824,1.6557883172117684,0.9978858299392623,0.9602833907403817,0.9265001360553669,0.8960681370715684,0.8685966938824751,0.8437573562351406,0.8212723270336867,0.8406717203843828,0.885830433570278,0.9373234402104283,0.9964619056850013,1.0649507127073654,1.1450477046962821,1.239807059668162,3.9823310071434657,4.355468482439007,4.961851903728639,5.600491618252237,6.79732372484836,8.102305911746484,11.2984759699364,14.07587283867506,15.365935426654094,16.274585053542705,17.177112579801957,12.613521260656496,9.121564262121233,6.4917516668661674,5.051321784908731,4.1573067347415025,3.7024012546953435,3.0370191473645716,2.8293792713500925,2.42311533129456,2.341876231128678,2.075973950509307,1.8680722758239794,1.8275242409074581,1.5924487904532993,1.4886959444858834,1.3764430061267179,1.3505619753106568,1.3532360222872768,1.25832466161178,1.1448072310217585,1.141290294582615,1.0945931214234108,1.0863869918912936,0.9990329852976993,0.9876618395445027,0.9964520236488423,1.0137267549767395,1.0050941774334425,0.9787739550847038,0.9650862131231698,0.8745487565260859,0.875544348497555,0.8868830365170008,0.8889802866571034,0.8259513916504361,0.774222909741741,0.7850280634299605,0.7752183046337211,0.8066734435968727,0.7887073771481335,0.7753996104992547,0.7912172872196641,0.783453638360826,0.6904231270025999,0.790330419582824,0.7611055440684645,0.7821996550133702,0.7802264462781673,0.7700341233939426,0.8087023183151004,0.8195766736987385,0.830844290103266,0.845641464577424,0.8052398829880226,0.7948734219258539,0.8066170688416375,0.8991376293810012,0.8737463232315834,0.8651253356887689,0.8818662030469427,0.9029376595388683,0.8672469566429312,0.8837255634614689,0.9449432707353483,0.9099813473102007,0.9299588814784974,1.0644605440263213,1.090140063117508,1.08940821804053,1.1831399611597804,1.1873047838401412,1.2171047238359496,1.205864000108327,1.3399935104334344,1.3734942646250519,1.4098155893187836,1.5331077244925126,1.6658883272498357,1.7665483770534645,2.0260689081047527,2.1278122691965966,2.2999691681640333,2.5444622000966906,2.8591988103425074,2.8652872976441066,3.2478427207225034,3.4780534132837637,3.6280159102722904,3.8410259815254872,4.001502144679945,4.285799482476573
1.125,6.610840466702585,-0.056263356004570136,7.029377847298007,4.5205648725988965,4.785789312385296,4.929519452590931,5.151117749571725,5.360254133076075,5.639622248242123,5.9139047643715354,6.0615389091030965,6.224632974585927,6.419272076557282,6.714157633207101,6.966268261444049,7.1854801417346374,3.2261186392177548,2.8067302115946373,2.614790052516811,2.4476904153531867,2.387880739875286,2.254659970788329,2.11192242008224,2.1057791882047883,2.0355046647273762,1.9957635017084665,1.860229687045973,1.7923760218855498,1.7351288208611266,1.673361094206882,1.653839072383991,1.6524063167986054,1.6942327600010219,1.5442034041504875,1.5457124218366418,1.5167914325910712,1.4867433587684182,1.4506892008493588,1.4400939657023266,1.4559277281704417,1.4677209084254963,1.366600575920806,1.4164093344149402,1.3230844437022837,1.3441439524402368,1.3803109251209305,1.4514809648596463,1.3545926278698057,1.445952775873254,1.361048075696147,1.3733361355574747,1.3759764743198097,1.369079858242457,1.462914037837572,1.4476775586443134,1.455393114878629,1.5258977403491982,1.4919302044839087,1.515927602483963,1.5193193911439995,1.5393155415683397,1.5717619013953106,1.6289931418828107,1.6161407405264103,1.712668558162261,0.9430199053982037,0.9017814310182658,0.8650086804821627,0.832091879499434,0.8025307243267173,0.7759111463017734,0.7518877749734072,0.7823685653879556,0.8181228136304867,0.8583978170834133,0.9040023466871608,0.9559549644886266,1.015556302316338,1.084493469996715,1.164994584773722,3.5556320442058102,3.903198233569629,4.429490304369301,4.8174168765954635,5.582939815774878,6.702031584578523,8.064041408997523,10.839736844563673,13.892698986908318,15.167024926079502,16.082252368253652,17.00366001923688,17.978955909002988,9.410639683980488,6.466710884890171,5.1309379898033685,4.066542163027719,3.5705667801630225,3.055606487258868,2.686839181551708,2.4090783497788357,2.160740330349634,2.0021091199783547,1.8217853367578813,1.683757950377264,1.6575363751078331,1.5441414158430036,1.329463786016486,1.3381567393938536,1.2112901609107696,1.2371059945681704,1.2341344456465064,1.1657028370675646,1.155287962044227,1.0601251719141032,1.0379404746950622,0.9239425034781374,0.9316660893615375,0.9227758726739255,0.890082034314852,0.9085633882600754,0.9079609490082184,0.8587620262260955,0.946515433889674,0.8720351969337468,0.8160517834481864,0.8288596544637332,0.8335477131390047,0.736216519438736,0.8287888262048766,0.814613197930382,0.8297833007323934,0.7499681161233527,0.7493767250891324,0.7352975478377717,0.739566619638681,0.747022042191116,0.7368674429056002,0.7452253723944819,0.7356205875511873,0.747543700360719,0.746615623962221,0.7382924047961148,0.7474984566824437,0.8171952887229771,0.846026910058547,0.8182425020741219,0.8316322201935504,0.8501643107350867,0.8518400357773912,0.9301123577882642,0.8136428962205909,0.849549037509539,0.9270755551776018,0.9477739872443716,0.9270705771832363,1.01627745550639,1.0098074900842702,0.969620608893037,1.045566102512786,1.0592133161335806,1.037988618207034,1.1884784247624411,1.2045493734476722,1.2879147670935809,1.4123074822471402,1.3950126756295371,1.438491015011351,1.584870103665286,1.6436325241444123,1.7955980636817042,1.9330954551391593,2.1247611665559716,2.379938069804552,2.5949566989082555,2.6411931151889556,3.0355806427481027,3.2343741862279622,3.4285598683716043,3.790973988565849,3.9087291787579765,4.225495139958201,4.445712738678104
1.15,6.660402702784567,-0.061533293689132684,7.074538910797779,4.6329517293505695,4.968533614967154,5.122198034290619,5.287195012326017,5.533772632480594,5.750632921586389,5.9928522341825925,6.223182982362456,6.411626929825821,6.5811503162294365,6.899068337163041,7.147455599275404,7.288024217523582,3.167316116475787,2.9156333514419304,2.6790917332834874,2.51995070885574,2.361354523625541,2.2650696877074865,2.278040063167639,2.056220536037345,1.9805836067679883,1.8807658309930824,1.8219010966851374,1.7941890939993579,1.704759316932901,1.7606939248601474,1.7617831500198706,1.6605395469549304,1.6309288005231575,1.620356818915968,1.505661827983665,1.5206766543283712,1.4507647888521167,1.5104585805876172,1.401438220938609,1.4709052635844269,1.3973002323233217,1.44095607020842,1.4468979416279553,1.439783266334193,1.3701164795003706,1.4539867622586828,1.3709828936471873,1.3618138387271863,1.3839805730381767,1.3848404238745473,1.3741622420359485,1.3848408142435569,1.4387808086863854,1.4647005571964002,1.4605547233017557,1.4871621070339256,1.524231771364229,1.43320452445653,1.5168449002278508,1.4991606790566436,1.5445389312694433,1.5979220931674705,0.9355850205967225,0.8837361135220149,0.8383003212221631,0.798233395405347,0.7627089823589245,0.7310648484791664,0.7027642988282349,0.7080438245114071,0.7336512442820886,0.7621441848408822,0.793946486637888,0.829573526949455,0.8696579355826636,0.91498452972647,0.9665385650095595,1.0255736222142018,1.0937091262551104,3.3018679913914735,3.4999698540231896,3.8379199809793123,4.306352167346762,4.915121715330076,5.440016376061936,6.616462707288771,7.798557511141901,10.394351250080408,13.456842147516596,14.725421358991852,15.842997566376953,16.74268579683038,17.664703379427255,9.52798431636367,6.619225627768175,5.120363106844474,4.195606937080951,3.6177642791021163,3.0013544222741495,2.8575267106933278,2.5195627329850816,2.1249164732835983,2.041306881769904,1.8457804996345633,1.7586535501924991,1.5658338716182456,1.5173729678796217,1.5612113396421343,1.445347134764667,1.2964307151704644,1.249793125209985,1.1163892665345954,1.1242379182586755,1.086299014252125,1.1366178060424827,1.0119382551119542,1.003714607815492,0.9399635198488855,0.9371138515290923,0.9344503112213484,0.8295697521058235,0.8183285679224188,0.845299278708075,0.8646071157379875,0.8296357610712278,0.8151378901040363,0.8198009857463859,0.8372139072625067,0.8169614009293918,0.8156469580811163,0.7502480202089258,0.7484558263253288,0.8192934724148256,0.8012057515226912,0.7325265119363917,0.738535777434622,0.7422858740176365,0.7356673859412729,0.7400700733858182,0.7610863244912753,0.726120832677658,0.7444477613972151,0.7471724333671111,0.7577247767025861,0.7462225172395843,0.75203822795653,0.8250709704852495,0.7395462750924443,0.7402941145757967,0.7425686725743001,0.8274428090156997,0.9093655532945535,0.9022431064161802,0.9156745821024833,0.9071010497774845,0.9359038084707808,0.9315386811443462,1.0150576963283489,1.0230790145576871,0.9732442049218623,1.0623062474010943,1.0469313967917513,1.0519647796555989,1.1438469758940275,1.1541931209821799,1.2980949793369214,1.462366443024232,1.5422652509366803,1.537464833019551,1.5979220958719964,1.678645707611771,1.794002364652734,1.9296550726283637,2.287367181132506,2.5356299476482906,2.767537969249962,2.9220508822803852,3.2084932676970936,3.50943014165183,3.841076777898647,4.041334403888317,4.3331816585615455,4.402251812987604
1.175,6.710356960599063,-0.06218337041525621,7.119699974297552,4.782462804891368,5.03575496628416,5.185162310145131,5.418412943256218,5.675886491235565,5.871747293809323,6.140487638251267,6.268951249246822,6.5429755738527104,6.7864645177668255,7.030599964903297,7.196870778340878,3.5131717769330337,3.1232576233604887,2.9669293053701806,2.6924884198934147,2.499285161090159,2.3857598408410423,2.398263063638988,2.263507499171103,2.136631202644282,2.0295511131081825,1.9204470844737427,1.81056421289857,1.8364381236770768,1.8351836141632976,1.7784018743411287,1.7166667793521333,1.6659541026865534,1.6076806926129505,1.5588651247651792,1.5283983345706282,1.5270855270192683,1.4676944517218817,1.410557473256142,1.4628834505006532,1.4720218561653204,1.491577150237233,1.392665895314733,1.487344500414067,1.4420015319382482,1.4375043096321476,1.4206889735000057,1.3953289616888016,1.4456459829923922,1.3499398636765025,1.4312021905668775,1.4171334984801134,1.4184963943044324,1.4658907197772961,1.4549362852506549,1.4984518962985462,1.4296783393135764,1.4659692499530268,1.4918648534884311,1.4776006797439205,1.5574026020014804,0.8790511765213325,0.8200581159759298,0.7693638659513821,0.7254049965013164,0.6869899989369976,0.6531951092531,0.6512724017768011,0.6697472062679074,0.6901665064929945,0.7127660910606639,0.737825540453023,0.7656784969792778,0.7967260014295815,0.8314540167938096,0.8704567534231417,0.9144681633117242,0.9644051443448537,1.0214278656026887,1.0870256848729334,3.2009774297915436,3.4906835663625384,3.749658747659098,4.303203545617268,4.791323734249545,5.249436431053037,6.3162441762521135,7.370195096978718,9.364439790552048,12.7619368342988,14.302635949278002,15.309815794069811,16.227324113078243,17.126507662666633,10.232234261908925,6.821403373846389,5.218811051527671,4.436795172566961,3.6012059729285295,3.196442657132468,2.7856717321373248,2.589056071161147,2.2867438684587187,2.0774463922205624,1.8405653822546373,1.6823105276755241,1.5753381891564164,1.4758659309695565,1.3984643944814532,1.3950533322170686,1.3611013175383222,1.2492608497838689,1.1904328346753348,1.0667827450875607,1.072527611392893,0.9774078572423157,0.9542259429861637,0.9860497169677086,0.9707617005072285,0.973132488360946,0.9302470583366143,0.9214819123962198,0.9191807550076582,0.8223151177327949,0.7936289468158938,0.8121450829160036,0.862537639491696,0.8006237198362803,0.8019571803007676,0.8004444972200626,0.726109585119031,0.7282941598814997,0.7224195277633889,0.7264504431961945,0.7100466562983776,0.7943397312039394,0.8153762916598155,0.8128381915842502,0.7212520002362243,0.7263404762530351,0.8025305229928839,0.7972753518433061,0.717553866992274,0.6993358332648218,0.7903949791063735,0.817398245783383,0.7981896999117398,0.7372779382527089,0.8215010708342513,0.8099393841151605,0.8024629696132162,0.7937559668160353,0.8407727805260585,0.8473154906826993,0.9005978379632118,0.8135614620976555,0.8402971411245767,1.0007354311846834,1.004163423954271,0.9871728444958224,1.0225507982032729,1.0167431901568431,1.112303089455137,1.0872815659265556,1.093533971511407,1.1680114409900286,1.1605584375995572,1.328471494946562,1.4173543729874645,1.5467070684319477,1.5481465011268762,1.6326515348392583,1.8903723971693047,1.9896472938807293,2.0852532474500056,2.4257837404566676,2.6809885925387036,2.8688073330830046,3.179712297161464,3.5008013030294216,3.732139440197554,4.013734091203644,4.190536215465776,4.564515519446099
1.2,6.759787354447122,-0.004245022414248847,7.124378811031235,4.903459455325213,5.065294268000269,5.291483058674091,5.494023950121736,5.754892768285129,5.939206905319728,6.21773596310429,6.401769821824767,6.704187649016617,6.918635883472647,7.15560887376472,7.3498459756553105,7.587002218267387,3.30746107772447,3.0064919076983028,2.747415495645297,2.600016320322195,2.5165781388918806,2.436903709443755,2.272330412444973,2.154856408353665,2.0404586210621596,1.9278493716273348,1.9686899321201112,1.8638280772950573,1.8715724445049486,1.8135147430843366,1.75734855162634,1.668999456311868,1.691488891727163,1.575752076679884,1.5677345522634587,1.5258516885041227,1.5206230425554204,1.5154204756115128,1.5225333437368387,1.4741358184613689,1.4805833258382768,1.4463249860920822,1.4605373254515672,1.3925694796835886,1.387754232481479,1.398009726285823,1.4270697033916628,1.4258877516682338,1.4135775373303923,1.4206310728454914,1.3973125087052949,1.383795234907578,1.4695194364197144,1.4326306546462595,1.439457293806464,1.447322174938025,1.4625706010237662,1.4519507170905586,0.8109989803879454,0.7431699710865303,0.6865834360896684,0.6387278302872811,0.5977898231520606,0.6080396035581473,0.6213495973804127,0.6360479105407212,0.65227271646209,0.6701851453282043,0.6899738485225171,0.7118607340148253,0.7361082344253185,0.7630286036514211,0.7929959307136039,0.8264618407827979,0.8639762708161376,0.9062153382477557,0.954019294466747,1.0084450898763535,2.991799380671419,3.076484642289804,3.4824463867282947,3.7428563592026802,3.958705417125752,4.598506906613756,5.095871004510204,5.781845761233084,6.803629715614288,8.391707691774991,11.612120938568282,13.527371990023152,14.733738008006787,15.662454063300965,16.50683026004622,17.462568917921757,8.617136781303179,5.965856445642716,4.654327742436071,3.803645796107587,3.4444044469769755,3.0301314029404374,2.5684558889815903,2.2622301074751827,2.1322541053145803,1.9592022910342834,1.701676675149578,1.6666049392314597,1.5531864911777422,1.435486681762697,1.3460144030988275,1.2331710058481697,1.2573864187548067,1.224168782528381,1.1203416663133272,1.1166327279741477,1.0046373633005516,1.085019955253904,0.9353971942003417,0.9655495305184172,0.8583596879869444,0.8620218373976752,0.8500803916816474,0.8479244319464303,0.8934452258636381,0.9158862624795635,0.8156767132560503,0.7659436799879096,0.8452934994877452,0.8030538005857877,0.8191055358819753,0.779297864715941,0.8121664304504097,0.7819935486979421,0.6839359249415766,0.6931160559470831,0.7025609243696015,0.7707880520287059,0.7066181974498607,0.7008935529834573,0.6966956786216257,0.7045032603606821,0.7715033199569176,0.7654481785316584,0.7821321224388452,0.7795315589538457,0.7626977843619843,0.7674407735804849,0.7736465268576075,0.774465491661432,0.7843353806416941,0.8075655767192408,0.8167494156578053,0.815769426742089,0.8154004699625844,0.8065657051155865,0.8862632783282721,0.9139247987677435,0.8679261562428193,0.8738006052087189,0.968643931079193,0.9271735774962808,1.0145850365462274,1.0716327637148455,1.0829994742079414,1.1899312781297045,1.1938459475580798,1.2389732155906394,1.1997496841904156,1.3577083665076162,1.4675921291639744,1.412346684048708,1.6703912855527456,1.7744266509142594,1.9380428869684827,2.0547325082714383,2.076893294077052,2.4747855433135713,2.7894052358405075,3.1610574979030415,3.4658390587391024,3.7391922854962267,4.1536098119444835,4.319859956718496,4.522462745768789
1.225,6.803688734814241,0.00759236393413576,7.1820558798682095,4.863873258638939,5.123455100174595,5.4303592574890915,5.589213528381192,5.758951027398994,6.0047859344558585,6.280942732812683,6.58404587234916,6.691135899735505,6.976810447680379,7.20407629853551,7.432549283529227,7.623995311210176,3.4532439190128135,3.1359307928453797,2.8898189318953857,2.67439306436986,2.577191292925373,2.472838588836961,2.2973302957034845,2.1877565848609986,2.1012481630858075,2.1147544725289555,1.942306478630389,1.921119172131414,1.8657252141648053,1.8557628093176328,1.7242000038965821,1.686944260932753,1.6788973325087548,1.5651584965008838,1.5947358512140681,1.6188536721431246,1.5448767270539643,1.537612963008862,1.5256860318238015,1.5360549697713373,1.4270849142249118,1.4831549941716844,1.4289970055974466,1.4251157343918905,1.4825879419462118,1.4349407321307308,1.4302465674587632,1.4275888419537481,1.4333661420869017,1.451061786153052,1.3498828812108261,1.4398180366846374,1.4373728403644994,1.4254473031205366,1.4550931585470017,0.8145169487487607,0.7136952588071214,0.6357734886801987,0.5738225047600874,0.5677080892037776,0.5761120935925408,0.5854929752572731,0.5959227479801216,0.6074846776320798,0.6202750777062009,0.6344055027501515,0.6500054409124499,0.6672256380754439,0.6862422284924728,0.7072619051264755,0.7305284438673806,0.7563310097696024,0.7850148360479611,0.8169951020204639,0.852775182671595,0.8929709614393315,2.490018106399101,2.816802849993554,2.915677347386,3.0337798303657646,3.2933230816738384,3.5578112371286315,3.980718865316004,4.369043156736586,4.862217091663445,5.534245745202054,6.389641116852673,7.3967909145018504,9.610658433776157,12.660715950568305,13.975921165695402,15.026782001666776,15.935920160100242,16.7433130304615,9.902034145612639,7.020122254739408,5.393078715201656,4.071747401257978,3.6470538859619697,3.1228229535728245,2.7281819978797763,2.3708403792861894,2.1293453943952176,2.0370744548309037,1.885835040812091,1.7696340395378158,1.5789513158397013,1.5058739062048057,1.4545176375086335,1.3449868355969368,1.2282640586990166,1.2069129441879576,1.131970375090478,1.1028436751988155,1.0974142895718824,1.0765736927242826,0.9988320321431473,0.9732136804899482,0.9606951264553945,0.9479140180136,0.8766803007884072,0.8937362801488705,0.8870702006491136,0.8742059920737135,0.7604353536596177,0.7738203923026283,0.7638884351241909,0.7730168226544074,0.7698687154282541,0.8372548467317327,0.7977993042495878,0.7838993826249221,0.771312735697234,0.749213813592039,0.7783170255885447,0.6869406128849564,0.686948928858394,0.7808100573598858,0.7778880739570992,0.7014839323731901,0.6800361918933971,0.6980085333734308,0.7714896584071848,0.7710819582260354,0.6807778200249425,0.664264240861536,0.7038209655735395,0.7899249030486721,0.7879636055454287,0.8478237858630053,0.8067177278708892,0.8041430628792107,0.8664908930993891,0.8804263431160169,0.8695606770065045,0.8668465259482574,0.9413416171853097,0.9578848672564717,0.898760100672382,0.9904970220135317,0.976575534152292,0.9842482683287856,1.0581477842982467,1.062188300775947,1.1894673231497075,1.1982283755593912,1.3049252079030258,1.2675429071023225,1.3667846977842422,1.4753385045655096,1.5912912508468,1.5514074598515393,1.8422764714535942,1.9358908157226986,2.1583328653752716,2.2498000842658548,2.6387096693131995,2.885158595795852,3.3113268645975515,3.6977500814207818,4.011428548499444,4.30858122564239,4.544658030428184
1.25,6.847670219057991,0.018888816652119167,7.220507259092859,4.905551797805003,5.221427272144456,5.388031468958946,5.700890233462256,5.847900840643208,6.082070023736043,6.339546355130633,6.563040831497637,6.769158043905882,7.011910025928589,7.226461255260988,7.533423876855728,7.820441144625311,3.4965561182103726,3.206370908666978,2.9587934421818387,2.858007152907607,2.6418109744387688,2.483783514532022,2.368768709759588,2.193029619320574,2.252114315810667,2.1252498147698815,2.0606360644941595,1.9396249780128276,1.8329464934672595,1.8018306498824308,1.7857300633426465,1.698537892680331,1.6483496836712566,1.6690232390503477,1.6814164340516269,1.6027746957507227,1.5448175630862269,1.530672722057333,1.5285264860505405,1.4636576387870237,1.4688020528088355,1.4814829935887104,1.48338470584154,1.4981701120764965,1.4947474275504473,1.4053187625159964,1.4731944400966095,1.3978322451407208,1.3934189078033659,1.4047509140886951,1.416397900765207,1.4145432450731308,0.8271101354847722,0.6436278826453582,0.5402201692772978,0.5442330654875307,0.5489801316810022,0.5544925028852066,0.5608071439478353,0.5679674805505096,0.5760241668253961,0.5850360160304271,0.595071127874243,0.6062082552568893,0.6185384651091148,0.6321671636430194,0.6472165770277432,0.6638288061957102,0.6821696119141996,0.7024331374019281,0.7248478464694638,0.7496840541070203,0.7772635667686651,0.8079721514881367,0.8422758479657274,2.3509360074631696,2.4327518619506505,2.613811961792574,2.793504018490505,2.891793397936743,3.1886109764565025,3.467929259686862,3.6006792217569363,3.9935543656109145,4.57815864022759,5.180414122770892,5.993313479221484,6.86371341928866,8.459253333449164,11.530904923334468,13.175996688997447,14.352277992341817,15.301458165589931,16.157358618551584,17.15217793576949,8.526082343824605,5.957599348960501,4.742937825020133,3.940342216665472,3.3481449824232477,2.856244086033007,2.6967090088092593,2.249309572145176,1.9675132430796587,1.8469763495577973,1.802778218222887,1.5950570732213765,1.4741497853151695,1.4071137468166839,1.393950788206424,1.3817540881991572,1.239141455613136,1.1780802333553462,1.1222704260197853,1.030425305770176,0.9591166337970812,0.9483584179090347,0.9725300521526589,0.987115245961762,0.9660746793844907,0.907062297360903,0.9195157286666403,0.9267213155433275,0.8169648184923052,0.8097484644127071,0.824064980126006,0.7442162192804876,0.7423459627066178,0.7360079588194275,0.7957269904038294,0.7164206512721273,0.7342746492743876,0.7275811249772354,0.7073233833734531,0.71958107981306,0.7308599110905424,0.7980269644356811,0.7410984755798208,0.7203726652068846,0.7400715390793089,0.7272587740049884,0.7215559629069022,0.7031394484521066,0.709647620873267,0.7121836553667291,0.7326615528814745,0.7380549977654077,0.7375813250102905,0.7203276892864725,0.8229302101716169,0.7856286428254231,0.7989434468727783,0.7211542452219991,0.8053704057897734,0.8844888025126418,0.8850379926542443,0.8762980530034254,0.891140052488478,0.9780825878399044,0.9565978620125742,0.9510938556680721,1.050479123240178,1.028060588778643,1.0859450912836883,1.0990415081136604,1.1091344099597247,1.1592413016442413,1.3360023504201695,1.3499043624126463,1.4764018435528772,1.5020629272722945,1.647903136800626,1.7252902423901681,1.9051318164830089,2.1280503031932207,2.2393755547719247,2.4455433149673427,2.8303829707765877,3.152433569360923,3.630933909036602,3.9772277759011048,4.277994664922802,4.6183858475746
1.275,6.891751648044272,0.023915809846361796,7.258958638317508,5.017623669384153,5.222139203909069,5.566637236716391,5.7994971324962,5.987337343052365,6.179940675365246,6.444907981568205,6.761453774833117,6.927544272812592,7.174644089955262,7.4371332778540244,7.672938275318482,4.179122247287683,3.5542977281294448,3.2019762815948267,3.03386331394635,2.855834161160699,2.6463373386425615,2.451464647548918,2.3527195373672516,2.3179881621076612,2.224017839122657,2.0424692587364244,1.9528812371755127,1.9500329655907598,1.837905923614501,1.814267066259374,1.763401655353599,1.7393351226704186,1.746256737745771,1.6234288943587203,1.6124770024210817,1.5799106646898229,1.493664060795196,1.530976023019776,1.5265051646048213,1.5458389561674941,1.520903620470052,1.506816836408395,1.445390100751982,1.518900132662142,1.440623420188808,1.4671380045677562,1.3687403577845043,1.37142654591411,1.3828601851987294,0.5330031465635268,0.5335436834776119,0.5347377194850468,0.5365925794351198,0.5391197201547597,0.542334904450151,0.5462584439274012,0.5509155176837021,0.5563365763445602,0.5625578438078419,0.5696219325626201,0.5775785927881931,0.5864856208796835,0.5964099599561196,0.6074290337774159,0.6196323670008975,0.6331235597746391,0.6480227045902311,0.664469359931198,0.6826262311678093,0.7026837581414704,0.7248658764840925,0.7494373141465933,0.7767129182544316,2.181395485614339,2.27743696690153,2.355287510110664,2.496747901753182,2.6248006950354816,2.7195732260938046,2.9071466362166025,3.0788032495270197,3.39345150598575,3.773375750897897,4.1520307383823765,4.479931376042641,4.991164873122679,5.778778799501515,6.738813333748001,8.039185489598424,10.849810206650982,12.862052246639724,14.178214685931188,14.96296484620698,15.751713193654423,16.756341489002082,8.9755018458048,6.244170253941055,4.97071343440696,3.854475603298652,3.3732270064508616,2.9183160058591953,2.573781448141196,2.323973583478536,2.0878216011221626,2.039441814361681,1.7340232221112566,1.7026551366166287,1.5642019603516537,1.4165251334910804,1.3423866887239704,1.2546536104286234,1.2515336617199224,1.1862554500030922,1.1175034415311842,1.106285348106196,1.0033357826027998,1.025352996981782,0.9354146808544268,0.9436448102481161,0.8517309037753227,0.8606398960966618,0.8634759664120398,0.8961587470454832,0.8763490683004668,0.9179194919930561,0.8136330421953706,0.7832189507584449,0.7642876762989201,0.7834193494491979,0.7652751077712571,0.7698739272246815,0.7857352518446363,0.7703291649096581,0.6974855708121843,0.6980898656941135,0.6840146657331003,0.6862229965004705,0.7058210630083169,0.693411379867113,0.6887661953741666,0.6921186763976687,0.6953691033636885,0.779417962883977,0.7706984194657126,0.7603304699242589,0.7816072479798353,0.7709830696141202,0.7719958194222237,0.7710020322727539,0.7723168792264437,0.8220048712893305,0.8057151098523649,0.847292631287342,0.7639075099887453,0.8123251644475842,0.804577697671445,0.8799366048788122,0.8898929536511648,0.8935967150413898,0.9576451817090292,1.0410943494785938,1.000863529307638,1.0347928269790094,1.0329736667457718,1.1780033811525044,1.1808103948004889,1.2470971140182419,1.2410149600592777,1.2928335088208764,1.3019190170216743,1.5179102062761105,1.5922260678493034,1.7029709002815934,1.787476460011775,2.0840974147748077,2.3322321374199815,2.3737592571678543,2.7313961680473424,3.229171839937337,3.5414870569372634,4.008802856567853,4.342929120214447,4.663808161585091
1.3,6.935964624527165,0.009891301368048855,7.3167500078442185,5.0411091399690795,5.438303589199364,5.700890166746403,6.003624135045043,6.195411904997586,6.381866020817853,6.649693846829631,6.930908549461633,7.117079464357589,7.360561981768806,7.6563082365864865,7.877322774434819,3.901334217366752,3.4602653430031234,3.172055561085967,3.034910185843787,2.934058199386311,2.597672947061764,2.4908079643356738,2.5119308990692386,2.3090338479521937,2.2151881795473467,2.1387645029431046,1.966004403546486,1.911803380732775,1.9259244898474563,1.8616047404940734,1.8495476575060423,1.7233555403257932,1.6838249444005058,1.6777439955959548,1.6623083415286992,1.5814128683105695,1.5975095088020939,1.559794987354813,1.5781558994344773,1.488506124909847,1.50478063098524,1.446132651043961,1.4570708552304998,1.4776103286166893,0.5421519368904419,0.5394137521674724,0.5373547257878941,0.5359621071658783,0.5352273386727447,0.5351459266361182,0.5357173740705475,0.5369451732576516,0.5388368579689408,0.5414041167902534,0.5446629707383245,0.5486340202368695,0.5533427686309651,0.558820031869806,0.5651024469083874,0.5722330949317979,0.5802622599029226,0.5892483484534957,0.5992590041506536,0.6103724581776339,0.622679170152956,0.6362838281232134,0.6513077970216149,0.6678921319529874,0.6862013092113869,0.706427877813924,1.8461360042402677,2.0072698489697096,2.1213881145230276,2.142211662659511,2.1787202056601256,2.4060328237888817,2.475834782684615,2.5729505915767996,2.7888732829756404,2.9125621710487795,3.131998994829119,3.330967190023095,3.6672692434025747,3.957949511425096,4.487361496984527,5.153354087668059,5.911316529677754,6.69694349531055,8.119562888332927,10.928774514804452,12.737854846080806,13.729868117494112,14.74365166270998,15.708287013449228,16.481747708075297,8.829125646121799,6.496347556957015,4.809021110596289,4.002277945633713,3.3076983198558874,2.8793901818103804,2.4785744889338863,2.399315650976494,2.037187887155101,1.9207345033130048,1.7691761502319072,1.6436923630282412,1.5030833654344273,1.5118222278270474,1.4314671686854938,1.323106011352884,1.2277509209803343,1.138320755085845,1.0638020729095994,1.1128492823402698,1.1113481236950324,0.9901518663107234,1.0097634707391092,0.9437474261348661,0.9307174122770921,0.9642957650083073,0.8114734343295569,0.8106856261924739,0.8030360581941357,0.8029310378402097,0.7646637485395867,0.7966093627791129,0.7535575214878416,0.7489190067662885,0.7593636214350105,0.759528812596493,0.7599504656676284,0.7732988931303043,0.7802254056696182,0.7819785701846506,0.6931533066616282,0.6744295624811315,0.6734192451446939,0.7646226721886907,0.7637007195486601,0.6880410809893625,0.6868137569797796,0.6841241025559709,0.7680121081452572,0.7012540529409077,0.6897237434625426,0.6883142095418691,0.6788242493532337,0.7583418683417551,0.7510843878834341,0.8552330840883273,0.7511912760477673,0.7958498346031668,0.7882445768289097,0.8829034116572264,0.8528429153825057,0.8627340495418079,0.9587205879716933,0.858338207535368,0.9151609864381408,0.9984032019176118,0.9555154286945525,0.9969999715872921,1.1063945841001346,1.106557984599119,1.1798208690604257,1.2082796494687535,1.2514214313755267,1.28859825253206,1.380609099364975,1.4770491721308299,1.7063690767576234,1.7062551766485712,1.8514561654101218,1.978467624423965,2.0287018814222355,2.569840073762408,2.6309990173176243,3.175029796831543,3.6340863612294743,4.04418417408331,4.424869677971117,4.829000034330085
1.325,6.98149333283523,0.006582700526079089,7.36873799248071,5.370609068253982,5.582350359619992,5.887470940256755,6.166958208160519,6.364029611938248,6.660018102168921,6.88429696769439,7.234195027341261,7.394677257642111,7.606545584587863,7.899803901817254,4.455704957190169,3.870223050787446,3.3877814667599004,3.2990742215510442,2.977103077893764,2.898597501038734,2.6417990333667003,2.5233337809779965,2.4161681812147973,2.2333523776844935,2.1848415145691353,2.013863262252092,1.9977937093745244,1.9691452553206241,1.8954668758880082,1.8259170760268795,1.7803916544334806,1.6918684539211357,1.6897992779395559,1.7413675271984277,1.6599380476397398,1.586291446692133,1.617341453070723,1.5380044902348442,1.5754349289291478,0.5680176515973172,0.5615941058143915,0.5559842773219299,0.5511505150354378,0.5470610912570001,0.5436896760492136,0.541014912753657,0.5390200815910545,0.5376928412910278,0.5370250412180606,0.537012598621019,0.5376554375448965,0.538957487696863,0.5409267432350104,0.543575383123067,0.5469199564434138,0.5509816379644655,0.5557865614078646,0.5613662403638017,0.5677580897919619,0.5750060646894873,0.5831614370240725,0.5922837377073491,0.6024418976051719,0.6137156308668921,0.6261971159159038,0.6399930452615514,0.6552271362419566,1.7694686649425728,1.7769461354606497,1.8894967922620898,2.0124124752775296,1.9742105905899194,2.0496626359243195,2.2629046187403965,2.280091371966309,2.3646703417750734,2.4775802329491428,2.6218926194101018,2.7956837610949377,2.9605008554711656,3.155506115622222,3.474195711346279,3.811058924668821,4.202559456697882,4.556449593806034,5.076707766715439,5.862070659769595,6.754550713341503,8.04673260945503,10.992780680694406,12.692682216939676,13.806415246648852,14.82016927889958,15.598947174823323,16.46475064617722,8.45410009769509,5.9182723082051885,4.720682622355148,3.76062718936569,3.3850195612160645,2.98085821821836,2.578951065770042,2.263172498732622,2.210504023202563,1.8859709578217563,1.7393661628936923,1.6023397875180803,1.474843647526472,1.384943230543937,1.3942529992342012,1.371232384125547,1.2444721398282914,1.1636930688263933,1.0303525052675864,1.0421864377727987,0.9632875247593081,0.9395557372309199,0.9938411510705162,0.9876940673446207,0.9960606074636686,0.926624971297917,0.9294471040165213,0.9300842962634569,0.799945011332866,0.8076524612959489,0.8112837735692927,0.7191717566946937,0.7204559888669474,0.7161429186109546,0.7116891742123623,0.7288588588941811,0.7303584956257915,0.717682806643398,0.7320690688554667,0.737598378488726,0.7294221809079758,0.7242517598570378,0.7085611993318977,0.7064229576199942,0.7199954359705523,0.7424510202474863,0.7499681609454131,0.7244070095578059,0.7182744243879793,0.7208625945184911,0.7078450186278207,0.7368182089369698,0.7283995891463855,0.7293261131357169,0.717798609201086,0.8063668001478288,0.79133835939303,0.7324090164100222,0.7063139330464817,0.8210151508351418,0.8860136349716089,0.8801040724737847,0.894648724639425,0.9525751967416167,0.9711138036395438,0.9610575552322443,1.0378500323318012,1.020272338327482,1.016865536614608,1.0966118815531483,1.10260327776389,1.298014012092851,1.2322743889359589,1.3245234434556068,1.4094569286825211,1.4428304850457734,1.551118283579455,1.8518503673319333,1.9179768986881491,2.070168875607312,2.199264000735143,2.495244777235218,2.714639039424397,3.0339073129457033,3.616907650155947,4.323861651017263,4.604678065056122,4.99685284791383
1.35,7.0264137237973845,0.001990406740764274,7.403396648905039,5.528937520748225,5.761244364432192,6.112711192237105,6.429843820747154,6.663057411298926,6.928382924097437,7.163136701101174,7.400759717015685,7.71780750547847,7.964343052493731,8.186710456672078,4.175134498281343,3.674116389422836,3.4432237255590996,3.2446293053540924,2.9337975298933348,2.7615816922477903,2.6890893751165743,2.492349834125619,2.3262594113114483,2.189092941211814,2.1468695810578033,2.0505961050724553,1.9745519934357707,1.89629316181933,1.864625931353812,1.8051595733839474,1.8337231185571288,1.705340306657254,1.699354062427895,1.6416537819688979,1.6052543007941842,0.6027554628974559,0.5926611396013334,0.583598922365985,0.5755005251679416,0.5683069831638149,0.5619675263758586,0.5564386498518075,0.5516833468644381,0.5476704788150506,0.5443742610905318,0.5417738485719806,0.5398530080858002,0.5385998680397971,0.538006737962623,0.5380699927956991,0.5387900186790112,0.5401712187159963,0.542222078878225,0.5449552958933122,0.5483879707254715,0.5525418731889795,0.5574437854232289,0.5631259345145467,0.5696265276111103,0.5769904066167503,0.5852698441926641,0.5945255086406488,0.6048276326856883,1.6827216329227255,1.669665113868977,1.72664367903333,1.7703727929247082,1.8176213918243562,1.863675746596139,1.9311974362876214,1.8855937075467037,2.079740210159623,2.174805930993215,2.2358744970214484,2.2454354157043763,2.3069020267474674,2.5955805328916823,2.681860715813555,2.8748900004892666,3.012914682872908,3.3166244407307355,3.550075698398361,3.7651597688960305,4.143706700409772,4.714588792215959,5.26455618521513,6.030304138613785,7.109237175044567,9.051450315310392,11.480213729371206,12.827065396149685,13.798730726058537,14.75032083964566,15.435781069758471,16.497451683136724,7.978583509668084,5.638350070673329,4.4350721748634045,3.587298174598984,3.216399570920681,2.8401064320295917,2.4672222788973737,2.168426389577379,2.0133367456074214,1.9414558315362371,1.5822618057398892,1.58075641104998,1.5637522540706,1.3544146162257187,1.3351682513496048,1.237807613669212,1.2513564701163253,1.200496836747568,1.1144323166406997,0.9993317155619218,0.9909223669814983,0.9348478206080195,0.9626662353835069,0.9512268961467065,0.8466395755561402,0.8496364214086889,0.8551038778267253,0.8789014712349521,0.8801525308062492,0.8928919789530313,0.7683414900246456,0.7942825638616957,0.7553977819461918,0.7725778407982976,0.6906708277621685,0.7670387795562559,0.7739090982925694,0.6899054354011165,0.6882704954526702,0.7096597138515948,0.6955185990553152,0.6970222739928877,0.703799657352027,0.6977172897937699,0.7047905300517913,0.6934397884749929,0.6729206930097839,0.7763194491723963,0.7694629558218906,0.783010854088187,0.6899510980123533,0.7066174095650907,0.7766131797269225,0.7746091100712613,0.7769805374935915,0.8221424824565783,0.7956938221347261,0.767445929753053,0.7762113187054931,0.8093660662946939,0.8218940355925031,0.8737404943006344,0.899397850440266,0.8641694222311342,0.9657450742888772,1.0598410487859875,1.0178320442778253,1.0674708805494715,1.036199747923961,1.178602624480268,1.176812201161801,1.2551495852896053,1.2523406312143783,1.466035755069101,1.4780920328049887,1.472765266403207,1.623727308985272,1.7481445492645598,1.7761444968810693,2.113396182408305,2.2656624951855724,2.6688931094894723,2.8841663777162014,3.2578824711900567,3.7301166293741144,4.282492427927169,4.751598627057057,5.1957596627218345
1.375,7.070821414860861,-0.003401017885372561,7.4380553053293665,5.8680609496539695,6.117814113107769,6.4482502370337835,6.656710048884102,6.871637008723806,7.174857068442631,7.4790836144289035,7.648283785475423,7.878056449189107,8.174906912269408,4.779384901020847,4.084567282145074,3.651250236813854,3.407525676141565,3.0437151151313273,2.919111272021578,2.863328302012305,2.514966837110657,2.393578589386675,2.3136614971971583,2.3238825319933,2.1142890193887056,1.9964214838067897,1.9671716725677322,1.9042204740618698,1.9291033493735394,1.8570969493425158,1.7269148404515844,0.6531662712572758,0.6382216232930497,0.6246898976358446,0.6124510235443876,0.6014014056220928,0.591451516107083,0.5825239271412587,0.5745516957455344,0.5674770339759766,0.5612502116773009,0.5558286506662415,0.5511761779854915,0.5472624127345315,0.5440622663941733,0.5415555408783974,0.5397266120411482,0.5385641892436895,0.538061144009863,0.5382144028891496,0.5390249015145684,0.5404975985725886,0.5426415500745438,0.5454700460088785,0.549000813237424,0.5532562904595718,0.5582639833004536,0.564056910196569,1.549953918109906,1.56043661337574,1.5910193382902817,1.561833624953993,1.6309399265832394,1.6492895988887295,1.6916765802116085,1.7657145663292295,1.7784468400516764,1.8451886558534127,1.8139220961208307,1.9648252954906897,2.0868264883860195,2.0359094465844105,2.097568328075202,2.1709695911236557,2.2992851760661264,2.416426623183413,2.472579274915368,2.760055651636544,2.852570371854455,3.11143052787045,3.236099423243619,3.472023941380409,3.905677828245782,4.3710166346407675,4.773782533138975,5.386335975035593,6.2961634196540155,7.210766522209503,9.752348808728778,11.587158214495394,12.884499037207405,13.778800381211939,14.827835708318302,15.455005442793816,9.737990474788099,7.649627024364889,5.417573027568827,4.2385822679135545,3.4699037973622313,3.066112041724811,2.7143318686010587,2.2861291080458086,2.1112868798394517,1.927631478213724,1.8925426073454534,1.6455856100724389,1.5627759829354901,1.456583597075707,1.3755106923853175,1.3516535742907934,1.3128356165464754,1.234898229380648,1.06036364635217,1.061125139608405,1.105589999743117,1.0614609828328148,0.9850591722400089,0.9526961356832733,0.8651277864261313,0.8517740633494,0.8652698297652393,0.8111517108991225,0.7986304303507831,0.8033160835821078,0.754374330788313,0.7662461934527798,0.7808027175856284,0.7646592532420806,0.7582664424005204,0.7872250426958122,0.7774932194022494,0.6846714588005465,0.7543275251614963,0.7856279844980144,0.7516954136453049,0.6982214873586353,0.6808402096788291,0.6895677524902138,0.7640135114882859,0.6899475146082782,0.714718620307722,0.6826205847815806,0.6674775425754379,0.7859385533311378,0.6736319989907457,0.6954617686622399,0.6914617769542073,0.6835476272424156,0.7848422229777515,0.7773427631649108,0.8407929884237532,0.7707414319268473,0.7926741536075113,0.8885179294910687,0.8802131152014969,0.881881708413806,0.862767652253958,0.9520737632444026,0.8794844885227033,0.9296928773026116,0.9936169432073576,1.0036852093958573,0.9928731144541515,1.1073420374599192,1.1131891105868719,1.2236997707455404,1.2126235041460929,1.290489676262373,1.27066972840916,1.4068973409956191,1.5994092173836905,1.6766458056244802,1.7388330403429402,1.8197018550203976,2.1332562248140325,2.3328378738676827,2.5678743456115924,3.083934278372778,3.2573788381262143,4.034114025950459,4.566837658374179,5.040331307568481,5.479332601270504
1.4,7.1142673626450925,-0.0020038071246483054,7.476814111476411,6.029189570231523,6.3852113778309825,6.687497242131843,6.9100693526243075,7.115434138427772,7.4484603105206375,7.744726884800322,7.963436560265672,8.245166568537226,8.45868554116813,4.382466108957451,3.9144652448459545,3.559941939075783,3.3515053454077885,3.0670101436188846,2.865875114676064,2.635958332362277,2.452545894928623,2.4073732579455323,2.306945774717039,2.2578670991451837,2.067591990933242,2.0524918839354473,2.025917832544201,0.7255321875239032,0.7037505827188534,0.6840481142974651,0.6662086609636966,0.6500481807307323,0.6354092524025403,0.6221567196086852,0.610174188879435,0.5993611956299383,0.5896308972777026,0.5809081860673588,0.5731281389611574,0.5662347405609639,0.5601798291355711,0.5549222266283932,0.5504270218720384,0.5466649827603937,0.5436120782830104,0.5412490954504806,0.5395613394888679,0.5385384084514678,0.5381740357393033,0.5384659960591746,0.5394160721797787,0.5410300815583706,0.5433179635806356,1.4868678918576477,1.4397669473757753,1.463705069874122,1.527549306319778,1.4249834488945288,1.5240210298474623,1.5309308278235014,1.5503950174125107,1.6349176313863152,1.624338759839743,1.6313239926473329,1.7032270874876418,1.7030636695917567,1.7909265031096966,1.835300848795188,1.950483693750465,1.9519300224136116,2.0164505973966547,2.021119277355899,2.1881599639410587,2.2745827677235124,2.3738713995144898,2.5672840383648516,2.6395673981565357,2.7173401009664193,2.9543803528259516,3.053044662420641,3.327298452194294,3.683000863427331,4.086031301178748,4.450963128526122,4.951222258142304,5.666124147550467,6.526125834150603,7.604580962935593,10.270898670160705,11.934370711746999,13.089133570558147,13.954605744931307,14.707911682426037,15.483756131706,9.233804594790742,7.0726481746960435,4.984769811063952,4.02347620272065,3.2807568312541653,2.9180839323450583,2.4768256633621153,2.2050113258486066,2.0561742964736327,1.8531267388156432,1.7548982507587303,1.6829057373298515,1.583302032662378,1.3861767911377842,1.2667140327003854,1.2686704827463402,1.2884689070510567,1.1732951732539336,1.1467344298241242,1.049002273455373,1.0364197896101677,0.9599287030828925,0.9816690209283774,0.9833400699531787,0.9727643928324777,0.9820346425699416,0.8528954210194706,0.8418887101647942,0.8304757976997548,0.7906820897284482,0.7835769872518686,0.8008951163954479,0.7290006377852914,0.7247851153166047,0.7318976791924319,0.7093636842577442,0.7428704834431319,0.7196209731844024,0.7191144461125619,0.7045774490561173,0.7271947802896706,0.7146584668442552,0.7204673724240948,0.7188436330973996,0.7228170338237776,0.7220666434626932,0.7411274911924214,0.7165470110127734,0.7192002533024777,0.7364971373351696,0.7257089418037335,0.7327352956377123,0.7297942938028626,0.7319206477622365,0.7270477896455635,0.736192416594714,0.8191814728947442,0.8316630129921325,0.7170081274859594,0.8106600682762554,0.889039575101382,0.865457394580774,0.868237631600545,0.889258557120226,0.980374204042587,0.9711976399773926,0.9478597221678654,1.026714067172561,1.038698494465823,1.0895900346023373,1.0868738264849138,1.0850834889149983,1.2760828025696793,1.37253242192161,1.324214487346286,1.4143057865176751,1.5612615495384192,1.7392979864672378,1.8536640565382938,2.044896326044163,2.0969732687677163,2.3871663739309774,2.630441896815317,3.168600167592026,3.4237796304032106,4.302086782289449,4.873788857431398,5.3211294319204585,5.667973090040961
1.425,7.155629891459146,-0.006453229835581106,7.475961217167242,6.2443507695096905,6.514819605948791,6.899507506669629,7.108075247268105,7.335223768360398,7.6277495222239216,7.946506023665813,8.184355948401617,8.472968195073948,5.164730702498837,4.187468006057916,3.9556227088046385,3.6071358733865395,3.2929669524702967,3.1813084532262756,2.862249451744807,2.607095982364276,2.5793948141378227,2.345888702970263,2.2642508294511083,2.226236388337686,0.8022424438954725,0.7729470021202863,0.7465936353811836,0.722829979038305,0.7013608768379052,0.6819374886481208,0.6643488175683228,0.6484150542611999,0.6339823020447152,0.6209183624263095,0.60910934330136,0.5984569114465824,0.5888760542100409,0.5802932471699129,0.5726449482571536,0.5658763566749856,0.5599403884930856,0.5547968311800868,0.550411647380639,0.5467564045366087,0.5438078119329987,0.5415473507430658,0.539960985899259,0.6096991264637114,1.4674629577672085,1.468376078979773,1.5049079637763043,1.432564880514594,1.486665957843622,1.4392134909572247,1.4808674359377738,1.443246516763051,1.4522550891618853,1.5271998825464477,1.5759467742576483,1.5996136028056522,1.573765024720536,1.6006682271083466,1.617645524464699,1.5990413387626556,1.7471580082447304,1.7769305041098287,1.8022404343256628,1.8693737092146347,1.8527102072193904,1.8973608597964806,2.073677122397001,2.0803891490074062,2.146609434393695,2.1977997061411516,2.4182685462832274,2.507262115600996,2.600888062588323,2.8282472781218027,2.9038753306936083,3.207063072951414,3.4528788768575738,3.615444254634196,4.025924647976475,4.402888254151857,5.098295552284285,5.666479036453183,6.446055687308836,7.932244484416049,10.267532671350379,11.871189861034624,12.964909914386585,13.861315134681405,14.686638755902596,15.377496387776313,8.779499492332794,6.62600179737053,4.932683464108234,3.8923146918387537,3.2224070480748583,2.8185746591797924,2.676770578760946,2.3551750538015566,2.073648181378231,1.8899384163712472,1.647104636614236,1.5706419249586228,1.5767760824983925,1.435597728530997,1.3106287998235648,1.2263670837731784,1.1230595352337467,1.111963308489638,1.133311916428152,1.1238079195875523,1.0098431055353307,1.0082897862323497,0.8972598199145567,0.8905387394920714,0.9343726695393754,0.8603056500013953,0.8476262726837978,0.8723905273231725,0.7903146030360503,0.8131511335402091,0.8059960316235026,0.8233717399805938,0.8067129678226139,0.8157118731073076,0.7438979579189089,0.7430592632275735,0.7045735529544238,0.7115104940067825,0.7083288058794502,0.7521643791197133,0.7099752616452865,0.7231819562450567,0.7092483038330977,0.7069335357243419,0.647542466687479,0.6976474715448918,0.7105081670652638,0.7160982298351912,0.7138403519075085,0.7973191450499073,0.793004682434404,0.7476921561557632,0.7575294867188315,0.7497817877808455,0.7408806595415821,0.8044172269699809,0.7402130329091486,0.8190594389425739,0.8340006125044238,0.8019900987225458,0.8271362106369012,0.813020113117219,0.8884974596439164,0.8437571828316135,0.8596856764980745,1.012821591264914,1.045078672076253,0.9966684627298772,1.1230371330372544,1.1177467178413611,1.1565028751997999,1.1715194023278124,1.2891976136960117,1.2361770283411013,1.4039226232553805,1.5388181492203767,1.602835328929914,1.7204240568216176,1.920393115734624,2.096194016312752,2.17584492980358,2.4954034099683584,2.6537025219577917,3.335972754355625,3.655760062257177,4.385837094238438,4.923804589795817,5.435733844777718,5.858647362086058
1.45,7.192170287792491,-0.008966228461609976,7.474681875703488,6.39679368288973,6.731683506454584,7.087935093400241,7.278370883972496,7.549363345894552,7.840408084334811,8.15093094488419,8.434176989824978,8.647174147530007,4.8448303262811985,4.127695667393215,3.8476381128644164,3.4890402459626673,3.3137307967654777,2.974741283205815,2.794103175485017,2.742445827231729,2.499629905057933,2.338495100867414,0.8703057389504886,0.8340240542323759,0.8015842348781257,0.7724797167080235,0.7462923606027221,0.7226742271363493,0.7013337012689456,0.6820248043405245,0.6645388730032191,0.6486980177573323,0.6343499349106789,0.6213637588807505,0.6096267222228918,0.5990414487412652,0.5895237473053703,0.5810008051532456,0.5734097026752742,0.566696189141083,0.5608136721073839,0.5557223834318986,0.6044778039416302,0.728371921992914,1.4758188500241534,1.430534381802149,1.4254743980539666,1.422710442369327,1.4243209459933601,1.4237742532142965,1.4428378054060518,1.442516291734625,1.4408466135616669,1.4421090180499814,1.520493128454354,1.4971897770423048,1.5196113025066031,1.509017396023455,1.493960319054503,1.5230467557039715,1.5529398699693977,1.6405357709961097,1.6747434778917667,1.7069784670666555,1.7033948811451318,1.7773451587545706,1.7846522029572578,1.8184692603405213,1.8983747817057388,1.9535768857542999,2.017562742109985,2.0601182870697783,2.289622016442464,2.309357439140326,2.3014363126413095,2.5929314806938875,2.6861188857724967,2.7664077203292283,2.9995523368864854,3.1359144945700126,3.365932545345981,3.7276514519212633,4.1313766260514715,4.4892415671630825,4.997698624348802,5.486540394442336,6.596788767988951,8.053702807305402,10.491428462987662,11.805623635855252,12.910231677313604,13.768290254659798,14.431982298285625,15.170029044698108,8.698781935106727,6.720844961243028,4.9329237450115935,3.8546396572214734,3.325889297871458,2.914933740899221,2.544212425426437,2.157413704261657,2.0730426756000178,1.7731087037301307,1.7800855584978024,1.6117730623722986,1.5231407705896938,1.4027839162822764,1.3647111673721923,1.255740161299353,1.215420686708337,1.0561264643774628,1.0613077883375328,0.9687059428279277,0.9806245642824704,0.9864923359017969,0.9897628484809268,0.9989810429046934,0.8659227469755783,0.8718159891848258,0.8729936624581421,0.7956459821403707,0.7811575504316093,0.8103460861673036,0.7779285716980476,0.7691758672317148,0.7681131375164044,0.7679700883151759,0.7725609314100246,0.7663499091333714,0.7656620935227088,0.7527762413554295,0.6778182906363427,0.7632977616133299,0.774847227299794,0.691836404805586,0.6707668040225263,0.6868383049486887,0.6982566500254345,0.7618971561226654,0.6963515154613251,0.6869953029808576,0.6836405400837794,0.6619734926659554,0.7406718020384,0.6873855011461113,0.6674493970406101,0.6902836998824985,0.7713073319901291,0.7746851870813647,0.849718774887638,0.8534196863822596,0.790758377039933,0.7989456596309096,0.8837497768551609,0.8648994029966013,0.8632137060148062,0.9394974696947841,0.9406964692550291,0.9271032031267696,0.9788927550149558,1.0023694925650921,0.9851763049030627,1.1346495864890973,1.1367961157053572,1.2321992161158961,1.2205652311196278,1.3215591885519384,1.4204502016918255,1.3850119912924619,1.6082202466573938,1.6682578423914516,1.8067811345472682,2.0661628612677134,2.2190418142476256,2.3808340176130414,2.8947678462959243,3.057716002015841,3.5747577498443293,4.462508112643384,5.123344363737489,5.626703135868953,6.0562602498648985
1.475,7.224423783046527,-0.009415928997348645,7.473828981394319,6.6474218490441785,6.914537178188498,7.245619594121115,7.504471960076542,7.741593387340435,8.035682086893605,8.270410680792903,8.579589315320066,8.795053865208157,4.873816044175336,4.253787205418211,3.802251950864459,3.5864134797554788,3.261581742228907,2.9100330990086296,2.9196648527161,2.663987610024721,0.9594235113100219,0.9134043471965576,0.8726126468047676,0.8362843138601046,0.8038004240171329,0.7746545767120202,0.7484286984383359,0.7247748527003274,0.7034013882733998,0.684062267025976,0.6665487535251953,0.6506828807835635,0.636312267086453,0.6233059715710911,0.611551156449055,0.6009503815770799,0.5914193992391987,0.6123946439328639,0.672053783139719,0.7455982828923703,0.8383643594896347,1.53889195794479,1.4953782504007338,1.473333474538909,1.4683728293352405,1.497174914292625,1.4011567924813981,1.4010302890823592,1.400777023447728,1.415911472986488,1.5087079441113176,1.4977890823444673,1.415178185538182,1.5274599117120446,1.4447159169355097,1.53919079013012,1.5321183785943933,1.550502219779839,1.5437576922398393,1.6054397384898826,1.5844523293544648,1.6011978157703242,1.6285467391360469,1.7059953980920806,1.7287843867015722,1.6934370019916305,1.8633610976896253,1.8477425112396797,1.9394286777875982,1.9559446199304167,1.9280473097071529,2.10073454632659,2.2119718682896865,2.2693946896454054,2.4692583911077355,2.483367679716938,2.5634534826073447,2.844463868004838,2.9342160320703576,3.2256334688073873,3.481092517215114,3.724251708920064,4.031003681203007,4.436620627617842,4.939161146424524,5.764769234160888,6.4964407786062806,7.86274267098547,10.45258902742115,11.616290450984712,12.61962952402225,13.518223961677766,14.11582395019163,14.9812390060749,8.693579431623103,6.5811919601044195,4.852530404183462,3.88460395731098,3.1296710958041274,2.7134287863873223,2.36670008055074,2.3019290041998874,1.9738896081068162,1.800400307240275,1.7164568411403893,1.6168842752265784,1.5770079241649269,1.487764017157606,1.3513445254162837,1.286400134571212,1.2579234365438452,1.1518832536074584,1.1020509543005497,1.0363543669375177,1.0164223479786982,0.988249877983883,0.9113781819850199,0.8782723200313105,0.8800400606723153,0.8629822962411735,0.8344448830827389,0.8300413325774323,0.8460988853540264,0.79918955477297,0.7992799401179883,0.8017418336063862,0.8103828600739291,0.7152544935771414,0.7209586908390051,0.7246122710972006,0.7122819194755008,0.7231284839053942,0.7182609110133515,0.7277937111735521,0.7417618732711845,0.7199499145932458,0.7269217539182776,0.7216932975874203,0.7375782040903057,0.7207806969821733,0.7161908173272464,0.7200087194749232,0.7292539802908646,0.7194146327051809,0.7184112023871344,0.7310938202722831,0.7281982097905453,0.7227849795432109,0.7247836367188504,0.7247613300994613,0.8127897940593203,0.805913146274222,0.8091673063604135,0.7256094242897975,0.79909123817327,0.8952336022388727,0.8936182393200434,0.8873870636136681,0.9564238946164875,0.9687977574176585,0.9393513826579862,1.0312756987894152,1.0328490393182386,1.0485849124341227,1.1106890613864335,1.0858773909876356,1.3029699029718878,1.3563100953473546,1.369259074242476,1.4423582487378017,1.545525139350416,1.5451264116714725,1.8860872479796695,1.9492464507737335,2.3241956670190076,2.5625846246122275,2.637224869277089,3.137003274112028,3.8015884400533513,4.527367498721176,5.166125626039677,5.820788201790782,6.2689011958012655
1.5,7.252879413141983,-0.025028443397108427,7.384817101758468,6.7587686051921505,7.137589208128524,7.4158179958206345,7.708567706178659,7.988293383790118,8.285738877599623,8.42667777146346,8.691416802925492,9.029592941738999,4.679985482300899,4.344620768537812,3.8084633186616075,3.475922132796865,3.2626869046078375,3.0272177037146646,2.8199060395963977,1.0173129353450232,0.9647595751253607,0.9184336108380983,0.8773731267288659,0.840807843182136,0.8081139283816106,0.7787810403160393,0.7523879059828625,0.7285839666738231,0.7070754034502923,0.6876143721915234,0.6699906222527571,0.6540249073542053,0.6395637595614665,0.6665337885927061,0.7105715518807401,0.7618343302719763,0.8221486553302446,0.894017539259262,1.5699948152421066,1.5381404998700756,1.5081543214622497,1.5282601165027556,1.4308488894510096,1.4557422067666084,1.4661039461655112,1.4508777664287336,1.4588177279562182,1.4951573765697534,1.4856434985588711,1.4942597925045542,1.4978730140314394,1.4333658979126627,1.51445677259123,1.4429227207562496,1.5253720522047678,1.5637302263369424,1.5544121602769498,1.543122182304297,1.552086233704254,1.5865915706905747,1.5746096840938317,1.6130168956297688,1.6629083889690026,1.635707137526328,1.7825743798866236,1.7921467324042084,1.764383228247257,1.8455188923375607,1.8102874273772085,1.9696945749606254,2.0697580691545263,2.062280886810699,2.094289571676479,2.325024552626475,2.369145313734357,2.5064864629626697,2.6390858992752313,2.8258978142712894,2.9794809729507534,3.147251329145064,3.4431291533443624,3.709248970548758,4.086828163482291,4.436157934373052,4.953687528510217,5.579795494896175,6.4458978193991845,7.982982170860688,10.132067971023913,11.299458922420067,12.380420870192804,13.25507430420479,13.920502249383471,14.721680029865626,8.64791797753786,6.8178616258304645,5.097917013211208,3.874381917621038,3.390815493550155,2.893005739598459,2.589409384193813,2.209433340084542,2.172464815454014,1.8160715949282586,1.7498040619669002,1.5711738457362916,1.4823531466924336,1.4569669482851793,1.4289880977706384,1.3122447127950474,1.208217333342999,1.1616538018538078,1.049289094110304,1.1001662413315856,1.0686286991369476,0.9938429428505269,0.9925349462038028,0.9459709316613137,0.9501184025737867,0.8847803614722263,0.7945580097323443,0.8062326957978432,0.7933567301796118,0.7643048671710644,0.7709162305691241,0.7762299649240678,0.7796851489289832,0.7629421791939636,0.7733051698594108,0.7680291401322161,0.6940897496034399,0.763885321437397,0.7504617212542724,0.7467931369209622,0.692879082284007,0.6945132113214787,0.6839340944876856,0.6806810851240249,0.6832168969522977,0.6811386989714809,0.6715848503588495,0.6959746901104158,0.6878010727517214,0.7846301052983838,0.7751517121054436,0.7933989886060341,0.7539371791033531,0.7771606776803223,0.7725928235041406,0.7734047476925987,0.7604112727499914,0.8015664770422299,0.7970114895582111,0.7915049315665108,0.8035126799231695,0.7928294776538789,0.8897060847764678,0.888329964884933,0.8783479101259443,0.9373412231410925,1.0195891349006971,1.0401950959969264,1.0389454168497831,1.1086847855228672,1.1033884833408982,1.1626761990603631,1.146169776824348,1.30373488249998,1.4384365135247184,1.5261937045332492,1.5054651866618092,1.6171048167561939,1.9309821108102394,2.0018802539368963,2.0769300486555013,2.46942040222755,2.7568118613959247,3.200311017972506,3.7148193033973165,4.31624968266937,5.216108571981961,5.823018940814802,6.374303162748511
1.525,7.26755859029845,-0.02731453792880384,7.3748010934951225,6.951847553407442,7.273439764524235,7.5791076257450465,7.8493197172813804,8.118471393081297,8.429113693442984,8.632556257187339,8.880626769418893,9.195167622526942,4.6557721597554025,4.394760211461121,3.8879161619057117,3.460859136267209,3.2305510329021896,2.997822952425746,1.0864328794300608,1.0257084185376664,0.9725354073066244,0.9256763059377042,0.8841532775085996,0.84718373755402,0.8141342089914546,0.7844866929092968,0.7578137681170084,0.7337598879304515,0.7120271485970245,0.7096280847303007,0.7436319263203245,0.7820597114809162,0.8257367402594017,0.8757114160671281,0.9333356735640644,1.6109686923443245,1.5828592840029083,1.5669546420600151,1.5491602047300688,1.4485149955780743,1.4984344473878706,1.4045324718890009,1.4788839831821299,1.4896408883512837,1.5110207548868084,1.428646056546316,1.5183151224461027,1.4374235021740223,1.416321743367616,1.4195207619499426,1.4269702978849663,1.5065581996239144,1.5314278478223438,1.4543362345443016,1.5266697250478778,1.4295446358978332,1.538098082055768,1.5235721789368757,1.5531702176669708,1.5630864144003391,1.5783355440332638,1.639923601834515,1.6493607928179148,1.7518525748427136,1.7327939476014802,1.718270189278803,1.7482053208989443,1.852030146010287,1.8947341986447033,1.9440297160990172,2.025849304663662,2.1430729016412036,2.2391339661308427,2.245739660072854,2.3189435061266654,2.4691739864695137,2.6250298709838265,2.7953351807101643,2.9034093610277107,3.167950578623709,3.3831874877440438,3.643035829908307,4.034471501115529,4.505443721160899,4.833462914250701,5.3581057452184675,6.270768966425095,7.846669908605539,9.991076035420333,11.145672213705845,12.108563196960498,12.99313893457679,13.714294924666964,14.461737991161304,9.1484583668097,6.99259266508857,5.31809980477341,3.987193181393478,3.3176984285065196,2.901544441243478,2.378523989627646,2.367556785612076,1.9870574684477764,1.851658363257841,1.771141412046615,1.6400543118413045,1.4592168685931244,1.3901092916328386,1.2891287898943395,1.284597149729546,1.2854790509894365,1.1300398095676878,1.0697202412102038,1.0694700736825815,1.015240841465545,0.9435703684030823,0.9485666430208447,0.9528649372958898,0.9538071387077514,0.8873339143939108,0.8908156570298392,0.879368706817926,0.7906577634602105,0.7683420715518088,0.8376810983776914,0.7949497744662851,0.7759336881128542,0.7695878644187405,0.7732782354032182,0.6945389889759,0.6826201120562352,0.6816894426042994,0.6857636005714478,0.6801700346524713,0.7769442198905994,0.765646093828937,0.7681937356426838,0.6810253984737464,0.6803605943425681,0.7067442956975666,0.7667977099868916,0.6969515635280606,0.696737337322369,0.6894755152845252,0.6952795357731765,0.7518599622381367,0.6681426988317055,0.6796823375134861,0.7025334199633,0.7734416396407493,0.7729802044539494,0.8513480860653039,0.8483293762021067,0.7921736140292709,0.8873347368563825,0.8651794458925391,0.8805635318114566,0.8765039362423612,0.9398196152181924,0.9554588003840624,0.8917673413112384,1.0010729440439523,1.0035309341605916,1.0615199875231849,1.1456101885146222,1.1412811152084983,1.2322175107176854,1.3499705840239336,1.3290391521666673,1.455230723469974,1.56738632558384,1.6669853441052318,1.7493496430757631,1.9295512878459482,2.2219966989389737,2.4043548541116277,2.794716513512747,2.9843746304784284,3.638037476148731,4.216316891364751,5.215527339953542,5.794696773901257,6.454597710878262
1.55,7.279676262944917,-0.02834930786821281,7.368123754652893,6.981509741158359,7.380241058031435,7.6811160764307385,8.005431899564565,8.234680776266663,8.574613806984535,8.844924147591872,9.108484562072526,9.340136613051067,4.829108135397558,4.333416813390363,3.990292936547478,3.50526818944484,3.2731090690673317,1.1698527640490208,1.0985765933045442,1.0366779344760964,0.9825161287103233,0.9348155357800625,0.8925696589121654,0.8549739995265607,0.8213780775913415,0.7912505271459117,0.7779998839215216,0.807751555903262,0.8409348732973686,0.8780774592711449,0.9198255932392807,0.9669791072612319,1.7427073842170722,1.6406784054898194,1.628700902692793,1.6221278918282647,1.5771180872028987,1.5721491539394146,1.5433527923232069,1.5272582973397502,1.524853847256737,1.5232250153095883,1.5265280355685116,1.4516642904141677,1.445652406880382,1.4444578110907405,1.4459939504432273,1.4779362276704004,1.4723992268345982,1.4776900094867003,1.4422246599152175,1.5292313095828531,1.4235400968064982,1.5014462175215744,1.4866204436166142,1.4878203206234861,1.4912172323304398,1.5021464470947419,1.579650452452539,1.5648998344840037,1.618927843056813,1.6170190139126288,1.685205631784489,1.6330931851160053,1.736305772691688,1.7429213027177501,1.8437946227650537,1.8586257191572355,1.928899885757761,1.9976542096109187,2.055902983229206,2.0636973331165582,2.1407123849164154,2.3789318199348783,2.376864674683578,2.466557773500866,2.664530293675259,2.761253723418145,2.9795521214788634,3.1137790295968957,3.39619348232131,3.560896704304181,3.9285538987567525,4.304082433259553,4.790329246095902,5.441830722249117,6.070275011624797,7.645311756731777,9.715207923042232,10.91568370298236,11.794659867941098,12.693538522419,13.36130528250669,14.144822315539427,14.866264496266032,7.023508587312894,5.224750443128245,4.176009990273326,3.433274262006333,3.004175174040907,2.6239032008342917,2.2150127858455217,2.19596310031503,1.8860719675389923,1.6614639939183276,1.5397617975516715,1.4849278668970594,1.4428043441591785,1.3084922238647418,1.213802362724489,1.178293151309791,1.1287300458148943,1.0984518107350956,1.0864291321418391,1.0128785833401048,0.9907698768148051,0.9562868221304993,0.901021291696644,0.8478161631472628,0.8524862817190303,0.8572140772860007,0.8459652489525573,0.8027016428795404,0.7974529741754236,0.8179345161846286,0.7533734554922005,0.7376154890011369,0.8212993099169875,0.7444056676264493,0.7086404282350068,0.7308057339085202,0.7152614019451112,0.7123542061233488,0.7053264280820428,0.7139497119965715,0.7285861394233965,0.6933152014553621,0.7256539482797737,0.6430577847721635,0.6144938363893251,0.7125411120258396,0.7301946104855758,0.7106922339012273,0.8087106290517674,0.7216230298797182,0.7587122446794073,0.7401318370603103,0.7282976058676051,0.7952302575520409,0.756621971336987,0.7536896019380043,0.7386827676728375,0.8271476652875839,0.8159277835051368,0.8147860522876993,0.8309012490531611,0.9011564076155182,0.9494021244816242,0.9105577446126727,0.928881533289596,1.021944101344334,0.9713614300713291,1.089908713327782,1.101943919355098,1.0924992730328102,1.1695822854066609,1.16445236424031,1.3129447911958392,1.4422390317933993,1.4838325428374683,1.514668507617957,1.5490375583963798,1.8603407002627395,1.9782930662790914,2.0507659516067362,2.4460778451531406,2.7735289742389475,3.07598798099931,3.5600379994860507,4.322260636184698,5.038233810064806,5.998028004186197,6.611447940176765
1.575,7.289519989072711,-0.02645532258640859,7.361446415810662,7.028401089510236,7.4071215927461145,7.853242695862507,8.12291205461397,8.39162779502837,8.665555613910053,9.031967412396128,9.28765320005703,9.495680658661003,4.977753233679976,4.393034624782505,4.0213353717557165,3.5943517869214543,1.2789755869038053,1.192287439407304,1.1178806782755493,1.0534238557004787,0.9971440123660521,0.9476692012753379,0.9039214701817151,0.8650423982296226,0.864245779606303,0.8923093316679166,0.9234198343956338,0.9579878265517726,0.9965063388904649,1.0395722075454696,1.8613141780668192,1.8014589000325696,1.7410427092273497,1.647773202034237,1.6370441019201862,1.5874665601638396,1.5690342086355176,1.567813684256074,1.5814621821540316,1.513098917182101,1.5120510785347725,1.531020554986866,1.5097656995577524,1.4862372685716854,1.4757816855574615,1.4896451892680795,1.4373795704248713,1.5164777565605314,1.4256295458199622,1.4195384058967728,1.495750492388206,1.428258861171805,1.4347235890394532,1.4191935059123002,1.4348739170687785,1.5150060870625037,1.5210479962665227,1.578142810135958,1.515014328689292,1.5693345023042,1.5799472995582342,1.610370802511861,1.6943006985017242,1.6643164200060905,1.7485749352798636,1.697258429229674,1.7877360227398247,1.7825005057025696,1.8709162472515632,1.9922318965668153,2.0357253490745726,2.094557531621154,2.2175737893153986,2.3197490691014826,2.3711294968380088,2.5150246915927146,2.591977416806387,2.708540508084434,2.939442444016593,3.0194456711037905,3.323909471513426,3.541267403421076,3.95607220879245,4.296513456222547,4.606900638818394,5.282911260114359,5.906099292732613,7.165928299214341,9.139884803635718,10.521337626667687,11.535772310314037,12.389059602788034,13.114657420328225,13.800228751894098,14.469649881789195,7.5127629692140925,5.8133471587355565,4.573740177255033,3.549615891470232,2.9366055836406653,2.557320232837545,2.452306877933097,2.060638423172299,1.87073746287211,1.6900921343274502,1.6307741192763827,1.5345449297616105,1.4112846923700757,1.2816719124318265,1.318184186366336,1.2868692894844345,1.218104229599347,1.0417135529725106,0.9680876758939825,0.9833749369218512,0.9986860060149254,1.0050635549021016,1.0177320877989169,0.8542429628867413,0.8696464362602968,0.8674140024035074,0.7981674178904022,0.8074473847746978,0.8112949327745973,0.7587789827879211,0.7589934931341178,0.7604603034687768,0.7603700275528138,0.7616134161908019,0.7866022698653246,0.7499678864899683,0.7023513730166954,0.6926258199725046,0.7625105026900049,0.7778337039717229,0.6756719983335662,0.7082738237496491,0.6941717814379602,0.6931622032554189,0.6932599774451129,0.6830465449808649,0.6767888625062847,0.7041510638216218,0.6816626992659834,0.67730030713018,0.6844745492157537,0.6865300626986437,0.6926253248779498,0.6905600677152169,0.7645681260460594,0.8424441882338597,0.7638716778994155,0.819959253470993,0.7910011540326445,0.8695532421313991,0.7949502972317245,0.8689794817826717,0.8670316059566947,0.8797878780903703,0.9139199200003514,0.8623215635693259,1.0332336867215735,1.035593519556994,1.0853256462354146,1.151860060249998,1.170347429717703,1.2301664996403416,1.3232781388194919,1.2943601033731007,1.4866054310318448,1.6006447309200047,1.6511489785910793,1.638135349572723,1.7171797958479864,2.1470077284771034,2.239256228654223,2.616960544317985,2.9852539765454775,3.3348165619954786,4.014561415494977,4.681339571246211,5.7722572197312685,6.579458079518073
1.6,7.297594691836815,-0.04826154600166596,7.334396656947297,7.102594995592453,7.558377408226399,7.877871323122661,8.242749128239678,8.479563533959853,8.813375671486641,9.121479259471478,9.416481913203176,9.658596841770857,5.167661779493102,4.561868745376652,4.212436649338031,1.4208593801473972,1.3118035133192987,1.2196757312705617,1.1409383645854165,1.0729789058220711,1.013826462755394,0.9619664904503719,0.9427958254562692,0.9685209607616905,0.9969385054822388,1.028365329274202,1.06317598123223,1.1018158651284022,1.9976602881784011,1.8938340234615394,1.8018833264963543,1.7288840846016837,1.7163786746450915,1.636819081121994,1.6386774532126158,1.6510863569781065,1.6056320326870877,1.6021947550320303,1.5266150205201157,1.4781056914347324,1.4618794594717737,1.5433083735379103,1.5516291662510566,1.4962353916113265,1.477651556647743,1.4698807163870287,1.4745457918941312,1.4270264895617197,1.3940172539560898,1.4017064942664972,1.457668955466473,1.4111928655869352,1.5036063668132247,1.5086559874396914,1.513460333694606,1.4344623303216808,1.5279393828237318,1.5412399410394766,1.5382578669372735,1.5783912864281857,1.620702610576209,1.5726530798576195,1.606330446367869,1.633237771671046,1.7113744983119683,1.719334260895455,1.8407820857905175,1.8670399737926628,1.8930029052668795,1.9019304817331908,2.0235077710563933,2.098280330141195,2.1188344425929455,2.167377869460395,2.4139107195363954,2.422817558006094,2.5058931387193546,2.7097188692534178,2.864782351720897,3.0063688731923253,3.202158288749428,3.541299864602932,3.7963780102638056,4.093927520683266,4.487760157705425,5.023001738104905,5.745409908797895,6.886389576006024,8.52619623384722,9.867349078651515,11.019045564234988,11.89471864169986,12.653677538523525,13.41616457472441,14.077834251387568,7.811406514884325,6.359393860739946,4.786277144647739,3.8353295301381554,3.142697609671978,2.6704962694023258,2.372630148830123,2.235210292054075,2.0116386551701817,1.8628350532076072,1.6127961046340418,1.4912398321628766,1.5181271603024211,1.3740834350333557,1.2673616387331592,1.1654414956132637,1.1406441359347357,1.1386409167053577,1.1229452944549019,1.014543468592038,1.064159807540211,0.9966184816570925,0.968393838110255,0.8807763932624512,0.8775326042969431,0.8913552053486998,0.8307617154089751,0.8479792413403081,0.8402609378505418,0.8048244367344362,0.8205897874637855,0.7950534343253478,0.7238961024373008,0.7375090900316682,0.7310449732219971,0.7312319909858425,0.7289813670434107,0.6913574226331786,0.7387673621567642,0.7195740538184593,0.7106188387941875,0.711446331332978,0.7107743917503564,0.7253495446584879,0.733600375055299,0.7068447550513277,0.7247968558879264,0.7186622699985845,0.7147667362386897,0.6995070870941694,0.734711049542687,0.7124410866947877,0.7310947557606088,0.7420111660281272,0.7320917015933348,0.7186541814753913,0.8199180826397667,0.8013342474980055,0.7242449847438961,0.7258836188718278,0.7972833120003633,0.8702667607447716,0.8627763089067896,0.8724458796656538,0.9635607561777598,0.958282724657863,0.941632571243083,1.0182334443788257,1.0357360346450528,1.046780776530697,1.1865543694107359,1.176914689361275,1.2618100161921035,1.3790531201217684,1.3726101102441197,1.4838704449151265,1.589791392520592,1.7511910429152235,1.786025267393827,1.8927808124092065,2.345051964789528,2.3811186250186602,2.8163868703241897,3.3414129330389373,3.8091394512635155,4.713420101301585,5.730903069179541,6.465579952041456
1.625,7.302141874013364,-0.04976275119818812,7.351729737286379,7.12432627877354,7.529205876205606,7.969056527775958,8.36010642155352,8.630831044172218,8.887904690594624,9.218719172341476,9.54042060037445,9.81262715180524,5.35065421473574,4.628080819192309,4.270532267795187,1.4537791342468125,1.3387852299396656,1.242052700575654,1.159675008807608,1.088789349305796,1.0272502300956852,1.0425869540739683,1.0683707699542364,1.096832945960478,1.1282659060587574,1.163012931234287,1.2014790565573252,1.9959161113572668,1.9189499219886563,1.8820810404957204,1.7728939216224953,1.7543181110166877,1.7304864569780214,1.6462871525492806,1.6828539061131178,1.6146603365430674,1.6060043456942683,1.5806759673337234,1.6000994664138741,1.620162612976145,1.5029195244915687,1.5151857836598166,1.4511196158323352,1.53017449314458,1.443189700919437,1.4429495327399653,1.3883990750496342,1.3993033887832855,1.479730431134542,1.460116894204383,1.4647619743048825,1.5058063076636443,1.435865416745969,1.4228061264689114,1.4997311857210573,1.4934236116689825,1.506073529863461,1.5132740407359497,1.5428512958569147,1.5635443458125726,1.6023872496729767,1.57369538806974,1.6172498914509632,1.6998132628765261,1.669118584502183,1.7492248550583407,1.7359936120767339,1.8236199348225093,1.8127012763911041,1.9628699974216977,2.0315781128989574,2.018445719706201,2.0560127937944603,2.274609104531703,2.3036716113231024,2.3853706756893036,2.569820513426534,2.654103040199159,2.742643194091782,3.016267397024441,3.082538361695344,3.4172743964861896,3.76599136656212,3.9224824794123347,4.49556726693193,4.950318273963238,5.425802275285912,6.211390971486859,7.964144007139321,9.609900474614133,10.761877361661025,11.408321127850733,12.336124753925517,13.032267512248962,13.659345527802383,14.481835214975721,6.783147396381697,5.456561987005661,4.142053752456207,3.255971437195693,2.8176674832536426,2.49556360995468,2.1990179780334063,2.085852697030061,1.7880409175440986,1.6879932592828673,1.5362178334094536,1.432890498500679,1.3534231525094864,1.35078976011061,1.1992546683737932,1.147402444423591,1.0721204034322174,1.021964351849404,0.9788020825135804,1.0122865288356468,0.9692052964897879,1.0137065592856644,0.8967046218733387,0.8886658232155026,0.8132193256010447,0.8270718721022511,0.8257140805487183,0.8103601674060501,0.7866585610321533,0.7816958370749095,0.784126359258519,0.8089072618212708,0.7523428544460218,0.8295821534295849,0.7352009542691381,0.7105627035914678,0.708064494075433,0.7230306702749978,0.7052642176207763,0.7197157885351554,0.7182259982587144,0.7069464108240049,0.7220526301628238,0.7109558597527397,0.630158979519241,0.6178217794478187,0.7258945323722729,0.7147043762539711,0.7134466908784892,0.7812288796545992,0.7631983857589079,0.755538767441487,0.7440009983503315,0.7548495307103866,0.7451857600103314,0.8092980105808322,0.7503280585595147,0.838781257989822,0.8429327203411473,0.8032867932089436,0.7943217492947736,0.8755929454009983,0.8962178236802538,0.868599307946141,0.8448712691952952,1.0148254623219695,1.0005841067262637,1.0158269488963616,1.1092500205503322,1.1249096318008716,1.1576934158597167,1.1668739767927645,1.30891444533351,1.4108748665884394,1.5476872348783979,1.531193498419742,1.6451677928501787,1.9102621783119993,1.986380340725963,2.090399209713885,2.3490810691882724,2.593152061444797,3.114923611166486,3.743633439121523,4.319963450315972,5.1761083041917475,6.50849284444131
1.65,7.308479352324961,-0.05085119163258767,7.36906281762546,7.106628906910766,7.584257236941706,8.098512748453832,8.495684949317946,8.690359355233548,9.009702520991738,9.373230378435771,9.585311876911089,9.8803133867502,5.531024230331353,4.799426296093465,1.632370958772113,1.4861941784949886,1.365573171632539,1.2644872796075568,1.1786731421658714,1.1150333709366378,1.1381399496799702,1.16367275921504,1.191863437882263,1.2229814799438357,1.2573415235158396,2.2223072751246797,2.032534891356355,2.090371085035021,1.9618239639669026,1.8261607439061798,1.8627111512444452,1.8030311543980986,1.7123186256797114,1.7447016494598913,1.6211399804454598,1.6506692486121761,1.6949693548944567,1.5574136706057615,1.577880646014059,1.5211949010555568,1.525414297454924,1.4502898995852795,1.4848111764571037,1.4102616583741039,1.4746902071415322,1.487792914359246,1.4500695722042776,1.4302175996365498,1.4428419631832128,1.4302526384081433,1.43626565707309,1.4348233923305953,1.4157769173955483,1.5289057816181062,1.5246776004175897,1.4567884934100421,1.5238354211781124,1.464673220769697,1.542689665461797,1.5217146721704895,1.5562825536435527,1.636413871775473,1.6032955057428147,1.6173058148693453,1.6606242809871212,1.7498865104301176,1.7386690004522294,1.7986114836987699,1.8636919528269242,1.8664388809832637,1.9854021981529002,2.007378906817734,2.1142213264722702,2.204033891396083,2.2689970293416772,2.439646030197352,2.5217427675424133,2.5584927320090123,2.7221480823935917,2.9037593311619836,3.188428392551021,3.275895178773438,3.55467969956404,3.9080776985019514,4.298384507332186,4.7545875208891255,5.333929404664385,6.048308391624615,7.715342696977724,9.110113681055106,10.195902612781403,11.003005668892971,11.819637910015503,12.55197862266209,13.267293318373863,14.055434991329319,7.174126603899987,5.75887229356087,4.383671553463541,3.479974439056112,3.0747320550654096,2.6758803498734816,2.3280744085969665,1.9989225285751524,1.9276561720762129,1.7368146266663365,1.5440696904078401,1.5624436803318422,1.3833011612469377,1.2777450638285686,1.1586828433419003,1.1742798580269405,1.1848492217269317,1.0588412495716097,1.0656243142008548,0.9461857729911047,1.0118485398691144,0.8525386944988107,0.8439095308020832,0.848553713336682,0.8850529828844258,0.8728162632351271,0.8827313761766827,0.7693625029881879,0.7886012322075775,0.8033001459508003,0.7942939933426885,0.7622060909629322,0.7495291411222786,0.7732239286380612,0.6843668002504668,0.7015628503542464,0.6739828466757148,0.6921786935723886,0.6760872899612265,0.7573051712731449,0.7856202068929423,0.7458189386705111,0.6896510502580611,0.6971508786181072,0.6820951903411717,0.7616480094595807,0.6680206091745632,0.6763146500405781,0.6969638312858045,0.6976282074593452,0.7771881544067772,0.6953290780137327,0.690344559970188,0.694984822457536,0.7462864074273393,0.7639777718957146,0.8524356350513401,0.8553740462768247,0.7903088763138778,0.7812909326893508,0.879786819201814,0.8696871698334094,0.8672123281247653,0.9420914892706795,0.9432548289803553,0.9073045932958708,1.0010661863244057,0.9873859426257328,0.9878479136164218,1.1498402476943406,1.1430593590100517,1.230207203251675,1.2699664156941095,1.3323513226207477,1.5343146604301972,1.5739350660082865,1.5675668119050516,1.6547788028964683,1.9825052940737797,2.1554070112242187,2.2331580571296,2.6670640542854005,3.036310410334826,3.698747981019897,4.1704259326928685,5.016518637701376,6.353089323105028
1.675,7.316416234668892,-0.050123603091743046,7.386395897964541,6.912142650317024,7.6662774757548195,8.126277483616763,8.446999241744953,8.786999886314126,9.089459590205944,9.436897845210853,9.704744539723139,9.976720138547014,5.8029043092998585,4.948022260538917,1.6816330683665437,1.526064847315974,1.3984027031889577,1.2919037570150336,1.207000981658865,1.2294269464621346,1.2542596688342769,1.2817106015458368,1.3120248934715866,1.3454874843936706,2.2813985799211483,2.2027236316898375,2.118945175819682,1.9974900067188275,2.0001708564743517,1.8667278057684145,1.8244093756300621,1.8281075431605902,1.7197619031434361,1.7022680047000414,1.7269420840150704,1.6403214943164517,1.5754137386266474,1.56968210758191,1.5615723849305687,1.5401631300257115,1.5259947885169343,1.5160828632498446,1.4920808070799518,1.4532057504326408,1.5175388033437456,1.4387604158496508,1.4451078733503993,1.4748784903896328,1.3899945646929661,1.460857007743276,1.4508840576474362,1.421822592847013,1.4968165605762742,1.4874798668135125,1.4746090453883864,1.5264632348127922,1.4399269581552945,1.5419244463214563,1.6063047760944702,1.48977060997233,1.5822675625304545,1.5450883049105664,1.6467032361621758,1.632479765187853,1.7017465831654879,1.7549581076659349,1.7352940987685606,1.7428374312709676,1.8358809436362538,1.7836173772397153,1.9524517872770728,2.079549101051423,2.0673730155509427,2.1006778470992926,2.2762193529589383,2.3217336910501967,2.4416932335694224,2.576365067372521,2.7171968593821076,2.939506399398797,3.0604631530173516,3.2498316928396362,3.485748281252149,3.768506054480869,4.096241819258841,4.647814170372443,5.0892761776973785,5.64876801603035,7.075467225820861,8.513239055246288,9.65658841755426,10.626984413097476,11.467016620438715,12.0849975069059,12.785884001578529,13.52370594026732,8.0532589361726,6.103816081132473,4.952627026082521,3.7615096429960007,3.260318411282006,2.6263456864845915,2.4971456931140454,2.1607355362543474,1.9760420964819692,1.7641297688351374,1.7449379853382108,1.4639374800557385,1.3512448048336378,1.3377842160555433,1.2314261227996206,1.2672045783379065,1.2105517203916167,1.1615846784905337,1.0143788770949742,1.0065470062389235,0.9888222404197161,0.9392317252258524,0.9607379888534562,0.91862095240357,0.890293619227609,0.9065399068647569,0.9007003416291993,0.7687642051704703,0.7598504167837008,0.7788476434636453,0.7803731939766698,0.7676134788819565,0.7833530538086441,0.7927791890447564,0.6951034293758245,0.7736918099121275,0.7767448483510742,0.6979539706419737,0.6933362461794825,0.7082801710019705,0.6872056880815242,0.6980494790889215,0.6875865565275934,0.7006606571419032,0.6953873809903484,0.6951475400610735,0.6826844545733664,0.696988149065794,0.7661738379950788,0.7680080650364214,0.6824065193806228,0.7080681642898444,0.7866835919008014,0.7720351696299627,0.7749824181389395,0.7680750138720097,0.7691609704233665,0.7674260192374209,0.7736922462462492,0.7754242283741584,0.7987499063438938,0.8995953560648403,0.8912893760763124,0.8758197134093745,0.8727770022466982,0.9620049214914904,0.9512236686650939,1.0346187751217295,1.0502390809278161,1.0637139074945612,1.091737399335848,1.1006274719234805,1.3287877528304148,1.282063946360122,1.3638933839945826,1.4686369571438112,1.631341430686032,1.7574097909077444,1.822334043075665,1.9188643073327236,2.365303471170959,2.404565518090221,2.829764478578587,3.360218222134594,3.9941932186363003,4.699754721725969,5.9534471101761754
1.7,7.325545019607851,-0.027046809627490245,7.352624460816413,6.798370620427933,7.465953129195127,8.122231360871053,8.534534496604659,8.888473985747444,9.227404899007604,9.503246980686628,9.8862785649029,10.139665791398153,6.335982785264451,5.239790071823117,1.7369867649943316,1.5704746994012926,1.4346901754009092,1.322000215982458,1.3181513044488973,1.3419438496105058,1.3683094457821743,1.3974692060660574,1.4296793043460798,2.3788357758977954,2.356047890748221,2.2084446418917763,2.0860899282129837,2.086431065157788,2.037380482891744,1.9329740296366769,1.8326226947688624,1.8632267632668675,1.722413785655174,1.7265318523350173,1.6733972913147217,1.6681710177214877,1.6105590596741937,1.5203719153463788,1.5803736894311755,1.5877260577219312,1.570723015363483,1.5155006770919877,1.4638977966265339,1.466179339706124,1.3998502031204623,1.406868364292146,1.4803297533401154,1.4611759711137513,1.4361450784166503,1.4317556917656884,1.4288703693626033,1.4406433219627344,1.4567570618192764,1.4342970253563774,1.4216822829500693,1.5237158130297377,1.5223033679147264,1.5256671544152776,1.517142455271869,1.5320962510926344,1.542119138909996,1.5160065463611032,1.6095789612010774,1.6387856306656357,1.6836205078633433,1.6594367534928829,1.7293135835771916,1.729213613019263,1.8634973199315246,1.8771678111103682,1.9262349878639484,1.9670502327466488,1.951151800101211,2.172159378523532,2.199670833426945,2.2632203350009905,2.465744918555386,2.4881892498970446,2.6368872515764576,2.7387874640862315,2.968836303635779,3.1255787287118073,3.3347879583317512,3.690979452278862,3.9463395321516517,4.45477348847794,4.85790344825053,5.410223402978767,6.256866253191036,8.047588993292386,9.186217983952515,10.061221996694615,10.89936539022256,11.73311427570522,12.397031254174626,13.05816313333185,13.74307065327677,6.498156542554164,5.4565974245092335,4.000657634121295,3.599523356406212,2.714104118306917,2.4402001357552647,2.3333527596369468,2.0574135027176585,1.9157587891701877,1.646178335191644,1.5874017336223079,1.545354655076229,1.3041095927165256,1.319315974330105,1.2381083194927531,1.1616935752191533,1.2264642440724642,1.1368828902861667,1.0236760933170006,1.0121403852395439,0.92082885568913,0.9072832676102154,0.953822981944378,0.9360224695287782,0.9535693804950368,0.875385661616874,0.8134979333818046,0.8123615185601784,0.807918572948157,0.7527874750866176,0.7733155096407229,0.7618616598487051,0.7593773191773117,0.6953623561022694,0.6657939856950728,0.6929091062914878,0.6716338895838049,0.7639459352873215,0.7631134375192005,0.7738824871114495,0.6888550338835606,0.697326976778513,0.6787407861994341,0.7606901303034799,0.6892432443468777,0.6828946249594972,0.6817213785455183,0.6777650451788184,0.7635430942742323,0.6820428744697511,0.6949233993236592,0.6943358784773089,0.692368629171313,0.7472174165694351,0.7695502492710304,0.7631137364383679,0.7697847433958418,0.8004216282960125,0.8914072038156838,0.866573542195753,0.873837400237498,0.8690166218251958,0.8719384846980583,0.8720551403851383,0.9084227405571065,1.0247861383137196,1.0484508765461311,1.0735316772352315,1.1552057786976415,1.1642644966762998,1.2508174117470332,1.230266846824435,1.276707160011023,1.2945623605073011,1.4850502475955956,1.5405348129890655,1.7037558664530703,1.9350101108488975,2.017937926618384,2.1664513919052495,2.4186315529321663,2.8058023887444863,3.154629607279297,3.611638045554576,4.671838172783597,5.507532269113031
1.725,7.329181929535419,-0.021925452863956342,7.3800673453261965,6.449570696820127,7.349723330098326,8.08708885242321,8.53490869227675,8.94950494686985,9.28064956173737,9.595473423773614,9.939894562548847,10.210510608482066,6.60315487631387,5.649451615990192,1.7980584756650069,1.6187781771603789,1.4736408921026696,1.4052991008496252,1.427740498053915,1.45270956586414,1.4804039606487434,1.5110522736206353,2.688404104130402,2.419935650049562,2.2544765984701445,2.215677561137941,2.12253102550524,2.0341303233969956,1.979353501858284,1.92499008276799,1.8565947616064047,1.849870682914944,1.7732878063146675,1.6894475272162799,1.6818972786508024,1.614378559297912,1.6169766851704928,1.6312573665923957,1.5690931926305565,1.4909753757523003,1.4875388520695245,1.4367915062310466,1.444663519493677,1.518353535075313,1.533447574487714,1.4929656772078879,1.5136339409883477,1.4446042014979195,1.449295517954954,1.402421978710375,1.3797419400799775,1.4824483493826155,1.4469612773120013,1.4110317999778348,1.505967230335883,1.444599816510943,1.5044449900589363,1.4985502405653428,1.4384129062785087,1.5105641208881158,1.525336941089679,1.5718569771951916,1.5783009621690238,1.6147829145830719,1.6267546251801497,1.613053230841414,1.798343033993256,1.7669394089939816,1.8258269625735413,1.7842509129866548,1.8893717943203283,1.965728078706098,1.9764880924990023,2.0456223405358633,2.1109140071066452,2.330045366298077,2.357746948037862,2.4773506063447908,2.6215739080248808,2.7265683129520335,2.761914931912278,3.0729075200237115,3.219970380904613,3.4595350175860387,3.825876387889224,4.2895921091658185,4.4288590567142245,5.105098683501038,5.999536191067913,7.232401208807622,8.530820805421719,9.68096149921658,10.448018566635747,11.225408758773787,11.954826009553084,12.509434942162368,13.196799519685847,7.546031885329332,6.0558006758665455,4.882613014962219,3.8645960045924443,3.0764327534900104,2.537541487346728,2.4975398971456713,2.1171382858375276,1.8830216816906875,1.7312190172932012,1.6390318178729335,1.4968279027367823,1.4035881826900645,1.424205105699145,1.2693295362718546,1.1678221648192937,1.1448803698022525,1.063629364191272,1.0693883738016672,1.0888292589450062,1.0442736244611344,0.9605124235661414,0.9984967108388673,0.8780584245277607,0.8904148927616716,0.8971962000048248,0.7627848695497577,0.781419952154253,0.7846981025153886,0.7957257029786342,0.7626692875816278,0.8239252952612872,0.781186989761562,0.7687664330933008,0.7821535942174589,0.7671187676963832,0.7029747343454911,0.6956119919429555,0.7076056648117071,0.6989678145309824,0.7161268483736859,0.6812154199994059,0.6968860658955778,0.6847273575881139,0.6988367998307433,0.7149292220310813,0.7786921989526832,0.7776446192175556,0.676495815026735,0.7112985611468574,0.7755437684756907,0.7797452004687059,0.7766067673731297,0.6793790149232546,0.7000450555893402,0.78965305424642,0.7711378043442635,0.7558008395941608,0.8301786323928484,0.8029015342647966,0.898283519314413,0.9459965717437281,0.8654802163608032,0.9314632422485672,0.9380356055543649,0.9341607154356362,1.013918608167322,0.998991667360819,1.0050756321512007,1.1581322005203893,1.1489541053905683,1.2506738633309669,1.2826393837344763,1.406066975053768,1.4155184454144365,1.4522184544767645,1.7527153882494024,1.8331501162517267,1.795346997853,2.2135996139784164,2.35809650689446,2.7244651247947895,3.0858665847417996,3.60154939741071,4.206762926178568,5.052970178774909
1.75,7.33606028719554,-0.017595412344692054,7.407510229835979,5.970878391327121,7.152586045745514,8.101546425167975,8.591197749573592,8.975036799270056,9.350479063160204,9.69653325832751,9.993125526240268,10.290324170281652,10.556986620184011,5.809978341264356,1.8491885755372366,1.658453256732009,1.505048741270268,1.5141889503954138,1.537689560770736,1.5638672374895992,1.5929267377770677,1.6251048267962973,2.63403895066857,2.4080919439410167,2.403184409618247,2.232824606129502,2.221658736546345,2.04890245733477,2.1034640626053243,1.9816733814219645,1.8927959038386954,1.8338700267122965,1.715343111743713,1.7040459942736812,1.740142845231225,1.6811079380750953,1.6926488536496231,1.5501206936946257,1.5430918014713513,1.5193442476815613,1.5835170153622686,1.5771860514849714,1.5163507382500165,1.518864376309753,1.4541523180025566,1.4967919970880572,1.4015239164558464,1.375085199697949,1.4658399785614846,1.4381098513180537,1.437452359314387,1.4176822926378099,1.3741574296769674,1.4252960920090243,1.4414594265427902,1.4138861599714576,1.5042789078041532,1.5225681106629736,1.5449823479692562,1.5194528047373626,1.5487302037495685,1.585090154082589,1.5499866924990533,1.625527296379019,1.6384099295722676,1.6620856518894915,1.6467151588311928,1.6439770316129938,1.7154698240480128,1.7842717712164324,1.865083175359476,1.8781207872879904,1.9674693384410193,2.013936323610852,2.139295204790818,2.2504105429337833,2.3300517662330247,2.4605094733888957,2.5465885401757706,2.6540054488130256,2.8288621119814317,2.977559726467408,3.0519543737783517,3.3469018395853736,3.5736935464671196,4.104535076730749,4.310673946244611,4.831853879970882,5.5989485534667205,6.748790908084527,7.995360181402904,9.14877063826578,9.978626200270151,10.72279526381924,11.39361336590021,12.087098615327323,12.726257843238468,13.409633745826826,6.442086160200227,5.276508991130589,4.205549719777145,3.4915748264619397,2.875067388520485,2.454162132665322,2.2197014988596346,2.0006726268630444,1.8141073594108983,1.7460061427098346,1.559396123909987,1.4501082758452373,1.3635530283781159,1.3078474099999913,1.2119471851392434,1.1952386398772876,1.089823930516998,1.166572782032399,1.061318367438177,1.0469928575353342,0.9066268968285978,0.9340681238272576,0.9465609971142731,0.9387062140521505,0.842493942767199,0.827383835589037,0.8219076133744897,0.8239563318455532,0.7652419261231903,0.8209634882097149,0.8291142130443996,0.7685183038574457,0.7518656615997049,0.744792742505713,0.7587091809044286,0.7497317016255206,0.7474000276958198,0.7437735295137873,0.7466598740385293,0.7449372836027223,0.751595952249367,0.7479226246657832,0.7290096592000733,0.7521628293078264,0.7425768114351955,0.7416817625324801,0.748967466691702,0.7600559360549297,0.7532647803102792,0.7425339943790501,0.7436652738779428,0.7608447421681654,0.7474466740121386,0.8208554155053637,0.8101671302341562,0.7547467727859323,0.8492581120215799,0.8215801135781123,0.8329809813149757,0.864815546625844,0.8590257970972582,0.8648826109459211,0.8574731757333578,0.9216026555230724,1.0300144552314425,1.0147901729503628,1.0231636201227474,1.1187762756829402,1.127667498484084,1.1962719382615223,1.195515851886108,1.3510418487543387,1.3341610138426556,1.4631095255893973,1.4800747534566026,1.610744253543561,1.7789255001401616,1.8884590877596055,2.204363457852506,2.4062733794061235,2.524952366067705,2.8733852753584745,3.4241496627648833,3.8817853188411813,4.6024787605152655
1.775,7.345831376996656,-0.015288287393492105,7.434953114345762,5.8727352975872416,7.025973902085616,7.974767562176435,8.476944879805576,9.128483030659828,9.507598010105117,9.806282527584605,10.092412894566962,10.431750080819317,10.6932880561744,2.1317812981366866,1.877617566164189,1.6794324680271866,1.6027883729257233,1.6248702097312175,1.6496076288235983,1.677185670341059,1.70781836990511,2.740297712102807,2.6923275136759792,2.5615764756688066,2.4356300153939614,2.253423965488499,2.2393489246476017,2.1133731986487807,2.003623474551384,1.9138107117147625,1.810552668728407,1.815852632098909,1.8450237528971707,1.7653816811275398,1.6518514435743405,1.6378467497231066,1.6316397330439898,1.606747538751961,1.5937847546834891,1.5546182209095138,1.5310672274470585,1.5423504348122503,1.4456625565243126,1.4441698079114758,1.4867996560126817,1.4628158250267833,1.4280860394449086,1.4570691704847574,1.4139333822701108,1.3883293334097775,1.3824315441418917,1.3793222364541489,1.439564633075712,1.5100319616770514,1.4201365051506085,1.3968638435409129,1.4856035643447503,1.499966308309431,1.5298794588388733,1.4433291240572923,1.5297672160319438,1.6215557744313158,1.5064033827127734,1.5547916864304787,1.5564732398680043,1.6555831850856046,1.6173888184849765,1.6904797113379189,1.7748401172884236,1.852743478605473,1.8103739710679467,1.877139766738804,1.9871213174397604,2.007141545534469,2.0435371981942314,2.1851983512229416,2.3388345917020366,2.3580482269443936,2.4787281322467596,2.6332596668886827,2.7491146809234115,2.921403476272981,3.0387006488326804,3.2175006748142767,3.500849534643674,3.9326374326973417,4.125131200459453,4.6571025057405215,5.353335159819127,6.523634543279519,7.697943976113964,8.752374934212371,9.530801416584195,10.347690961929281,11.088434319359179,11.734187072766911,12.402626543552914,13.01314592610172,6.841387810909224,5.505986715972371,4.5002546307265,3.5047149309255308,3.086382012053542,2.5603065433018037,2.302640219661532,2.176135446542809,1.823769465333004,1.8317418886558887,1.673795209280161,1.4826606431726543,1.4218774888798078,1.4488436006494498,1.3309952560104095,1.2437686272551165,1.167487392235119,1.1560198688516123,1.0690370265419802,1.089930682045473,0.9847123371886787,1.0306966516150649,0.9260604729912353,0.9186117622409338,0.8241787542430563,0.820352955444115,0.8145311092518991,0.7975745500985354,0.851795207869869,0.857401748988056,0.8405303792733482,0.7659640165357211,0.7719378905387324,0.7751453719548068,0.7484482303880121,0.7298612857349539,0.7367828074040077,0.7347690224083779,0.7377793902385477,0.6426853024728306,0.6541750951343644,0.7432147001157345,0.7323665902728188,0.7301090972611176,0.7308978816483472,0.728332898042408,0.7345097922747555,0.7510569862482324,0.7248054635326048,0.723081985686029,0.7154842395238055,0.7607559045945227,0.7645326261691059,0.7663053734721719,0.817659231573918,0.7719561248753867,0.7826633078893608,0.7747886887444388,0.8410117619597849,0.9112306489649267,0.927240671704644,0.9164372681399945,0.9138761088931556,0.9322987734219923,0.9494946930793843,1.0000103231632453,0.9788357192282592,1.0294035307421672,1.1553536275356813,1.1680238936719285,1.2428654190353705,1.2289926225137273,1.2924740555432335,1.4592866799199766,1.512655982876425,1.5777373928143146,1.6710841412009352,2.024990897339846,2.0657720836106126,2.1671919546776817,2.5816707456039856,2.8293087362526523,3.3720020419652905,3.94271412430847,4.695594233758571
1.8,7.357303319378335,0.015581799982892712,7.432560285003003,5.488520581651562,6.9617169854254,8.164858412467199,8.651401401935736,9.255111431354553,9.643770603683024,9.883130367037765,10.265808468374386,10.660693592405705,10.854417106158039,2.148962593136648,1.8884322783218463,1.6929709892026144,1.7136115486926715,1.7369046890056479,1.7630181863517058,1.7921464904230866,3.0129431146163284,2.7975154876322876,2.7054509039336017,2.447658852317302,2.3467404801649856,2.2870071243523813,2.1217434933982613,2.0448865067207316,1.9200463653438882,1.9327119063365719,1.9164428757974068,1.8305803063213562,1.802328510675332,1.715665260298038,1.7055481280829294,1.757461185961577,1.632559078364699,1.5892312611031703,1.5560729658314414,1.4831203331658087,1.5179013025265569,1.4890412539258997,1.506176879857043,1.4277960020503777,1.455057209661798,1.4602922682194948,1.4526793466433086,1.4296991236315397,1.4256530088346464,1.4034805366251377,1.4836085362445766,1.4266423520276497,1.450433397692181,1.4236164023939912,1.440201425467891,1.421847325619085,1.3746570210480522,1.4582995454057104,1.5215101099602326,1.4408308671625085,1.5127629011567403,1.5078877240183886,1.5327993169024425,1.5339530975138123,1.5629688941247384,1.703073825838493,1.635679942872526,1.7109105189629146,1.700212873747563,1.7033125774980202,1.8227626958646186,1.8726273868256442,1.978922758875355,1.969105659530173,2.011680823500742,2.1219229137705757,2.2453041096701445,2.330105164916344,2.462080979671195,2.5893560032054284,2.674714494707616,2.7042094326574344,3.0336559145077064,3.2384054532069557,3.455836588838635,3.762197044225897,4.11309239190814,4.481270548891239,5.181171640020354,6.114756614435789,7.53012438451596,8.4596433159587,9.216028472936182,9.972967237399123,10.757314363959878,11.475516034652895,11.982393857704768,12.62819743774245,7.129592473695677,5.771270455427502,4.732576043663421,3.8285407289838806,3.3017725295803704,2.8866665895064414,2.4436346210107764,2.1498297073045642,1.9799177308029452,1.741591495405736,1.7027503552147631,1.596636811278459,1.4023383440940036,1.4062413839830672,1.2723023264099442,1.258740163356056,1.2869343837358853,1.1351218682286106,1.0293919633789155,1.0622843582895138,0.9872801393279123,0.9998259109708141,0.9924216321192341,0.999939560875769,0.8496995647703875,0.8661495309707788,0.864070248457558,0.8690892736885701,0.8056846061652448,0.8262882617347238,0.7925528873233465,0.7710826678958048,0.7628587534737195,0.7721307176095425,0.7558998481701069,0.7673872989388689,0.7647393487877399,0.7744153886629702,0.7725947652000998,0.7709710522091927,0.7805934972273028,0.7668342134807268,0.7040633950532895,0.6793895347832146,0.6916480567200662,0.7824637358520597,0.6782936292596466,0.6730824699230995,0.6891264258589175,0.772892476190288,0.7572882545976355,0.7704572389367406,0.8349068019706941,0.7714756110144321,0.8019200771701718,0.7908186397076516,0.7940175463800251,0.8761922800385314,0.8150900236449471,0.8841443540614911,0.8926960905482695,0.8641664335898473,0.8625226141785531,0.9672020483001431,1.030001772283746,1.0172433418763458,1.105824230266923,1.1143105708463186,1.066898587952805,1.1912002437807903,1.157541334292053,1.316132852533832,1.441522638381819,1.4187151180717388,1.5346677158256665,1.6490739257391747,1.8078171626624002,1.8531989982211903,1.9369106339156479,2.247028107805971,2.6281468261420637,2.8541998367606114,3.2115640257870792,3.8843318237510953,4.684259014371329
1.825,7.3661585755032,0.019711000539593473,7.445627497323644,5.707539318436615,7.0357607009552545,7.980037566749485,8.780859633391087,9.349442028738903,9.739121976219486,10.078058721601954,10.395683389190106,10.76583353729831,11.00830624238207,2.146818618362619,1.881965771753222,1.804017393733933,1.8256802569793877,1.850152082391044,1.8776083991867059,3.3083470973610303,2.955410204193707,2.7958949032986666,2.596863366411396,2.4784692103156503,2.491192458558721,2.3361307199127554,2.0613239223239104,2.0724479711991073,2.022236833875167,1.9555707301585643,1.8847924385574446,1.8305556124538773,1.7989930635556222,1.7333250763710668,1.7264980275537714,1.6675921316383553,1.5740709787471014,1.5861429668489402,1.5954400633347108,1.6067600542746134,1.532871643100388,1.5273005606590024,1.441544151885352,1.436741579355343,1.4234493480779946,1.4186025514677796,1.4825190251801,1.4666572694636948,1.3911651201099702,1.4207010577410877,1.3892276476722434,1.4348746412314974,1.3569058215297114,1.4426094720506293,1.411064224153792,1.45600013810456,1.454900724844017,1.4570260328087872,1.442448029211034,1.4419242591310877,1.4945198439635743,1.5023320435546754,1.5585403441015477,1.5819274278864182,1.5761601465672164,1.5831487027748574,1.6069341291839332,1.6537104978029262,1.719876675640276,1.8085268881293486,1.8165253680113864,1.854647854226562,1.853692884517951,1.9771531627125964,2.0463245877935687,2.0481623747279345,2.1506458415327105,2.288562274908245,2.3945637772969395,2.4843201139300493,2.545418460220524,2.738272972812249,2.8894386926421465,3.1961128370801855,3.3029558105772674,3.636096207768678,4.050085249391134,4.432898267202272,5.0726965485082305,5.933357103792605,7.189953066496051,8.183083810099342,8.962365123641035,9.730517846283373,10.364232981784939,11.027068176680944,11.716506795015558,12.422907739333866,13.06420225669864,5.842884503825491,4.952888001288117,4.155737123198627,3.258784870255662,2.857360462583229,2.6955471598193506,2.2257916234550774,2.111829046785694,1.8336558171900796,1.7046484301003206,1.5960858144821328,1.4950844838021429,1.454558666799561,1.35814743066127,1.253589221949076,1.1633894427263782,1.1430118799055646,1.150690139183153,1.1233003528953436,1.0481195734572983,1.0255202391740177,0.980174314726639,0.9803458939597169,0.8725968480638462,0.8964967629450631,0.8866700936375266,0.8427805866746525,0.9361130421924342,0.9088162453596902,0.8373879734291401,0.8005213160755486,0.8105652391266325,0.8021765075973727,0.7318959253781759,0.7098381442734404,0.8176623256944889,0.7221826215360962,0.7355898928133505,0.7286315316978829,0.7366641082276721,0.7288227925394698,0.7119550701679003,0.7888340954581081,0.7762384232608915,0.7507979487307512,0.7091653404736687,0.7134367332972557,0.8038425750402576,0.7176775547812854,0.7205821660334519,0.7347438944526046,0.80689658432216,0.7966410690401855,0.8184846713784154,0.7168288003081444,0.8078019271031601,0.8726464377742574,0.9011140411138313,0.8922467282559097,0.8731587040046046,0.9631307117813451,0.9460424277608471,0.9037551456408711,0.9883878851408093,0.973739212546386,1.0492133825515595,1.1212541330861114,1.092872487701158,1.263086560366059,1.2624467787548965,1.2991092064346619,1.3323820563328972,1.5218988243924954,1.5346635863142821,1.6667269742521753,1.683105540174456,1.943751454625486,2.0516024070422683,2.321660550339456,2.5090150513925176,2.9380028190304555,3.2972728053981344,3.8388636151114217,4.555018897476744
1.85,7.37574358534841,0.021217730042273786,7.458694709644285,5.779343948833489,7.203724422535512,8.263016437417479,9.050369721372155,9.560810102966542,9.968114746015559,10.241032706098519,10.66843528894384,10.997319035468406,2.4520756681081872,2.1001767780453613,1.8978226460773866,1.9178426774517465,1.940680117024415,1.966493655189455,1.9954680255710089,3.1129758654965394,3.014100201682212,2.7685913973577545,2.6772358384596857,2.509611196615726,2.3179070861131033,2.2156111657852446,2.167717567703197,2.108808932366746,2.001332508426311,1.9343511740414907,1.8703187610509495,1.8327766509567558,1.789097506748806,1.7863072944470375,1.634312603021246,1.645230051236356,1.6717398446833949,1.628371324373213,1.5127157194749594,1.5068480187941964,1.4345609632713803,1.5170695441935569,1.524290219964369,1.5173985300060564,1.4534718812786203,1.461280655918246,1.3701439688671924,1.4259689738284602,1.3922449441341562,1.3884743051039976,1.398165784729831,1.4422722772894707,1.375614538734495,1.4347684626769652,1.4309036614951884,1.3726242999685283,1.3656294585211943,1.3796033002964916,1.4332290778517194,1.5026146028159681,1.5058234282290663,1.5087224056697104,1.5312603006543208,1.5312980651095145,1.5077860694646852,1.5776675089130878,1.629129058550762,1.6264166736055405,1.7115291618884878,1.724964927519371,1.7190875784094057,1.7902636174683784,1.8523993288355507,1.9821577576556668,2.045282477875342,2.0255700760876003,2.1519743306293067,2.244312260371605,2.311187306529245,2.445014046901301,2.5841748246340606,2.755237133955382,2.9645376912628207,3.103840307721744,3.355806375531391,3.642012035122882,3.9539761030059584,4.314265028620719,4.956679955704188,5.790877553068913,7.009023150388639,7.951202779147224,8.808059847229565,9.540730687731202,10.206603595479542,10.995230891390209,11.41652385287419,12.048014369501457,12.840624483943335,5.796400447376617,4.962369250560601,4.220514681600279,3.4932870513598377,2.992185161773856,2.536696254327108,2.403681719017078,2.0437746578225133,1.8863733501733269,1.7065513679425237,1.7117699096418264,1.5402933591957197,1.4559831629403372,1.3504600923723231,1.3130077497495933,1.171839904651293,1.1935174945654505,1.1233902461013952,1.130218912001163,1.0658044868629908,0.9975899586489015,1.0105598432279501,1.0038496259737064,0.9174397006306545,0.9246991261389944,0.9530598892045347,0.8221697702142826,0.8174475964663456,0.828066895740078,0.7368169734100056,0.8021987467451118,0.8233490863047506,0.8325791931782378,0.8335273722708391,0.8341049273404225,0.8359318613177884,0.7433983237468182,0.7337095554178299,0.7668486410710825,0.7467555185691814,0.7278000990942893,0.7602512105424923,0.7390644081042326,0.7474560008256599,0.7488866696601827,0.7376716915296204,0.7429423477867922,0.740692173012614,0.7579853174036602,0.8225202648677888,0.8064087153264379,0.8375532129750368,0.8363594856694156,0.8390850753576564,0.8123008805933084,0.8223749934178212,0.8642695397902684,0.8430640888303215,0.8564895615769412,0.8512885649267764,0.8709409397220058,1.0344149241555516,1.0305729793501377,1.01743291902773,1.0546305414800645,1.0339432341387196,1.0974775887502013,1.109124657145356,1.1031390538543968,1.2817832823973538,1.255689061715668,1.3855463289764116,1.5193689417908551,1.464575117163476,1.642575460292089,1.7349912082220529,1.8519249769048127,2.081233944479898,2.189691864974264,2.579740111971553,2.882489428001356,3.206039870934354,3.993308228962617,4.597129266686494
1.875,7.385985250165849,0.020583157490933226,7.4717619219649265,5.896200672980622,7.551850500979875,8.705401556386388,9.22404152906147,9.78445302737491,10.163395619671972,10.508433324113618,10.84467980470581,11.128478564490157,2.3529955664570674,2.0159446167411974,2.0126846173638557,2.033949770010016,2.058204411017123,2.085617136719281,3.2700997657594093,3.156594870222157,2.9155850003496293,2.7848648028942073,2.517047564230334,2.3552411754815923,2.304713533746276,2.2015683555832255,2.156421488622631,1.9908977740276017,1.9913308204550588,1.951054231944844,1.853163208091615,1.764098662089842,1.7779124643991602,1.7906559558898794,1.635784731879006,1.5886648625730233,1.577920376935175,1.546711355412437,1.4795843270383475,1.5273063196528522,1.4896447880683568,1.4567807123739582,1.4572707721106908,1.448158849266871,1.3475486265053034,1.401809294199544,1.4130191787018145,1.4026177354401068,1.3706647030357029,1.4232840319270035,1.349731561454609,1.3897088186446562,1.3738811613866044,1.3664804254525935,1.3583251177508957,1.4491394115315857,1.4563742581510242,1.444495510358982,1.4576326474244026,1.4542152203982728,1.4617108074545426,1.413609202893744,1.4844848661251129,1.5637736259790942,1.5606322562544663,1.6317354240505533,1.5933826429514573,1.6057721643610956,1.6575143598901698,1.7291342133000873,1.727400915376857,1.8077027057053336,1.8601456793129192,1.8851246694095305,2.0258942722596602,2.142974819620331,2.126925657016755,2.221031843738255,2.289308552630187,2.433643539914268,2.5008819216857554,2.7483388653879843,2.847214227514764,3.1683338646818244,3.3018686672884785,3.614866842967396,3.9445597838106723,4.471695911530349,5.030554406318088,6.1048853826292495,6.964884871828308,7.924104085157312,8.680595607094439,9.42756089420903,10.125962231627602,10.781866154096761,11.359920445542604,12.002897648107432,12.698499722434816,5.90755470391403,4.959130159848823,4.037783045704299,3.609708321976369,3.036452237319809,2.622455538533363,2.345000267888538,2.144830374932205,1.908013156263166,1.7497806948182997,1.646341753983619,1.5398321265529795,1.4720846693282543,1.4029142771296585,1.301448330501521,1.2361415132331568,1.220724966990207,1.2075034820961976,1.1753361963578894,1.0859583302044848,0.9993760524118597,1.002870544268992,0.9615980403657679,0.8787460741613747,0.8888154609350093,0.8955206250551613,0.9187105045660899,0.9310544769575246,0.8438437207655503,0.8447898788084375,0.8690894448737041,0.8279436873343817,0.8188946532359175,0.7986305998856773,0.8015053256045603,0.7898873412131112,0.7052890687044514,0.7294059769963768,0.7347256985627347,0.8106185008061467,0.8166977850421586,0.8085798685495887,0.8009576008419207,0.7192503779970241,0.8054895136064508,0.8100441907592214,0.8149744018967339,0.7153969499781312,0.7296861652625735,0.8237377457695544,0.7906342533609488,0.7878039882636632,0.8075261836509601,0.7856901002795732,0.8049157055193132,0.8865008628140619,0.8800076729837922,0.884986224422288,0.8842111614446643,0.9731920023059036,0.8965531151626851,0.920693730735612,0.981999648334718,0.9328251389909554,1.0340727111023824,1.1200834013649188,1.1585286735125992,1.2094224297130411,1.20211153797096,1.2848941012749873,1.3314775586673706,1.4493321640796797,1.5340322396770039,1.5313955648298678,1.6669189473061314,1.9655222220939177,1.8993836092224974,2.1806729133316476,2.361452542659566,2.4754990736430305,3.100365673563334,3.39115108109874,3.8945440788084884,4.790338519803873
1.9,7.396344769716177,0.02393302919870737,7.498812922755855,6.109083732182754,7.864247971550563,8.946387856345247,9.50267872735209,10.019481428332217,10.46823367323471,10.769350905631892,11.144341383233414,2.6626010384024847,2.225769603756539,2.1091542493627196,2.129056894992625,2.151986567859144,2.1780990929596147,3.696433666938612,3.2779349780820213,3.0624785463771076,2.930433397433242,2.6057373936454815,2.4816814809194856,2.3500268142524257,2.259422859465735,2.159005388290357,2.1289416309467892,1.9386630017693134,1.858528537859619,1.8493282691047108,1.8662672174990302,1.7861385238800527,1.6849945042904702,1.7047048698610865,1.6357943482135542,1.5691697415155974,1.663190911051007,1.5532037970472345,1.5356037191949126,1.5263357090691332,1.4288367521481296,1.4650974247258257,1.4460534529020013,1.4603804885835754,1.4410858433641456,1.4353512606605503,1.3694014428426,1.3855365861993258,1.3467346291116258,1.3244188187997759,1.4159468218827265,1.4316327573554464,1.3732727307472976,1.3572177538119334,1.3766197069492285,1.3907087755904115,1.3788355105467929,1.3929532818170396,1.3791697338140798,1.4558007000874613,1.4785160526687577,1.5049118363692435,1.541713350588358,1.4470780857326895,1.5204302188636474,1.5398105186152615,1.6403042782221955,1.622556345364342,1.6279545465803997,1.6915005552651992,1.7182414633418064,1.7256466348903716,1.8994363592549361,1.9047566057304286,1.9327295431475011,2.062274129226082,2.0717467565156245,2.2497375222647045,2.312142351188298,2.43850940863415,2.563491283282267,2.7158363466781874,2.961810994801781,3.160649406869363,3.2344329892165002,3.4785449285210164,3.9191777831808614,4.446493951572329,5.104364798402267,5.959755116662222,7.129142969657568,7.934652722654359,8.613881949430455,9.356227340822747,9.974380586242054,10.632629071195346,11.215809300261235,11.823062270558077,12.556882872391354,5.729603863253141,4.800899294834991,4.162675228707069,3.5062139847852265,3.0716509197738664,2.655431607209439,2.3537552853999486,2.253077288587404,1.9762141595472749,1.738831382090231,1.6867593053280143,1.5607026314141272,1.4892606593996536,1.3846718619206033,1.3946621819366813,1.2619486648267138,1.137168016646479,1.1569710430407527,1.0416258618548853,1.0569526996321483,1.056892777053871,1.0830293056392415,1.0851910853996165,1.0091259211305814,1.0009397429551703,0.8553848245445789,0.8681526707836268,0.9454662901311115,0.8266846121686924,0.8453696492867221,0.8165807801848652,0.8307513083997179,0.8188499128555446,0.8300893449489395,0.8388619699931786,0.8318083401274471,0.8290318375093046,0.8125175319883986,0.7342965941815683,0.7430189888728529,0.7516613490311287,0.8424736583942541,0.7443408280869204,0.7319808754539417,0.7349258999344492,0.7469486620311946,0.8128144904380443,0.8270818166897976,0.8214335620821677,0.8188868573008122,0.8632606788540724,0.8363686189687093,0.8182100127369177,0.8271096160720096,0.8476257984606994,0.840118225555493,0.8573702737987086,0.8630050818674998,0.8688642075865117,0.9374593130613923,1.0217800928055665,0.9950069567221743,1.0623158436560114,1.0511436236097358,1.0898059525744141,1.104845094367208,1.1167534541610358,1.1618938367940086,1.2525405340304048,1.256983645517931,1.4037479733524791,1.4256614607291098,1.4690747285841483,1.6813639738244268,1.6982434503309218,1.832532919074788,2.093336778171418,2.2004529370558803,2.5216484117607436,2.663661822552262,3.055151083531233,3.5906797519482727,4.046330929970411,5.104273248115529
1.925,7.407910170363606,0.019438620005081866,7.495252761841778,6.819319353749658,8.386232541829031,9.34280681126894,9.854293981808622,10.270596971265743,10.725412935984146,11.084732668051522,11.479227571444147,2.4877473945319006,2.206683315607469,2.2252722405910736,2.2469388510993578,2.2718276643197046,3.800493517893982,3.418260460809779,3.1356725780009995,3.1229449005661882,2.785882751351873,2.607143111558128,2.394631844870631,2.309781361704621,2.2888409901544415,2.057538912735188,2.0417363858195197,1.958601157500976,1.8709191404120589,1.8645460044862765,1.767525283830094,1.6876958815777607,1.735329465884188,1.745364993869059,1.6048428566334756,1.532743950647261,1.5426956076263831,1.469249483260266,1.5216553035832363,1.5136259614596823,1.4579660988722474,1.4575417599840244,1.4032276919356617,1.431261372984324,1.3306248877853106,1.3428085647961736,1.4280026516476374,1.3635549774486437,1.3705461027752313,1.3847094219696732,1.4101018046752702,1.317578226585206,1.3591940881628135,1.3687047203581173,1.3301150092709093,1.4060874830038335,1.3681781618291164,1.387700809524237,1.430909411507853,1.4208975014627758,1.3935728703814265,1.3994274784899503,1.4102476410850369,1.503379200212766,1.5185854831372365,1.5317214377712036,1.5227072633165355,1.5783841553222617,1.6178723663060572,1.676670901846648,1.7141219231715075,1.8665251576745583,1.819514178837997,1.8736482682380766,1.9263415718687718,1.9804749901619323,2.085010139702729,2.204620573027652,2.2925502727114084,2.4373043674073576,2.527638615464268,2.793368327774434,2.846250223439738,3.112720651312004,3.3658037291050227,3.6708864551427456,4.012285702269344,4.5699139921246035,5.2598542751463,6.2071137232561435,7.237545948950097,7.950764647386113,8.66065373036042,9.217111618399842,9.913720995047239,10.56578054243579,11.08424224997363,11.724703417955483,12.377769399194259,5.546445819634625,4.702338800686152,3.9784501193838895,3.4595432665977963,3.0640430233044746,2.771165276126105,2.3651339760046373,2.027655206598044,1.9928391199621904,1.7796815776077621,1.6696879199788242,1.5755247850864897,1.5993508536610606,1.432711043944887,1.3141651933971328,1.2372090364429866,1.194128181685595,1.2132325820076642,1.0871390247193824,1.075767415477512,1.0620871607931965,1.0496328976109905,0.9408757400945331,0.9586125234462199,0.9504531164887303,1.0060189757859415,0.9809228381356744,0.9005071042021721,0.8930142684290656,0.9039045302363937,0.8801125620390379,0.7975907443163799,0.7898920494544459,0.8671671037543323,0.8016661246067048,0.7981389131837623,0.7806805669245209,0.8090706320604715,0.8010912950675414,0.7933880851083033,0.8209030001476106,0.7902053175346809,0.7937799277964782,0.7915991306303858,0.7735345722138137,0.7868115477040022,0.793913959919411,0.7855476074052159,0.7750316765592666,0.7992710999839663,0.7928617177641388,0.7929476956657973,0.8706547790313981,0.8780684494018586,0.8771698670652388,0.8781217091223634,0.9217123818244483,0.9073703656027414,0.915354662415398,0.9920571765043071,1.0115917977154205,0.9972982129059709,0.9748530006310016,1.1388196309558503,1.1573634004045987,1.100119866151468,1.203884514357668,1.236093621334658,1.29462447413611,1.2663386467829245,1.4101177241558698,1.525368916779149,1.5001457060858316,1.582663082393415,1.819226991751148,1.92669807687053,2.2106322382724586,2.272440813705185,2.5219131752913486,2.831032133562575,3.243301061238439,3.763097763180534,4.564396554328133,5.305042371343894
1.95,7.417840010858472,0.015464608712934043,7.492879321232394,7.124107033918404,8.730849828472891,9.69637440534895,10.161930525449348,10.63450738390807,11.017913171077712,11.349289422998156,2.8293116548485155,2.321581752529324,2.3223986508957455,2.3427726212406834,2.366416952310579,4.128012240206993,3.6047947215457237,3.2501810403823694,3.1227928922932238,2.9260759482718344,2.6571430425190328,2.4301162610378015,2.430134886969245,2.2891177709216786,2.094874857578283,2.092908808224405,1.9945734745588846,1.9514710959565995,1.862202830038643,1.8168458963196814,1.791794043463449,1.7492390388585854,1.6024741658164816,1.5843778439836784,1.562331333733888,1.592363152033765,1.5809447113671948,1.5271775291261283,1.4311886465203816,1.4238397952095372,1.3952547214882034,1.3685541124938143,1.3837825666730104,1.4096155658287057,1.3240072838248103,1.3915166025942354,1.3275429465054618,1.3060658800281277,1.3309189810714743,1.3203262560561544,1.3499023011323006,1.3427077459370347,1.3585774955898389,1.292924247242999,1.4163906998721245,1.3262561352608624,1.377373309234119,1.3942042583999859,1.3428442123461832,1.3753292444639729,1.4434320222297092,1.4565351826664168,1.4430266357474093,1.4821323802879833,1.497193823255973,1.562538779892309,1.5406077455686795,1.6329524477113602,1.6432377656000476,1.7279697390495268,1.6657320030968301,1.720957342911619,1.8060490372960274,1.7750359827302358,1.9441599081660053,2.0699042478885494,2.0781264555398478,2.2905471929599885,2.3782317819638386,2.42248028766262,2.635496127589019,2.680117101550309,2.881878099666861,3.096496759633199,3.2584185709588556,3.668671528412159,4.09969408310277,4.651997789227068,5.506625295420037,6.274916274922845,7.081182449716739,7.867309522042888,8.499705462717866,9.26373414669706,9.751108016549084,10.468065621961937,11.082072994682076,11.70090305812271,12.359706627292475,5.370833173020885,4.51241870334388,3.946862992250843,3.5491473429509,3.1211550073116268,2.704638957687223,2.376816237397415,2.248164078917551,2.003206448241297,1.848388877189447,1.7702023941636424,1.4964665983739573,1.418601296521346,1.4010341403116517,1.3739975266336808,1.3305841248421204,1.1825500301961234,1.194034125474516,1.111022717750192,1.1182903239593789,1.1151169147754796,1.0651367587247842,0.9906059511500067,0.9971277778525348,0.9263068992496165,0.9163293610389095,0.9340873744589511,0.9012123636338788,0.8841520763162357,0.8932341403285559,0.8830906207694804,0.8841703801490247,0.895847681701232,0.8154153690206314,0.804262516241669,0.8001888595606235,0.8116078509598521,0.8232991261990982,0.8100577444070864,0.8007246069470415,0.8084942895377876,0.8168383288459509,0.8161102058782307,0.8126054430096884,0.7904464604803464,0.8036898837276054,0.8930241259169597,0.8214521532626482,0.8026006259398762,0.8209941497583082,0.884240118913646,0.9046372775919065,0.8194115902240944,0.9030124599050673,0.8887357665059883,0.888822413324445,0.9044376632937814,0.9126657219098216,1.0414347200727812,0.9532830254220711,0.9636084007081248,1.0458594646435055,1.0420543338250339,1.0554978466104128,1.1124732268142152,1.0723483952582225,1.2575167434293792,1.2581617968378807,1.4107373680652788,1.3973682836946184,1.4623604538073578,1.640724424766313,1.6153270537854927,1.6857578943321703,1.821188662733328,2.0501578482756115,2.1910339868234523,2.4616790412679617,2.7420382491286297,3.063086027089834,3.455753197076257,3.9735211884666963,4.720682676784188,5.7585266592076065
1.975,7.426319326511153,0.011364696073148687,7.490505880623009,7.507718560313129,9.113852275046366,9.92181485957989,10.474201203452331,10.946002827928744,11.238861225180182,11.649336302872273,2.6213421195926285,2.4202199785766907,2.4391717125224104,2.4614462909668635,4.347963708052455,3.832506281985024,3.5542807961299148,3.2849461777907183,3.00814054726421,2.7993306824548507,2.5933005391511657,2.583947854248957,2.2374138563311203,2.2752235750010548,2.107644300429112,2.0073290746236143,1.936783474229739,1.9072612210201139,1.8113445127602086,1.787931300892009,1.7627168367460264,1.6417807399165456,1.66685098681351,1.5505186048901332,1.6190671745390883,1.4946636102590491,1.49790086677213,1.4534026408360199,1.4646282707678522,1.4474236870298656,1.4336108822928206,1.4168989267475058,1.3994750734847017,1.3293003088280297,1.332590393348489,1.3280640839357363,1.348415856757738,1.3949167253036379,1.393190375945932,1.3739854021046076,1.4060743644589588,1.297060708365269,1.3229834359774395,1.3113824016279472,1.324085156693851,1.3149303203409044,1.379821259924624,1.3761738733389708,1.4095247627646235,1.4076427077431783,1.4186037935341802,1.4150677991411273,1.3989289848478819,1.491606235019886,1.530723445722611,1.5410110980755418,1.539457713603715,1.5988918625011708,1.5856851939028391,1.6515526368007027,1.6828480145993214,1.7326078754647796,1.8133123077504563,1.9220602328053944,1.8980341555522957,1.965260367124324,2.0735820402867775,2.2254431158806702,2.288124970115375,2.4202399446946234,2.5727920714343324,2.732925372389812,2.8934327286500907,3.0846513920072334,3.3820183452553407,3.728827016746918,4.017463328133161,4.765425689170492,5.626273613313762,6.329127609288279,7.195674734052779,7.851538364104753,8.614818387889304,9.244881852511671,9.752555363791181,10.435244718498863,10.916585181548099,11.475657227500346,12.202256526562138,5.065229820113354,4.526007236202168,3.933731150463285,3.4089050922092294,3.0034224195370105,2.640890450347331,2.542795391145838,2.0867645686918803,2.0988856452275053,1.8761083352711188,1.7292107684334765,1.6966622530932507,1.5991202652070737,1.363942764429143,1.3842861707119816,1.277386459276042,1.30447604813944,1.2643399844845897,1.1686572352787081,1.0301877139041928,1.0564215102685726,1.022096792172803,1.0186539788798359,1.0320386572455102,0.9731487002330493,0.9878058668106927,0.9841485199877283,0.9016288485129677,0.9192454068844274,0.9189782902994864,0.8755885565542214,0.8708888792070847,0.8681165413319757,0.7892165157731778,0.8019167425293419,0.8028444247745389,0.8730109397259804,0.8719777475679592,0.8793729721142393,0.7900998446111147,0.8103677499080869,0.7937396144782904,0.8816018537968622,0.8071875013618194,0.8023037744011113,0.8131771833731296,0.8604814742836734,0.8048335531741901,0.7852633040569345,0.7968060646572744,0.8854036490471594,0.8712151719508473,0.9451560983312164,0.9103679833535803,0.8884234723204286,1.0048506829646624,0.9017941433318125,0.960838417762421,0.9973919611606202,0.9805481239663743,0.9699328006090943,1.0553963668103452,1.1458140168018365,1.1120504423417845,1.2120126588825522,1.2315162351737385,1.2885761170717058,1.2855924181319498,1.4391070402981392,1.463828615620379,1.5312590098894605,1.4977418146135157,1.6092438170413217,1.7363943573863845,1.8692870263168546,2.128635617257414,2.2865795814632968,2.52879270787024,2.720046870463809,3.1120062105812143,3.656555656107598,4.130263688289868,5.077937713447221,6.030506719685337
2.0,7.43348136760646,0.03101784437543882,7.491510158390366,8.360736036155668,9.645921535608847,10.26853036210517,10.757782109530824,11.200706342544663,11.518691147752808,3.0347417502346943,2.5188435787740744,2.5362435392114064,2.5570237536372336,2.581319408524008,4.0910406972770055,3.8715624773377644,3.4400955914915596,3.096479060418965,2.854141650114973,2.8002246143302463,2.639633844582866,2.3791614739967035,2.3889485837671987,2.192369929570029,2.0926232362141066,2.104720074880483,1.9327798833085534,1.8642468799279805,1.793717329907405,1.7584434946583745,1.6860409399314116,1.7258315169320777,1.615850862072937,1.5187249073127174,1.571417545250704,1.512138412960117,1.4946474587170764,1.4281927306148339,1.4613358797878286,1.4224042851685055,1.3977309559057982,1.3052788086645164,1.3824162253658998,1.401787967343883,1.3329756133984227,1.3353840366948335,1.3456339883675992,1.2597567921188575,1.36256925349568,1.321986808506458,1.2697574146223054,1.369824650621938,1.3709691007243463,1.3212575121307548,1.3138132505027396,1.3304764668591258,1.32023548699027,1.377445972299822,1.3110368269366328,1.3140506475081308,1.3926457143208684,1.4499839478169023,1.4672156449489306,1.4434101396165018,1.5111129671952828,1.558171246097491,1.5265787456675273,1.53688848576494,1.589485461932473,1.7398216676765237,1.7119723525901798,1.738085863318415,1.7246150429241265,1.821841707996191,1.9285726488761068,2.0841083674675485,2.015084691164011,2.167388586281811,2.312484192702211,2.356634453473114,2.5364878413911778,2.754034441323782,2.8909739176266194,3.1898735625379975,3.259461865136206,3.7360602821206386,4.300359607872271,4.839030849773316,5.662941097673729,6.416450312235578,7.206805013181164,7.86819266323286,8.488505498343542,9.065410830826627,9.707574970612514,10.223334207779246,10.73683546437072,11.37144325272239,12.176374566134614,4.987407768921378,4.3237266767014,3.788928905906059,3.289534245433425,2.8863515165619362,2.6462307283398188,2.4268696757507207,2.153690464926672,1.9635443759595779,1.8860874586617478,1.8112824139518011,1.5492602306649492,1.5644280646944306,1.5638655925363796,1.328265146872286,1.3288424771318117,1.2959830172583846,1.1788063577650552,1.1125460846154147,1.1062627965069332,1.1047907359240208,1.0671600779660264,1.0593844504755698,1.009722557894482,1.0145604974464044,1.0141061606225394,0.883605309989249,0.8816092198542627,0.8954545778485313,0.8964804749383793,0.9535508126864936,0.9084015958002682,0.898512723898529,0.8797238977064249,0.891145561160648,0.7896888358861199,0.8060497164278734,0.8130248347135891,0.9006082316180204,0.7941594147753557,0.8065825289079356,0.8209774893115492,0.8145836162355912,0.8773839894179253,0.911302229748159,0.9004734620993974,0.8061991295643867,0.8884651967700258,0.8841705264005135,0.8737049401985938,0.8747998223363669,0.8934712053326634,0.8989080408582748,0.8871541400267722,0.9165419908285505,0.9257939331635829,0.9620780677420816,0.9770609621397224,0.9650220677757,1.0510230199177928,1.0344321013931155,1.0366984272676647,1.1159685433735462,1.1129365617579479,1.1754008779520793,1.2431472673568311,1.234696901362031,1.349125592189636,1.3618446083267026,1.3982092330505793,1.6115808929544513,1.683169759528094,1.7011689495819842,1.8148277822937584,2.006806438953761,2.129331826748195,2.460039293478154,2.573940474421771,2.929183538116235,3.291711326982972,3.818403490508913,4.310517202482077,5.33873322005342,6.436848332899301
2.025,7.4399752358157585,0.031794733790238665,7.4880684959393005,8.84420417722991,9.96556040383432,10.672480039724448,11.044034846754064,11.457815607027046,11.864540307838293,2.811011274059177,2.634002099312471,2.6530899394917897,2.6757414545725746,4.657064874827215,4.161869253865958,3.742369254673504,3.289596240734671,3.0270915663861477,2.851589957193751,2.548680664229621,2.511399585854159,2.308604069303911,2.195553815916876,2.158613131518917,2.0493552081016713,1.9716812119681066,1.8617436932662366,1.8571671744466962,1.808735138380308,1.707815772885161,1.6129544805796214,1.6318054308368979,1.6518258289514054,1.496032774799709,1.514978848534546,1.523426847293906,1.5199086484074444,1.3848347153964464,1.4667125697277037,1.4649523121774424,1.435740020043988,1.3859668022115903,1.313770801701711,1.3451788097062418,1.3450600115354068,1.3263669131158837,1.2913129017805662,1.2776937895840443,1.371088887354997,1.2713555325575407,1.3146671291104706,1.339303474203684,1.2620494460496536,1.3388911445391019,1.3144070120913975,1.3183917306371313,1.3438148138132808,1.3601136229005897,1.3281835700123172,1.4287269226577837,1.367630961177213,1.384330602825551,1.3707935692640163,1.3789944849671918,1.4236753129262143,1.4301646608098264,1.5361774214038726,1.5959602466100802,1.6232197855950208,1.6110909947804168,1.6896697747149487,1.6659099531519912,1.8261118056878052,1.8565570828289988,1.8824968270543898,1.9359110929786314,2.1076942149909392,2.241355984447661,2.3233441335914677,2.3664144835062975,2.595119432637124,2.7420826951483988,2.9406533042484626,3.0958783216791947,3.42089347383951,3.8377464151719796,4.410056543544295,5.095925161789013,5.73143550879116,6.585914546237668,7.1836905795144395,7.928451848644531,8.436584069977812,9.035423391326924,9.67070673865015,10.074655627618586,10.724854844467917,11.351407983304805,12.053762521637577,4.966776714346122,4.138307229180653,3.5618756420263296,3.3227967526172977,2.9573801993364124,2.620879818095332,2.4672561154303385,2.295032640493004,2.131935578039257,1.8949981265641846,1.7521136213982116,1.776898060963847,1.5160753037121324,1.467449323387774,1.451204214835232,1.394662518824151,1.3461565053685416,1.2023322878387732,1.2286650987137484,1.1073261819903781,1.1066972933982635,1.031714775842416,1.0151393206120936,1.049966192297133,1.0585266450502353,1.0670949156701695,0.9497293373282248,0.9444144191194775,0.943654217278025,0.9574198532485707,0.9404593731770694,0.8644869593096824,0.8545787374073905,0.8479199712443025,0.854496407034196,0.8667412264809021,0.864226326002387,0.8476865167636506,0.8464988543445536,0.8530120105072755,0.858717763977463,0.8532945356995258,0.8647066018005277,0.8764491977991283,0.863221930602811,0.8530663827517418,0.8687345907725784,0.8596613765960213,0.8664408720517064,0.9288381546576079,0.9309852011147386,0.9276563649914059,0.8578059160750463,0.9402586662849322,0.9358970173814775,0.9352832180075648,0.9702778999269092,0.9868175433638238,1.0430714468668245,0.9724943555031826,1.1373381730395704,1.114285290801585,1.1532145012852721,1.256313645447074,1.1889011260686526,1.2344600888903015,1.2351622373044389,1.3926864917026676,1.3875140579452847,1.5100789457400337,1.6210989431854326,1.5820028475905905,1.7582516719704384,1.8409087654935374,2.127244380697712,2.247884081535019,2.341684794874361,2.7362665739314447,2.9856083248622056,3.5026191563726528,3.877771270317595,4.755059535440406,5.501425603992048,7.062524855570917
2.05,7.445423316153361,0.03096887444164,7.485774054305257,9.370504244394823,10.41357892559002,10.88573574411177,11.417173891041196,11.78218975119774,3.2934823670331252,2.7341020110619585,2.751284665654962,2.772084650221794,4.956487083924833,4.277339620198034,3.9612625102666366,3.4774595894781464,3.181984726788261,3.06625313343267,2.7055562691013324,2.652645857549996,2.348210885421551,2.36677396383844,2.2660186997505987,2.054676016700745,2.0160659402899985,1.9162338412831579,1.8320681976192794,1.7243609634488883,1.7293179750790983,1.7686779232554846,1.627643883570269,1.5355734066046995,1.5249607202400606,1.4643253931490794,1.468062187118081,1.4700463595332174,1.480795433012073,1.428730975130869,1.361694801662602,1.3866037580066009,1.311945244188033,1.3059527317644497,1.3661101255404393,1.3585299933193375,1.3357860749196513,1.2831214920498497,1.360191130864838,1.2803898029589913,1.3019435013885379,1.2746639424778659,1.2683181047666154,1.2764863750078685,1.315219570917078,1.3174735478018404,1.3112542283081305,1.3612795744560928,1.297442830640433,1.3149449450074566,1.322431804413262,1.2807261626081254,1.3296741214068382,1.3391569537578287,1.4063793790183883,1.472380072630618,1.4799644805548717,1.5326024939294092,1.4591147988442632,1.5706182542564011,1.5605354977784296,1.6459685359758822,1.7221895715431457,1.7955993874649239,1.7503876960652582,1.8396203471245087,1.9874324508333117,2.022951060401266,2.0833951432898195,2.1634020362036313,2.24349766919719,2.3736926933047684,2.609250039338167,2.7135646521288277,2.9209737264671776,3.1942819309887684,3.503977421542178,3.925728659425307,4.49071490422856,5.173036236384382,5.754180222290281,6.477160537812111,7.245543276325425,7.826916641710142,8.429455631691777,9.011411129155688,9.626697652651744,10.056436065254518,10.696013392198795,11.220383454475247,11.91950568586329,4.752711425230816,4.067598903760579,3.492260746704676,3.11114029984034,2.9543399187208688,2.7038193292911394,2.4305103212384997,2.1646051649998195,2.1178868158198703,1.8141676306762127,1.737183930377961,1.585110636600593,1.5725284109994053,1.5207547165073345,1.407796692069232,1.4130464655181225,1.3095878724457888,1.2835245173068948,1.2735556919024922,1.1782545161489961,1.236623096694659,1.1410530604302984,1.1494928854154092,0.9958805068522598,0.9894322196078597,0.9532187615788533,0.9399346044675261,0.9433322026272367,0.9356550198565632,0.9697552884023772,0.9445004269074917,0.8642161169195227,0.8665886264513489,0.9626892429363724,0.8575533578069386,0.8621987128442279,0.8697170075449854,0.884716790009764,0.8667188649481636,0.8855001997909908,0.8785878672439318,0.8725155339304327,0.8851254009254261,0.8791077138092891,0.8653635503521431,0.8758648442016761,0.8816341445584602,0.8518175618111998,0.8857541665361263,0.86626399480831,0.9697632761526385,0.8751614096093553,0.8936983749198456,0.9537088220408413,0.9478937395282627,1.032822877532288,1.0370015162844406,0.9946405781170755,1.063705790119891,1.0543107604431232,1.0498523096430852,1.1557437956442864,1.1011553000768883,1.2682494871848522,1.2568805731896127,1.3651842467919881,1.3485862650637443,1.4094340586505048,1.4011194100159214,1.5917858067166921,1.654269837255897,1.8119545498287606,1.9510015603373414,2.0294556276308753,2.112196238498247,2.2753738224788593,2.4893282639395737,2.9085115855537254,3.149853673367102,3.5478690519150113,4.213791423950224,4.975851516823794,6.135200345299383,7.451038304434971
2.075,7.449943335694471,0.027548454235692067,7.483479612671214,9.850369243373265,10.710451931761394,11.27659672778735,11.756850617833297,12.145035751844759,2.9146152778357703,2.8523555079880585,2.871363654685671,2.8941779399111542,4.638260488176479,4.136955504522304,3.666374389927438,3.2543075728927033,3.084682998058101,2.888356401917056,2.7327065266397077,2.5304760928005097,2.3589594780667444,2.267398544457856,2.179704955024072,2.0689891323695213,1.9936633853310417,1.8920840087233766,1.8424978460039256,1.7633078355845853,1.627306176862731,1.629238825106459,1.6133185645334518,1.6121948012072953,1.6164096813030309,1.4981239878842412,1.4726106611140017,1.4523147247666992,1.366066245497153,1.4166450748000268,1.3893779414672256,1.3830335484169303,1.3607937324524984,1.3240751905865085,1.3269732338702556,1.276123006475572,1.2701562803227093,1.2850349845607298,1.2340176266705416,1.3041073617553869,1.3177397932438284,1.3365065765551591,1.2470435034679153,1.2583171663731303,1.2425734247645899,1.3056273451814404,1.2539637524562035,1.2782314887408348,1.3470860141192607,1.3080391307263795,1.3410565410520157,1.3370229716785005,1.3379946513900522,1.4038448570032243,1.3972060980234926,1.4395956970697181,1.4315159615549362,1.4473709272534507,1.5452853312737298,1.5670821379812316,1.59371041522241,1.5976439410967616,1.7000034338999515,1.6661205318116044,1.8316624379042654,1.84393769019461,1.9317108489079475,1.9851555497382365,2.056311128576245,2.21420655582314,2.295412582819033,2.364827050687538,2.5758082273558514,2.7291232593288046,2.9236022361505767,3.30191292762718,3.603032175989446,4.135437198207361,4.730619037530418,5.397550815782916,5.966663717932195,6.664277031222602,7.2458016682282835,7.883696876224892,8.368907996675052,8.996074571455935,9.492812650738067,10.055991761991685,10.599749608875056,11.261335423830428,5.670212489746396,4.439364305978149,3.756625077168489,3.5026891429335842,3.0694337377259493,2.763281375305054,2.6543992881620793,2.301761414158612,2.1404984021088156,2.057170153668279,1.9115585491355582,1.7836564399788757,1.6702455721415423,1.4660722668903776,1.4766322664628728,1.4343513081610408,1.4080024562224263,1.3374738293360768,1.2063770585646287,1.1521238825253772,1.1610544928333555,1.1819873938950614,1.1693421849112298,1.1271721152920713,1.0956150432981822,1.0371082215724179,0.9897854390701003,0.9876944034100922,0.9878847473337764,0.9249566308982764,0.911225929120433,0.9114205888889333,0.8731736888326258,0.8829749712810909,0.8764295514293855,0.8732398387994507,0.9083828202251705,0.9158397026339103,0.8781995048668245,0.8793546555915439,0.9039454135694099,0.8861619514314593,0.8836884760830733,0.8769976978542303,0.8769731853139725,0.8846492608426979,0.8849791608803658,0.8896570393729516,0.8817050527035781,0.9570382871895455,0.9110480167984639,0.9044311937969665,0.994004668907112,0.9620493180770976,0.9837530512684269,0.9706154182873798,1.0027548659348282,0.9785425858058318,0.9765845567117293,1.0663986993106254,1.0983658551133488,1.1227535063496599,1.2268213341808563,1.1638540274158924,1.1985184205586163,1.2746728437530637,1.2877410402875673,1.448364688211448,1.4858107821970543,1.4632264657645895,1.5526434885444858,1.793076108864152,1.8191919118547344,1.943533360558086,2.102427410538181,2.2169012005177686,2.290358464052827,2.6774659967268097,2.9627889293783145,3.491362701141965,3.851380383873912,4.53785306264077,5.386058474523786,6.841982029883242,8.484844629065876
2.1,7.453589135606543,-0.021256813502277826,7.475016485686035,10.512406019616188,11.253839418831122,11.749461184867743,12.079231224464,3.344065068028031,2.9553790205428987,2.972592723221045,2.993678205112633,5.1676953928245215,4.30561461934592,3.813900974350794,3.428456258003282,3.238693342571808,3.043313136906897,2.8310994984591082,2.6304210854944556,2.4371349800365585,2.26908589051618,2.1579232637497348,2.132979336049828,1.9541843598704876,1.9379305917928666,1.855605145040514,1.7626431189257188,1.6748813046467275,1.741157517222909,1.5719536757988353,1.5905932331917914,1.5103602215022378,1.5164251941267832,1.493870883969555,1.4267726043834261,1.4237638839302713,1.3415212939587478,1.3685027733909811,1.299404988534345,1.3069257676108201,1.263199453423763,1.2762857822210925,1.2748823137207492,1.2731939652909596,1.3013825995722035,1.297378272825148,1.3166965205970025,1.2313146190273263,1.2352614619564077,1.220651386633145,1.250070880216761,1.2234089710652096,1.2417039508318635,1.230809186161543,1.3132012725091877,1.3366717618049417,1.3270010456256356,1.330157636947808,1.3585606357591162,1.2874807969910018,1.3313768585194512,1.3485258830470641,1.3630272442512357,1.4232213889615108,1.4350879168712536,1.5434503086930966,1.4877128148742003,1.5356997056323785,1.5130923248264916,1.667463749919613,1.6836758084984824,1.7938841671608403,1.7957785331945366,1.802486759841639,1.8706130364405797,2.038379246460164,2.0390040558619704,2.1314720239281573,2.204313568127159,2.5367493698981805,2.5877181710956862,2.841817017505811,3.1076549524916164,3.371858347737372,3.8684788180612535,4.263781136791356,4.93289482577221,5.612484371384962,6.228304168344192,6.767712035475968,7.432119520848022,7.971095776729361,8.45846828952862,8.97664483928351,9.484593092598145,9.959735381000769,10.618791114717288,11.283860885099289,4.943047024026797,4.294797215978536,3.7267411877221135,3.358501496220573,3.0734092241204616,2.7523918019037903,2.5454361372214045,2.3738153952108334,2.1236730214172206,1.9596580889346222,1.851744270883506,1.7959886013114998,1.7380749276470733,1.528911568632907,1.4301556449440955,1.4151616811689347,1.3417486159930252,1.3093277018484837,1.2815359463428828,1.1992760481824758,1.2497062265888061,1.1655942560313206,1.1596708042861945,1.062581661903877,1.06368065944739,1.1000159499175488,1.0866202178218072,1.0065914783059746,1.0403598391100592,1.0329158469554676,0.9397993792985703,0.9258523456718257,0.9167991628533986,0.9522553196455653,0.8933497752374092,0.9198268518248307,0.9076131173195566,0.8318387576858508,0.8184452400585673,0.9107129978587115,0.9188612316763982,0.9127998941993154,0.919000113367056,0.910330154458056,0.9234816223096566,0.9076666775038955,0.9115962734686781,0.9012604650701543,0.9195621949018224,0.9117839297596583,0.9274074658380329,0.93603604489748,0.9237483180237696,0.9935203792724313,1.011326936882822,1.0101372150062957,0.9966257564401808,1.0675253612185078,1.074665979585281,1.0561175669671756,1.1419504220556516,1.1659719708627776,1.181029576297311,1.3091901418797796,1.281487344410924,1.3632094328658086,1.302876880418258,1.4483074905767912,1.5582066947487583,1.5635750250968732,1.6423944956917902,1.7742603131482027,1.9449595129341062,2.0329066323723066,2.0517876461511397,2.3872950210461354,2.46459370132034,2.879801875744072,3.2866191471596324,3.672768872949001,4.141222454968495,4.941051031424619,5.966147912959905,7.514172637981402,9.388974813743019
2.125,7.455973207121969,-0.03267797988894431,7.473392358381181,11.07380056933265,11.679666417706748,12.128818644234508,12.472097718763449,3.059164553298984,3.074646245844699,3.094075684297712,5.335809019147744,4.689672707634533,4.1061429889556225,3.5780224516209365,3.322341578725135,3.040511968315723,2.8418844003206902,2.6949113497192796,2.4865041536037453,2.452928035170015,2.202296301776169,2.148586765557475,2.139976253442389,1.9225244434561821,1.8458060920554198,1.8196360045759807,1.7763879791082335,1.7772122512719055,1.6289892175049503,1.5140004768716762,1.5183282995089313,1.5078962387248718,1.4820231207596855,1.5108825560768748,1.3624499463641258,1.357728823053336,1.3206885444514769,1.3106236717401691,1.404355136756549,1.349285507561562,1.2619279769419858,1.353553998995912,1.3232175718045014,1.2521630376508381,1.2690595070284014,1.175386452168434,1.2974263734777116,1.1946984259748326,1.2324207175354518,1.2320070136932362,1.3111188919329715,1.297803878496139,1.253453255061206,1.2679842044960548,1.2471767863603145,1.2765737416677747,1.2639385241628478,1.2634109651977634,1.262432850747682,1.3946666526106115,1.346779980764756,1.3746330872146268,1.4027863805051441,1.445012703462105,1.4170749284528124,1.394517188883871,1.5636847552926985,1.5250220435319244,1.6359867989504076,1.6113138362726176,1.6987813957933806,1.6865586279357938,1.749090853853055,1.8743885333101635,1.913515473407425,2.0269196877186495,2.1110845854759925,2.25626970329945,2.306783994905033,2.421569935603917,2.6846088338732517,2.965491498316185,3.2099185357104405,3.5240061140820313,4.125579599041607,4.636353163890882,5.109791577466831,5.737378949458441,6.238389273776354,6.859450403363352,7.451531632078445,8.03454425298174,8.447147399382564,9.129341128692152,9.49785781788317,10.034899964784904,10.649022467958472,11.327010983419584,4.628664413107486,4.0149923688563876,3.541785905209236,3.132775961280429,2.88992528651654,2.549751355521517,2.446232966838136,2.2754728483692204,2.045054030755168,1.9396916867596719,1.8325458227774876,1.6966766513191285,1.6132553559204859,1.6325892576236543,1.5618006563590165,1.3794258207977244,1.4277631594246212,1.268126360100933,1.2243072544767506,1.1813675792648266,1.1865355695944673,1.191001561262766,1.11261754335054,1.1091118526593846,1.049045192882343,1.0448241917494363,1.0646537571334005,0.9489148452468511,0.9396898626705962,1.01793545024182,0.9629101097239483,0.9753446362602707,0.9703951304216479,0.9584212560221037,0.932958095051251,0.9562352261706868,0.8457738146333008,0.9284366995972939,0.9288082199240503,0.8625474472334574,0.8672258887041843,0.8589498483927231,0.8692310609052489,0.8742887901392061,0.8730647738984582,0.8731834537605694,0.9316087470829088,0.9402478263847411,0.935496114551117,0.9742007599851963,0.9426446890997382,0.9390974048704811,0.9886119456283576,0.9635783572542252,0.9833582350658134,1.0301023310095465,0.9698563351013163,1.0606414847033179,1.1216048765770399,1.134317528526036,1.1595602094663469,1.1901113969796988,1.2047972361915533,1.2306264292401594,1.2708963704927148,1.384922778153584,1.4084889119787403,1.5079393763769606,1.54224640528547,1.5762017353689404,1.7221938613953185,1.7957735098941519,1.908648787483237,2.125322665919489,2.270472873369163,2.439053760826763,2.6359152371102197,3.0572982217805813,3.300134564405127,3.840989736878878,4.514649369773807,5.220827312498438,6.652307365673114,8.55960405424774,10.19967108652084
2.15,7.457941488926191,-0.040043981017473286,7.472309606844612,11.364047481126796,11.930455918986045,12.33792193769925,3.5989800321439125,3.1742505661746807,3.1913398372760926,3.212550772821532,5.1594655471476205,4.475259736195537,4.094611367691832,3.726247051186431,3.371008605737895,3.0065148666466257,2.861807060906782,2.6058476318703723,2.5089350724851873,2.2556505499051593,2.286826589959969,2.1760207954956106,1.9965106077099453,1.9827873081173228,1.8765532784854846,1.7540898647540804,1.6833069893519907,1.643471406728196,1.6929186245672856,1.5395609718602548,1.5565387025410824,1.5424189123070828,1.4366714236648768,1.434216144772628,1.3963953512614864,1.4020733259521343,1.3282189958508321,1.4148780790851643,1.3230588292018746,1.3386845320001985,1.2557881106299722,1.3034937224152325,1.2774176695964699,1.2015506122365016,1.2537388167699823,1.2547869672600147,1.2536040448878483,1.213667865560384,1.2035651664782925,1.2616397260944385,1.2046970686681855,1.2013470497813812,1.204751741046923,1.2542124517108706,1.2869235567846065,1.3020543836448721,1.2691354207336192,1.276629806934863,1.3382608559466334,1.319047200394457,1.3205409446810494,1.3254312393361536,1.3906627864768002,1.4714532259230284,1.4861089633944198,1.485739882668136,1.484128426534548,1.5720143013970311,1.5606422482939666,1.6066343702649635,1.6291470816673186,1.7816570735118729,1.7914132325432828,1.8372187055717153,1.904125260156449,2.0569838836915224,2.128974013332489,2.2897629287600982,2.420624687242913,2.525215209140104,2.7600403956586548,3.08513760071942,3.3232084197473797,3.583772053791706,4.155513895653701,4.574403032197317,5.261441149961075,5.752764514841255,6.44639893528386,7.008657289556458,7.273135559892527,7.910385112105372,8.411611074069961,8.974521323313613,9.428184153309491,9.961574423781252,10.58548266424564,11.39426752496408,4.504161234547219,3.8022281590499523,3.351928483495656,3.1019093773321664,2.6813243207792543,2.515637413385178,2.4320298295735987,2.2762061755034577,2.1229945399184347,1.9033380702108518,1.7973414455385999,1.7864453693038296,1.6554176768204192,1.5591047376492377,1.4340622878561016,1.4531512200666892,1.324517486338159,1.3338416624001777,1.2347016916147942,1.2598663899889273,1.1753232265032378,1.1572207804774184,1.0799593563565948,1.0852661965892902,1.0900029396414352,1.1226036705752451,1.0287906164191305,0.9949436913998368,1.0125063413435584,0.9985094453248348,1.0051382559486823,0.9984169820420976,0.8947131190260325,0.9249375774278541,0.9103335163079626,0.9360014661026922,0.991186350842951,0.8918540779213737,0.9224876105560164,0.9080823797631075,0.8911719194311326,0.9082881147775379,0.92092905500209,0.9235713771868936,0.9120450268208633,0.9182069601727371,0.9251489150549999,0.9050994961842862,0.9189973080451551,0.916588153897579,0.9064734261202483,0.9815302744194938,1.0121387903640786,1.001786334499705,1.03109067033285,1.0445130280342045,1.0234306494737295,1.0909952712611304,1.1238435135444549,1.100197816690538,1.1037457333879124,1.253602063672941,1.2169368090489991,1.343346445682921,1.3280468042395657,1.400903390077016,1.3944600213673275,1.557978546382204,1.5360190777049896,1.66610084878361,1.7185691118517763,1.8778743830561513,1.993938685601556,2.0609567504660964,2.3733200164509394,2.4674500418723433,2.7788613167521596,3.1324925071729597,3.4865391783850246,3.98138947592974,4.845809393343126,5.687467451190248,7.215886766756984,8.846834945577855,10.625335372465031
2.175,7.4595406589918865,-0.04154640906946915,7.471226855308043,11.416998374833693,12.050168511722298,12.526371438538941,3.5827884300747344,3.285689451867349,3.30345130692274,6.147488671106644,5.188058813837124,4.421660037825138,3.96237860452853,3.5767437829142903,3.1895471637002286,3.0550134193930036,2.7582498422128965,2.6717301296197125,2.4338371792130777,2.3063083163672853,2.185367366164402,2.131189749976727,2.0026644206165507,1.8888893913486682,1.7834959717759422,1.762530516812914,1.8034816002714777,1.7019051011475705,1.5344047824364666,1.5622170852556883,1.5292826948964306,1.5402587861316341,1.4644273183472933,1.4108341793218757,1.4152384696836988,1.3449124196837654,1.287337676770053,1.3196440385322266,1.3177602506040922,1.3106400493502877,1.2854368173395803,1.2545795874284054,1.3011606459059564,1.2362671201569326,1.3026201010821918,1.243111763413267,1.222164473317684,1.2324594771190733,1.1678438872928978,1.1721689278259275,1.231031614615314,1.3202978548263566,1.1954033527620767,1.2062319884337647,1.2817999060806027,1.281425624062331,1.2991889029686665,1.2915830826557886,1.2929231597041364,1.3749293105241083,1.3879587344814943,1.3640878726524956,1.3981341502678963,1.3756343812879754,1.42651135477102,1.4138370390592827,1.428047861124204,1.4624551259463663,1.5045751080455823,1.6226794629463923,1.6955845117623418,1.6968945977153802,1.774098121113606,1.7441862216652657,1.884374391443851,2.0582563691182933,2.0917451838699153,2.246494997543538,2.3304961538950604,2.5201658891742293,2.7721766972450914,3.0467111138114147,3.1236589313699605,3.5766437942898524,4.1417982560884194,4.633038834518598,5.132165785694767,5.674566690989777,6.185714363249636,6.672496601262736,7.188162338701911,7.727595413755162,8.101396775013848,8.787162600933295,9.207335878393252,9.761993164400963,10.298241122285742,11.106277897626052,4.756501950703679,3.9277737641006496,3.4915284382853526,3.100167022849423,2.772679937038947,2.6380159007293953,2.4857302198027553,2.270197597140601,2.1012329488320054,2.0033880749964044,1.8487362619644687,1.7208863300536417,1.6430529731109225,1.635154013920217,1.5241479995619769,1.3947121620569294,1.2917875890388013,1.3011837856273774,1.306930520169682,1.2982622316622316,1.2332489065439123,1.1507459803540505,1.139581886596146,1.1230711673990816,1.0789623663899413,1.0747487405747627,1.0472598644126336,1.044983175408966,1.0383218155918112,1.0015167952193673,1.0678721005238445,0.9902741115823804,0.9530984998450146,0.9436224421869485,0.9645205978638177,0.9533620784213781,0.9713914187512923,0.9488065092876914,0.8855562673318139,0.8860482167667142,0.9743162904977588,0.9638203966043645,0.9621242600709932,0.9385281812127603,1.0002413488050566,0.9565859409443448,0.9614819826166282,0.9591793686472272,0.9959258622237607,0.9670729950006345,0.9711530849781699,0.9975958804470724,0.9865617282009682,0.9910307570237314,0.978649652011314,0.9920724481943979,1.0792132841033135,1.1403792052338733,1.131468678766497,1.1773516813921434,1.1853071649211009,1.1442283025882276,1.2212745369288547,1.2648052324571464,1.3429488708329917,1.3813601574241887,1.4585989897673384,1.452687222867071,1.5367243653418663,1.7353182372241804,1.8231559862339974,1.888882491079088,1.8839368154840044,2.195492011301968,2.2903134772567135,2.5670986490537477,2.8055027045238066,3.0109172185198383,3.5955864960944,4.0635445372302375,4.707488874622841,5.594585656221724,7.027477210874108,9.036204308269637,10.838823625059502
2.2,7.460855235637808,-0.01856189281893597,7.496405746184991,11.64301875553412,12.210995900379498,12.676154533955101,3.8341081465611024,3.3940788818694667,3.4117212750027193,6.308259742809033,5.405368893072086,4.530038244878286,4.130685201860253,3.7368272453718774,3.3648772230234365,3.101665938016741,2.819462300210658,2.6319907334736485,2.5873235028484514,2.3546203511515666,2.277662347099145,2.16819860289026,1.9924911168887147,1.9258821149982346,1.8815640832627363,1.7855019114738024,1.7629857122134647,1.6080170203436814,1.6338596657655589,1.6405834537665231,1.5784570866886032,1.4605537743470007,1.4271708826602671,1.3658159969873402,1.4014096913853356,1.3328542831343353,1.3077785738671117,1.351580680073557,1.3306059168674922,1.2996283548403056,1.279335505005427,1.2629564595314302,1.2148142127795865,1.2137084566192406,1.2079981779600069,1.2595806145900281,1.2483659585582165,1.2618247855703482,1.2100925201086088,1.2069251886183616,1.2077941760401067,1.1914294614955723,1.2007733809012646,1.2117731564482601,1.1719081823254132,1.282634805877908,1.3025838348160543,1.2751848360832247,1.2863552850693571,1.333467516623147,1.3342483473148048,1.3115671799421473,1.309421347852404,1.3169007273868856,1.4041988290260687,1.439864884105223,1.5400278891844656,1.5424735566527619,1.6274741301094298,1.5399410724377516,1.6119264699773106,1.6807303459114025,1.7324083966374857,1.8401578707528918,1.8420693940535764,1.8989049394808764,2.073726334030602,2.162236318444137,2.3555124411066566,2.442614497771983,2.7499975928148954,2.9771839084668357,3.2659720953554743,3.5110571190387434,4.1077399646331365,4.48252918259894,4.933344650003376,5.349709883336033,5.930854462207141,6.3497635261878,6.928910116960145,7.466295818955821,7.929512141374955,8.512300150443933,8.800779555436298,9.374841709727965,9.883801491543517,10.55583152624459,11.312144159641582,4.121128875564784,3.5806074271910973,3.13971636535086,2.913943114156694,2.636958561012874,2.4472361857122706,2.2843005409735864,2.114519778889741,2.035360672896545,1.8674811217240674,1.791234599469267,1.6804575856333086,1.577160854795526,1.53767264471461,1.460493075557962,1.3917615060787865,1.3503816903957546,1.3275210317025021,1.3007667969108865,1.2035762338628713,1.2288944238929809,1.230419559048991,1.217177994145987,1.1174647166090665,1.088794440679923,1.0263816015173606,1.0426759468210596,1.0171070216817495,0.9861185688469503,1.0151665127490022,1.004390328900139,0.9043840540534517,0.9135712434848574,0.990716452976851,1.004842582352084,0.982484785625964,0.8956420338028692,0.9237487476830448,0.9963585986961123,0.9073963807668296,0.9367214828033962,0.9033119379047594,0.9438911691432453,0.9277052722505944,0.9108005209125961,0.9230564417368905,0.992859957887716,1.0046857636281041,0.9966137152402403,1.0448897580346372,0.9980808513669053,0.9771651131158146,1.022422982504433,1.0394275343572315,1.0352697302672762,1.1097950833591037,1.116214237282653,1.0931456554817633,1.0827558929023666,1.1908986055675645,1.226735018014838,1.229565506359445,1.357821941114698,1.2887461104727413,1.3954931107020945,1.3743126022380434,1.5635111941123592,1.6298584773716724,1.5939981275065018,1.6991685139815316,1.8380670753601651,1.9557877718698766,2.090283068096218,2.3245669822566737,2.430553460443032,2.749711755801029,3.1091262072601995,3.4701986364233677,3.993858288183182,4.674893469951825,5.706883199246274,6.8215160553523795,8.846923430718393,10.770934010043849
2.225,7.464968755523596,-0.007569533269439626,7.497753491048888,11.603825256743255,12.171056495788857,12.712586103132368,13.10934250105995,3.500736696740933,3.5173965074965112,3.538549059828108,5.583458816784083,4.798376289532031,4.2681292695343,3.8678317879720665,3.5056969471034725,3.104679332114209,2.850436140546605,2.7225098088022612,2.4863486845507756,2.4132445466626296,2.261697157910533,2.056854446567453,2.0797919476945563,1.9635516360764862,1.8342696231081146,1.7921444536891895,1.7590653436101618,1.6486304790672839,1.649103469015607,1.5256338544424837,1.4695450766130658,1.4839022532447417,1.4358295653874884,1.4273226893814404,1.4545493803704679,1.4050316798939022,1.370363641962141,1.3537399801670644,1.2911169909279314,1.323234807260726,1.1852139084173088,1.278026887592572,1.2386557856109348,1.3139435984188934,1.2360368612090904,1.2487767346237124,1.2425277650002706,1.2338965953653183,1.2539951517362689,1.1837810236428263,1.1574213225643142,1.1833721614361536,1.276626001302479,1.2869442974486198,1.2125058982560983,1.241773143426808,1.2291952356517248,1.2357205258939024,1.3105625119579525,1.2371735602895095,1.3063936669511669,1.2928074591843233,1.2950705061170484,1.3600692557669765,1.3808349074216604,1.4064713828115776,1.4199620431698046,1.4575440302986193,1.5379673556263798,1.519521734689704,1.6889836243967375,1.6409206881443774,1.750297226722874,1.7628493998795287,1.8134459079197762,1.948998761605498,2.056001538584108,2.2017102228282184,2.291060385200028,2.410214665518945,2.7408797538388865,2.8217035494156497,3.1208941977370035,3.3686148139833123,3.929403988821901,4.282403697745073,4.668484600950015,5.242100062282046,5.652723794454382,5.9817475569973535,6.553696067180157,7.019212534200102,7.629257148304812,8.044933847896544,8.531143758604488,8.985641506905345,9.439389190029141,10.13660839964721,10.82800842632608,4.438502924560743,3.7704077351849685,3.266488764555701,2.949466055804454,2.6713345621371785,2.484128613635584,2.275268953416792,2.1536532392548833,2.03609166180839,1.9511100362293385,1.798829592215041,1.6543584145728234,1.7145031157006765,1.6843050358752063,1.5645940417169117,1.4771037297365763,1.4067740911219595,1.3532686394391893,1.3666786150672847,1.2549448710509847,1.2627223837567865,1.2189191683569958,1.1889101520596215,1.1000241647552043,1.09637690080688,1.15280072492376,1.1506648384138571,1.0643903517540354,1.0450627889738004,1.0002206958246087,0.9321186778906568,1.016971998401153,1.0344820486042134,0.9571471337402935,0.9480421364546058,0.9460251699999734,0.9450281679741764,0.9440209639576639,0.9496204158531505,0.9533288656352229,0.9453079059180111,1.023327498570109,0.9426151840191311,0.9381889828407277,0.9445448206599516,0.9560433267234166,0.9510100593731573,0.9455589269942349,1.0365459786496591,0.9335885202220051,0.9328596668289143,1.0151750137608493,1.1072576106508965,1.0912287849448632,1.0665165408578767,1.1358798517432298,1.12639435167971,1.1275136727663424,1.2088933161690036,1.1774629267985819,1.1646267227651794,1.2028654032782933,1.2659184354684803,1.3731413814807667,1.383107796852395,1.4969400001689377,1.4803104924929835,1.5395707115615553,1.671218141721061,1.7737033047829294,1.821509836619871,1.8813747129245855,2.139954280305947,2.1888730245419694,2.513224246498652,2.592777484379281,2.992638388327049,3.393554426019362,3.7830006127302305,4.445217816094857,5.056300700912831,6.370626806951833,8.055258195593927,10.220188796389772
2.25,7.468731452249255,0.0025997217806784053,7.49865198762482,11.113818367930994,12.143946886203295,12.684987164822141,13.197890241340422,3.60788052767183,3.6231286461374714,3.642965101074533,5.762781253147378,4.960223485858055,4.426495477575906,3.9210129359932435,3.6560072339086536,3.2932939670195474,2.9331218797858165,2.7830707516185234,2.534105370262769,2.4316069489452063,2.1903625202682435,2.159991371332804,2.059633806300528,2.0029214458171145,1.8681797214756206,1.8756411075461559,1.7508046605315442,1.6585099873572933,1.631750361302126,1.5337097534289954,1.4771368296854976,1.5052174264007652,1.3902202465706097,1.4745510715263763,1.3566747173015474,1.3514540927535978,1.320719442366796,1.306340324542059,1.3312816739419029,1.3368783350377644,1.2586381441229446,1.282139359730162,1.2171392998181967,1.2359840082124085,1.2064377000053863,1.2000597726838569,1.1602926487039096,1.1811184867745874,1.2586591798779956,1.197910576254073,1.2142765819125272,1.2091361074514575,1.2089792321552832,1.2176391966058833,1.2014329799861152,1.2114013351242086,1.231275940566802,1.2273760486940448,1.2135109245070534,1.212839110776136,1.3343705798932592,1.2885034004191849,1.3108990467063288,1.3615062582174984,1.3538340393778334,1.4303008118416172,1.3357908143068495,1.4304063237828961,1.5287260553278281,1.536810494988294,1.6182249386914007,1.6266518154375025,1.6228845659946431,1.827115367116412,1.7938568401951842,1.8966020339762228,2.0029099425907972,2.1270421818631386,2.2956709819359427,2.379647055247004,2.5777952393189,2.802972117013109,3.082036162560502,3.327407157234791,3.7506723284611394,4.147522441559805,4.5064863845849485,4.9012385531555696,5.365668218179496,5.767359130557601,6.292277311293972,6.785283869536865,7.197424689348912,7.659698984070137,8.14891941388711,8.592101583329049,9.054973271061426,9.65194287349603,10.318622059161937,10.995738023633265,4.07883319750205,3.3586363262923213,3.117704738795739,2.7662454694105345,2.598055578263515,2.363658689253128,2.301067402737179,2.0269118442665577,1.9503343471707477,1.7594971502802288,1.7766771235644332,1.7232266355094055,1.518292362092182,1.5229355063516783,1.5486674548141361,1.4475378899496487,1.3040126396566623,1.3081063975944218,1.1921351185254585,1.2406398866552775,1.222834990658728,1.232396854941937,1.1650245988592367,1.1719953583135818,1.1039973944153025,1.128766623739085,1.0978298633526957,0.9904100069181915,0.9873080197862516,1.0052565477705218,1.025279805071916,1.0543867070924233,0.9930345665405671,0.9798804407181384,1.0015004276588844,0.9263177303932228,0.9889914938864615,0.9803517684213642,0.918666220072888,0.9142929063138474,0.9216744873697705,0.9359375971317223,0.9155644438814827,0.8964533144868442,0.9768324027797581,1.0004834998594418,0.9862105424419542,0.9849218612826338,1.0107879864428324,1.0723076828229603,1.005798905160834,1.0482638634650217,1.0273556742420036,1.012664909591862,1.0307017619413614,1.0938131414570327,1.187307902602641,1.1801441949468585,1.2080780937109976,1.2674159195837758,1.248459883047935,1.294251033068886,1.3308150130901146,1.3222520677137626,1.4149184462265787,1.5065039742702233,1.6277684899027527,1.6188862763774567,1.6881224589666954,1.883112226759118,1.9439314127847094,1.9979630868206897,2.23239419966886,2.310297011630669,2.596984372691293,2.829569246121638,3.1440830791897194,3.5288741655101377,4.2195969183278805,5.022180847563821,5.9222752963684755,7.205196333413082,9.425708011183515
2.275,7.4721840766521455,0.011411148050660796,7.499550484200751,11.093326672105874,12.170275759732206,12.75493983014475,13.234833725546451,3.716465891253433,3.730417099055911,3.7490600277672566,5.932576070487562,5.138738722296982,4.481245909507429,3.9645352240581855,3.4800964336753797,3.372059672922183,3.051211351725904,2.757145664183966,2.574570078739198,2.391682252938692,2.3534597987021417,2.1339038277611553,2.0119304964074285,2.0329681597533904,1.8712377766219412,1.7750637531807125,1.6895746637543527,1.6143829225625725,1.6460530962875146,1.6059681597631816,1.5195531206129842,1.456764305781107,1.4593815439348388,1.3977307688680087,1.418396682182212,1.3803594618552082,1.392412127305775,1.348728132364505,1.3310159415578735,1.2811647652692486,1.2718908367361246,1.240458150934543,1.230501582961797,1.1997955344814288,1.2853007949604263,1.2214345598015628,1.2010318285178319,1.2120724433582575,1.1948976322865983,1.1535077138558711,1.226350247909944,1.203891770556432,1.148676550976457,1.1534179973139518,1.21352012062304,1.1441966434020692,1.2503265232913214,1.2262128087392878,1.2239738496528354,1.28610301950067,1.262055268149352,1.271961457751661,1.2721815023327887,1.2696120061262408,1.356198372942226,1.4316823604550915,1.4129885206659245,1.4234573848494714,1.4679980822283454,1.4943462287134388,1.4974642844130792,1.6852468695417706,1.6826563171830102,1.707463713243077,1.789405112262262,1.8871606866149973,1.9750695056354362,2.1265115049217718,2.2381006676102753,2.4156576805210115,2.4856543774695012,2.7367027483777076,3.025652137174166,3.300380884577958,3.5438924983215667,3.9813165292490456,4.321197900371289,4.614092847942845,5.162221255527318,5.563342111779807,6.075749729024859,6.355079752107145,6.916444210686095,7.3170617437161045,7.855382007544857,8.195427443272564,8.69431608167978,9.133051546380198,9.784213132301822,10.5338677701524,4.3365350215454805,3.5738108330682525,3.1386096617808206,2.9286432317172135,2.6619221109201407,2.3296987617933875,2.19184955067606,2.0605317468271456,1.9777418475655408,1.867726567939523,1.8265750729868113,1.5839797481465334,1.614231653304228,1.6459456751770043,1.5051447217999703,1.3996370369536155,1.373545637340172,1.4107258746626192,1.2749714317352203,1.276120928724008,1.2334422285455546,1.2250323216605112,1.1248683902631778,1.1340431419425971,1.1284604940983616,1.15601800957231,1.0724946750182491,1.0577690436890395,1.0626532919285068,0.9757278974678983,1.055306279219518,1.0549016735871435,0.97356116395927,0.9799955023158223,0.9717158132794201,0.980511345367711,1.0700118622430521,0.9805516212503096,0.9635624365262493,0.9841292793987463,0.969474527321072,0.9677803018755919,0.9715415517526003,0.9784245019716387,0.9763358741296178,0.9650879459531371,0.975456913605899,0.9794097936501189,0.9532118725564475,0.9795648024676904,1.0549113772269643,1.0262047470965472,1.0600941174489569,1.0969263572015604,1.107893939914457,1.0707110252309042,1.0879581942825636,1.1582921286673569,1.142743363209897,1.2268774777383398,1.3161214206106642,1.289994485536038,1.3989737699401243,1.3500917756175788,1.4520514235882338,1.4228175696984249,1.5363794392248267,1.6779712884522686,1.6848477210570207,1.7815356998675556,1.8439793005321814,2.000315165203432,2.092910497046663,2.3561057940139203,2.496579243332883,2.897589536233434,3.1550864430984182,3.376501071462172,4.023763756508353,4.80748031418355,5.702251020705583,6.861294542033059,8.802762374417776
2.3,7.475285831943366,0.003654045204263487,7.497729448081495,10.80108681796796,12.147381506556114,12.922822673734622,13.398076071769335,3.872245027782323,3.8403229252642235,3.858345978752621,6.256574323273592,5.213722439216686,4.552342067185305,4.082179452550995,3.65389515964066,3.279654188975403,3.1362969844263997,2.8627645244406708,2.5509464068622623,2.472461587508164,2.3063561152954617,2.1687009287806496,2.169035853666445,1.975980700531725,1.8434352812228127,1.7494797704112266,1.776096086314883,1.6305614091302032,1.6490942381706055,1.5889737082475217,1.4622088315633874,1.4937944946897859,1.4411173523661367,1.4105046810967716,1.3950875686467512,1.3342112352337512,1.3243555907278655,1.266054301515647,1.2419643127378623,1.2770789270320135,1.2734690153679855,1.2036242041914744,1.224357687837437,1.2118194303122227,1.1700759837317907,1.254241847495284,1.1608226328560591,1.1649223131502255,1.163847666148525,1.0845012100762748,1.1629108854370898,1.1588768931532558,1.2486814593098268,1.2301166542158677,1.23036776215711,1.2546155005649209,1.1677910396997153,1.2065801930173918,1.215231298451022,1.1709229193344963,1.2050321893541847,1.292887213154157,1.282564627758634,1.328677788994845,1.3154364738457955,1.313655761387548,1.3791701880041327,1.4013721144630746,1.3881045363509612,1.5515632936888974,1.5611228186627362,1.6037258876566978,1.629738889735578,1.7251104766649956,1.7751812245600478,1.8388984387179692,1.96167844999149,2.0619675165750815,2.259505053065146,2.3375869516300716,2.454393146859894,2.697215157435498,2.8425302241396575,3.143499755258021,3.4807831939459803,3.78504421374038,4.140208014161243,4.56639576286323,5.0024483454815245,5.452230194639765,5.764923085763165,6.178475488303558,6.657927855953903,7.018924777633058,7.480031685358375,7.958880394623229,8.442093985420252,8.91089865644602,9.504948019199482,10.203813452700178,10.722134305325508,3.8994336062858355,3.3499417580132365,2.997520790203484,2.713590422645021,2.445144619727802,2.228100371712066,2.1603930294422073,1.9482141396673756,1.9012160992126599,1.7748088522040695,1.6825117416586546,1.6582521496806766,1.5806714903237742,1.5175046696607295,1.420328674596463,1.4352961121313519,1.3739780072999617,1.2591669349999106,1.242753886176542,1.2522133541534581,1.239332366458909,1.1880619017024603,1.1604140674064347,1.0842839806938687,1.1059711484153099,1.1073998630533748,1.069117375365976,1.0784714827499038,1.0645634376472355,1.0674447446895434,1.055233705821674,0.9735924388230591,1.0829631746468726,0.991056680665819,0.9855427224201012,0.9788841726711118,0.9815898278238154,0.9805413810581391,0.9788388954745454,0.9718892621578384,0.9883693922100817,1.0621552668097543,0.990187355783831,1.0032964851111863,0.9951212336826141,1.0079936903402813,0.9960561071157402,0.993291567690111,1.0648494915625608,1.0004057616141895,1.072191762702929,1.0512487326367108,1.0760539930498016,1.108385296278491,1.144640162046362,1.136372236608258,1.145291254253185,1.2386022011001145,1.2268159840242416,1.212957533905623,1.2847055121606903,1.2985063961972942,1.4009756941065572,1.4314881878731651,1.5344063801581214,1.5931816098801328,1.599645588977891,1.6388398168018805,1.854286033050804,1.9564552386204808,2.0552232642124815,2.156640047448698,2.2881822908103833,2.5862468102631007,2.7507742692680233,3.0544117284793715,3.4167501917527696,3.9575648437087914,4.596492132136096,5.5023281775617345,6.830300735121113,8.469514923047344
2.325,7.4778827864877595,0.00952480461712795,7.498580875876167,10.986747440940189,12.390164308223474,13.114726908691742,13.521367763384983,3.9391275824281142,3.9521740234312763,3.9701620971110367,6.302040720967806,5.357934926938208,4.619258782463667,4.221689182596698,3.555967848677,3.411447257546949,3.076441361322174,2.6937536299578193,2.712958850445146,2.331245100758095,2.318512250582053,2.1910349969569967,2.0217579587995873,1.929666187817745,1.9162145128645183,1.7561657008376916,1.6846681907052221,1.594638757003865,1.5950534846765774,1.5936526473495942,1.5050359754831724,1.4935203853223964,1.459987395893702,1.3776586428826556,1.3208506544863836,1.3227310146723945,1.3390898186913167,1.2542800976179198,1.2500417399856927,1.2784751151367453,1.194144118232658,1.2346001985336426,1.1567386610808215,1.1908338847042494,1.1622821312104001,1.138864085874737,1.1630519816808556,1.2084271074278474,1.202886562313182,1.159746630367883,1.160964982310568,1.1574526598309294,1.1592750005852832,1.1672681396590212,1.136941233332271,1.16153145808607,1.1503143196674364,1.2384975435978476,1.240832227907585,1.2354602748210566,1.2974877174302195,1.2613200929618484,1.2601839944036997,1.281236050098793,1.3170035484285998,1.3554012978926298,1.4323541854633708,1.4029458091443596,1.4348587326029323,1.4722561114329367,1.563726870682816,1.6234146307105197,1.6889197317976605,1.668415256560695,1.8433829188821778,1.9211175673472511,1.919137372497292,2.070836956096797,2.1252964418940055,2.346074762008768,2.590542948717953,2.6556589065931404,2.8987720502447343,3.2048959217460884,3.4608323881802616,3.7977445060543413,4.169997762842335,4.508712584746448,4.773854852009813,5.2638716780955574,5.6863372622600865,5.992831506005381,6.539872118778754,6.937944712364626,7.282521932056087,7.81522185331917,8.086732233328702,8.713931725053026,9.19074164049926,9.858483035480393,10.507732610765038,3.8370390277560307,3.178680956087929,2.7993831693504334,2.6854566237857043,2.528635729256823,2.253470859517597,2.1622015775443675,2.0296064690961995,1.9105719385058322,1.7964578791401633,1.752652010106113,1.638738554165886,1.574728183593474,1.5918549550629957,1.4549842302522558,1.325537126398107,1.3553987514857762,1.326195289311167,1.3383613283146119,1.231007986650111,1.2187528046558795,1.146570830971521,1.1171881254559672,1.1648875131033154,1.1835193579823458,1.1593349535825908,1.0915959676811067,1.0999009469670682,1.0512600321273138,1.0677056123366306,1.0584154728025246,0.9863017216035617,0.9720121304709073,1.0770363494319515,1.04758628045806,1.0537259865188973,0.9756751633522759,0.9782075720156099,1.0625323356330387,0.9505845778432466,0.9680988290645146,0.9891881580097948,0.9902134425576922,0.9860817718463545,0.9793925221399458,1.0568305740185704,1.050283915939142,1.0485643712793316,1.080215423866583,1.0595812139895977,1.046821331996695,1.0814681291570736,1.0862856033795723,1.099628309300527,1.0834939479856374,1.160029902454476,1.1670248497047613,1.1588209099229736,1.3107817082256847,1.2961608904187383,1.3103063140381448,1.3522649646481644,1.3711550047602645,1.476008235867947,1.5939448522455866,1.5911232718321298,1.613764771673274,1.7786188198862982,1.7430984419767854,1.8372767742131448,1.9661206734239174,2.1478739798591917,2.377259156743487,2.4410286224328774,2.819371855126475,2.9193812365626592,3.3151226572494985,3.9749651689245544,4.502790566340814,5.615411987550405,6.744777415173876,8.79804346820431
2.35,7.480269109163915,0.01179111145001186,7.499148494405948,11.273237123755038,12.544364961427819,13.269163159126391,13.709185031549879,4.051729602320453,4.065431904866009,7.923678372097634,6.2216323543817,5.173310486337772,4.3996551243827,4.037957927529705,3.653034393194676,3.2667454901262585,2.9595215217567246,2.8115157806290583,2.517280207785554,2.4588686975436693,2.230825941225657,2.1631141177081252,2.032694243039994,1.9359691285601714,1.827457397477891,1.740226212468997,1.7099315823637125,1.750208858859948,1.6169756350889057,1.5372446896091176,1.4305724235074924,1.430249067275217,1.4648864326141309,1.4114285117397936,1.362706587500448,1.3488488505578102,1.3237961570131012,1.2849989068170382,1.2253581032036829,1.2652013551766896,1.1841129182627568,1.189954277365543,1.1663125853657008,1.2454988881811067,1.1573391658022227,1.1699296357773108,1.1737746102907713,1.1332109726185184,1.120926239494048,1.1229578425084341,1.154234139471388,1.124306221053279,1.2079106750522295,1.2259421239224702,1.1578209620763424,1.1943754683971002,1.258651943167404,1.1699108160861194,1.1633583243970205,1.2414706322198912,1.238828042862158,1.2499418571601721,1.3254409743719737,1.2953975638769886,1.338619039206105,1.3841971916360707,1.3094183104122732,1.382769618983973,1.5157019095308812,1.4614213210433764,1.5429606055169578,1.5876338223462148,1.6878779296148125,1.7288714656620414,1.695200432172216,1.8831151636620103,1.9979440656736998,2.1693157147128495,2.195043399713164,2.4004942994364296,2.508205262559825,2.777744417489434,2.912759828735713,3.126232233526365,3.4361364406775787,3.7915193544895334,3.9786200136286936,4.38953790424696,4.848361116219553,5.050684132468622,5.568082227248441,5.928927307870643,6.336898437829939,6.737477960402974,7.144300032023674,7.612731690350532,7.931377303684101,8.523675322172975,9.024113393104212,9.680157605639781,10.286289526951153,4.122178945739649,3.4885339758861007,3.0202835883524335,2.6041906645090296,2.3875985138514015,2.352512661392513,2.123186867924226,1.9791084397057022,1.8541188121337882,1.899154192021876,1.6015732125020339,1.5781823995389772,1.5683985168264334,1.552740905416411,1.3803209569130235,1.3854485827239587,1.3683599845277414,1.286481066068035,1.2865193531597843,1.2614162282826042,1.2571194858790562,1.2176577390188277,1.217475963696784,1.1286535507422621,1.1190495950374684,1.1203360752892184,1.093389180507681,1.0909996252234522,1.0688824439356832,1.1439753321974968,1.0529735386018704,1.0266356868091482,1.0192550679605226,1.0341816105107464,1.023169958528583,1.019540302687378,0.9419030034399917,0.9411575909000258,1.0246219772516616,1.020928981389801,1.021060299069809,1.0245001291905698,1.0245971405481404,1.01726267825502,1.0151542069424673,1.0658394587297808,1.0352813691591978,1.0372948011959404,1.028712231822507,1.0473172406729372,1.0872964606140014,1.0929446991675393,1.1071396028986842,1.0978733508579799,1.1425082740755743,1.1722564367075994,1.2111445772289264,1.2518320116606787,1.1745985681469022,1.3114482690447262,1.2324153419143054,1.3927374200132823,1.4272503068640994,1.5452406229704372,1.4538687572388154,1.6178429132185415,1.7442189444641336,1.744432516282465,1.8328429318771928,1.9349031193054358,2.0180028642340533,2.170759209671421,2.341978024685107,2.6471071923461955,2.719987417706227,3.112128202074359,3.5292118377426163,4.092582875524365,4.691653711824697,5.744868798264204,6.890358204213264,8.948321101186147
2.375,7.482458933036594,0.012916077718678073,7.4997161129357295,11.708140085095245,12.843275599207216,13.50073479420303,14.021552376745179,4.16495017247993,4.179834528815525,7.58178228562184,6.211039012371761,5.056375610282225,4.569304396293195,3.917320533007881,3.419151874725505,3.1426799901492415,3.0348390261874387,2.6350249638060537,2.63851509038342,2.2744185799177905,2.1963519091661734,2.054533355266908,1.9415528308455257,1.8634549311767556,1.8449527004598325,1.712694730199798,1.7029772666560135,1.541489837900254,1.5770218382092345,1.5855355218465261,1.5119661275808323,1.5205194221655514,1.374131779661133,1.390080009687537,1.3086893109315303,1.326321645995955,1.2346166850827291,1.2898290033763242,1.2610217866156994,1.282521128271226,1.1891382762572749,1.2054534724384387,1.1635990482978145,1.1399741538376775,1.1857512352078925,1.1495067712472404,1.1609862208720827,1.1398261932831089,1.2342693742495756,1.1369289881078417,1.1584535638154088,1.170486134363903,1.152836159563334,1.1523563765423255,1.152347734127797,1.1542899493419096,1.172926605238543,1.1483334761901034,1.2545825010449492,1.237195454563618,1.1967898175243559,1.2692270331276498,1.2601328577620492,1.2836069627332511,1.3400109397318525,1.340969611855054,1.3673750864326233,1.3787711624939694,1.4552718638343876,1.5365448332579825,1.592677314247691,1.6278475219844593,1.600579275169263,1.7787363608605793,1.8534033079150194,1.798968378265787,1.9719807240423846,2.0899072717113665,2.2261851902097503,2.278845486246685,2.4681064922369047,2.7754828418496813,2.970876091199531,3.0850201637507575,3.3401824243099485,3.6643337225374384,3.9761869587896523,4.2995943654372,4.622114938016299,5.026909650531539,5.331460986120387,5.733841750908907,6.160522301670231,6.569141110621149,7.044036119428516,7.469545014157439,7.822099140492698,8.34489067824541,8.793328542068513,9.494619797472009,10.04057184889992,10.610281436136539,3.4053154218947497,2.8506322896740706,2.5894695263343945,2.4842390171856255,2.2297679936758654,2.063779782786445,1.9743735915132619,1.9562773080841516,1.7027447929670603,1.6776903484995405,1.6833537430617251,1.5137644368724263,1.5001102690446,1.51489256897781,1.3275838040685397,1.3462629983152983,1.2581623702184566,1.2745800818542812,1.2930649106680259,1.2323645819486293,1.232461131926025,1.1549027800010354,1.136878163127381,1.134826639947833,1.1503271003196327,1.1839001337824993,1.0816971323864975,1.0439443561067112,1.0601335965212435,0.9798762098631978,1.056984066940118,1.0348508473832956,1.0559608776151481,1.0495492555655819,0.987986605182852,1.0443455432017985,1.0525392776393148,0.9551503274612362,0.9876924825686321,1.0619619248807863,0.9681463556548785,0.9763302668981373,0.9622550502947,1.0636077710538956,1.0324576214052115,1.0607635767093577,1.10196082268848,1.0585036110889814,1.050680415153886,1.0989686496787074,1.1138461113966285,1.0791163734351785,1.0697763732757393,1.1600528648464064,1.2427750613868107,1.2483074627311197,1.2537706313256909,1.308467711737788,1.2986934288769758,1.308065501292754,1.3872682633927158,1.3660184236434556,1.4254044689608016,1.5868557951445155,1.6324241876170293,1.6332591123995641,1.7503120366696574,1.8915167017884555,1.9760161153965008,2.085521631797204,2.1578285886213724,2.443061454128613,2.54271000357346,2.8065468046703685,3.155136075956134,3.583362502580414,4.076426012693767,4.729111040489026,5.9296893286068775,7.106182223316682,9.169873612228175
2.4,7.4843656449977125,0.018351270412015636,7.498949806374549,12.108824150508362,13.151967720640748,13.731325463330961,14.292243824155648,4.278953302914525,4.29538419496913,7.402730272073262,5.890874883302149,4.849281252229151,4.372399294619138,3.8339690012509595,3.4056934220969013,3.2301842720032328,2.8217724907160844,2.670309928972866,2.344420208422228,2.35787780838778,2.1069489161605937,1.9814023890774852,2.0294580507609585,1.9102946804353953,1.7709866764250475,1.6678587641871943,1.6741458408317873,1.5494069036333833,1.5799668385119885,1.5387872847211252,1.4275087851898784,1.4273085456175947,1.3713215143493254,1.3671478225086116,1.374262113084702,1.312452072538001,1.2409962950514863,1.258773418526302,1.168023422131889,1.2169117186765748,1.1230657349294502,1.1927252964882604,1.1809043634490508,1.1661927425199219,1.1636020003468273,1.1255068134219466,1.11545510903103,1.1770916894731922,1.128752928778711,1.1066612155953108,1.1241949490567629,1.1211255211002555,1.1232752076400767,1.2021900396717495,1.2008711416087652,1.1790870250876662,1.1711684273470118,1.1949320356233692,1.2010363545229716,1.1803009281398242,1.2696492117792968,1.3094809121679643,1.3196081009211635,1.2691298110653355,1.2675039611882881,1.3508838410475692,1.4345495615853088,1.4253884473884262,1.4481971732701473,1.5334712334647331,1.6317767385114952,1.609524313877683,1.6494184031242156,1.730129591939596,1.8275319331099777,1.9577608652857326,2.092446198937182,2.0945931808237814,2.1647641371787563,2.4136714948818248,2.580410544209937,2.7255783237303683,2.9266960517390075,3.127852587664202,3.467842513958214,3.730089690499303,3.9581071805110204,4.243585870203972,4.686062188988062,4.96163532825528,5.294537230466192,5.627613618409608,6.040020012307487,6.386081060391331,6.868358070782784,7.296318771063617,7.673592437725647,8.088568195838949,8.649016956740027,9.304409463083275,9.88823476866846,10.410916458190254,3.180883173670057,3.0436185240943856,2.7029735162175497,2.4247799420952894,2.297435611062311,2.028245297769777,1.9925364070513738,1.852073027535118,1.7362007513461362,1.6331291555248655,1.6080160762949747,1.5252355393703763,1.5696423348992365,1.467232531951193,1.3158211271781528,1.2992077422194714,1.3241780552718447,1.2710071539771133,1.276361619346158,1.1716520339144314,1.1946325034928549,1.2138395283390302,1.196645840284251,1.1262439109879236,1.1422913375724457,1.1236684511702828,1.0221791655736534,1.0177387611537863,1.0195534529262034,1.0833839498999556,1.057726329873161,1.0586914673412664,1.034012496869817,1.0152798973002852,0.9598773492812234,1.0253165458013218,1.005137470001354,1.0171501236357385,1.0182164726175615,1.0712011854896655,1.028333725133694,1.0381223958753123,1.0234701277743363,1.0477401347010542,1.02543465490373,1.0219307041364971,1.0439667209316004,1.0611400265708724,1.109644024910531,1.1119995026621208,1.1025195521622908,1.1877443253500513,1.1604749796578295,1.1267225861126913,1.2673895676087246,1.202724742198389,1.2712445800721008,1.3304991018927548,1.3082105173247685,1.4366643068916267,1.4030148857004243,1.482457856254425,1.4639074261788416,1.5312190639858487,1.7612353956616889,1.7685011020552106,1.8535551428388966,1.9152844768303932,2.095602137166392,2.156501203198526,2.2684585053982995,2.530102815276484,2.624484923843978,2.9627525999815343,3.4046702470613828,3.790321946593971,4.288018021246343,5.077119685479838,6.131782645035066,7.556549459264234,9.834412761615235
2.425,7.4859083740936985,0.02213800411072847,7.495799734440455,12.414162565592578,13.501843734654653,14.169078558290206,4.459490557918225,4.393707252822914,4.41157085527703,6.746028402870632,5.6971048228658185,4.927760207077477,4.115332063204698,3.7704755746531835,3.401691417590155,3.0377189011422887,2.864610439570607,2.5456625600725893,2.4724076582346073,2.2739880038456284,2.1771661874491937,2.007783558679251,1.953287101290152,1.775288525188843,1.7732231506390013,1.7419161221039818,1.6352482095132437,1.5702574903038389,1.4959798056494458,1.4836338963081255,1.4307373480870256,1.4355069423505447,1.3586763488851705,1.364832210606435,1.3099803790366658,1.3059045200198436,1.2406586106115556,1.206475316179406,1.199657259246204,1.240669993441594,1.1447216512637093,1.2117751562158232,1.1644658439060718,1.1542984883402194,1.193482443092556,1.0745518907770621,1.1014418209213193,1.1285357934391256,1.143121114773068,1.1273542876887732,1.1044279793059526,1.1645853703100868,1.1717412844428272,1.0919708656615994,1.1754587538079542,1.1502030164935833,1.2290432942982747,1.2230244804920538,1.1892569665592407,1.2099594522932025,1.2652721197035846,1.2023279745777096,1.2732129913201569,1.338807969801106,1.3691741849292913,1.3588576976979672,1.3884860198917817,1.4625913078381136,1.4447741629267388,1.4922477760760697,1.572107978791747,1.6177344924592085,1.7163508711403892,1.7556769275962898,1.836186881159428,1.9011329891239435,2.0488236942510976,2.176514603974122,2.302947156070137,2.4290646505453686,2.519969650498616,2.7474344929292154,2.857629057411631,3.0386946367472225,3.418902350518607,3.6267935943406786,3.997766776378508,4.278985720787794,4.502912909594446,4.813221465355002,5.270102523167308,5.565776003218051,5.945481870129732,6.34943888730398,6.680368738803668,7.121049720645682,7.528624521102635,7.946174225541508,8.456767469190378,9.131677717710739,9.736127116004932,10.403279494122648,3.4812940750824373,3.029689204171442,2.5157478901111396,2.3435070764844768,2.164315085965321,2.1009437798427277,1.888249923143046,1.9031702153266843,1.7497706104506017,1.6529964465652816,1.6026000208328366,1.5174892843041448,1.4209088887271806,1.3828261912843187,1.4366181163642182,1.306369793256907,1.2810238584958604,1.2057484054595573,1.2239856983020556,1.2190102765564435,1.2286853686536476,1.1830502783779704,1.1754625150224536,1.0668654688987258,1.0524872119780295,1.0499437099543918,1.0859282647913238,1.0797289786547006,1.0477955245516442,1.0483016018759599,1.0628141768813262,0.9709816940812025,0.976661592584051,1.0462313635946576,1.0712268780455778,1.0694344214983003,0.9722943028543743,0.9623392978107997,1.067390233813269,0.9880736578170086,0.9920330930966943,1.0553663583062338,1.0630888149387379,1.0538851944240943,1.0924573803453812,1.0843565857869244,1.1438965295055352,1.1155194355380091,1.0822799353785517,1.0781873260652648,1.168993597830868,1.0827095425962259,1.1641869708888586,1.2335188189616861,1.2289601362680398,1.3157849252362732,1.3128482538444293,1.3070906281998835,1.356671648482117,1.3478685735532623,1.4792381707276465,1.4863702901936497,1.5553736469801447,1.65498079782333,1.6286937310487182,1.6921926945925736,1.8808305453855392,1.9682231074937084,2.095416950244825,2.2227446814973355,2.3145747092217914,2.4783159180794483,2.8333328642300843,3.0673968317190217,3.319303201180271,3.860240022434302,4.317991758023515,5.2782353805731175,6.486172816176898,8.000546209028881,10.268156643674251
2.45,7.486956666768823,0.024063769421314513,7.493699686484391,12.891947968770635,13.875381169728021,14.447210726054218,4.4955193587586235,4.5089692427256445,8.36427991115478,6.420072465926702,5.453053495524,4.748261691194699,4.056305968135758,3.5472064107832546,3.1892718364133708,3.045243173658964,2.6626920406143375,2.5418598007905624,2.322432871026786,2.303448865201738,2.0977206594545077,1.9877846402486168,1.9639023003739775,1.8373940934905246,1.7425135747922031,1.6234184604329962,1.5503387073831256,1.539375268829976,1.5486358222829597,1.4244405739911596,1.386130805866536,1.4101233397708615,1.2787619681651663,1.291955599325773,1.296654650140537,1.3081650179415734,1.206352894799027,1.2353258553185325,1.182992482127585,1.1899519441146722,1.1594153032165964,1.1619505551212301,1.1488167605671145,1.1420621901410235,1.1798557459482208,1.1105760894250833,1.1693758498512556,1.1781042265850874,1.1105268408890425,1.109274066788011,1.1484273973514534,1.1311929301895185,1.1554351929717945,1.1075875415730587,1.1553267964709988,1.181927606382963,1.1152325377730588,1.1668419465033764,1.2424575590115268,1.2617098644489904,1.2053702543112197,1.305693765423363,1.2804361617950477,1.2723809566064725,1.3642136877748612,1.3914865510246335,1.3852078544594253,1.4306781133815853,1.4770342280932869,1.549620350390873,1.5788917742721291,1.664934132786574,1.686907061610636,1.767473117984567,1.8733254007839437,1.9903404740717505,1.9690604888811318,2.1064510318018415,2.39304905597434,2.4214817580185817,2.58814193563052,2.657959274350189,2.9273696362334194,3.1879334454676598,3.3407730413328407,3.7012349131427777,3.8900910877373125,4.206961761566899,4.451270708317099,4.773147532177743,5.070574061504741,5.405204999415909,5.851806320984784,6.165618147230035,6.695059280361514,6.967172670718109,7.3741998972031855,7.77179883227975,8.268514095222235,8.958167219881684,9.546909368918996,10.252964939754708,3.5648951132453863,2.8561610441212606,2.715774265304842,2.3456439043013653,2.3385540235912434,2.1071592992671846,1.9113068501170003,1.723151516413435,1.7412719013106506,1.686942397724408,1.5935699021815264,1.5108763712030715,1.5089807683074012,1.3586810803950744,1.3665452865946028,1.295400561186403,1.3033296830418013,1.286278059824366,1.1546678864536748,1.174122999640226,1.1811772002198342,1.140448645349338,1.1416388456878874,1.081241699899339,1.1734843445044743,1.080158061098175,1.0609015182714978,1.0694431096446648,0.9746008994469099,0.9845101029363958,1.0607897180744263,1.0779300507561862,1.0601933341659733,0.9634686381359097,0.9831831131594487,0.9809183192134933,0.9901873601365108,0.9937187962285242,0.9796312610372349,1.0571861696493932,1.0924342777965534,1.054306113802354,1.0669861605580973,1.044637105677861,1.0790797497059001,1.067179240218064,1.0707392044369632,1.1436182447021013,1.1651691256522962,1.0929799622333667,1.1815787566090026,1.155674581168021,1.1733052268398387,1.2599828291688944,1.224547391642475,1.250498314311874,1.3717970812436107,1.2938028429483028,1.4026567573313933,1.456393399203179,1.4834648640353436,1.4464884665348345,1.6106582627882384,1.5994372574789628,1.696924985329932,1.7594632660486207,1.837699530120259,2.019231153214036,2.185949027196461,2.244026166539626,2.4969701654372085,2.622697331999322,2.9077472868648115,3.034962337754934,3.5010295099585855,3.832596566477914,4.526615966837031,5.446104378183066,6.771721273229313,8.600460395016329,11.066416998792638
2.475,7.4876037273841165,0.025981135740777567,7.491599638528329,13.237389351484454,14.200453092830458,14.667105534447675,4.609971060682858,4.624393507770828,7.929457127005293,6.219683329835979,5.276762643400615,4.5342619934319535,4.0909063126389364,3.561445662131517,3.172057474964993,2.8256515904625696,2.726355721339281,2.463689442562593,2.3312616146861234,2.1468029757650817,2.0862311705025407,1.9964952507213145,1.804568777114149,1.685168061724768,1.7135560863213122,1.6401332589548836,1.6113078289687832,1.5197696478236675,1.5220012320996146,1.4421616425101145,1.3693124567977522,1.3836394102618046,1.311863975063261,1.3256634888309473,1.2967341086950954,1.281778267591863,1.1886317609372068,1.1718475747554915,1.178907799288627,1.2308247676151947,1.195537932243609,1.1230996310131898,1.2343813102682102,1.116858584928235,1.0947398811169051,1.184699484469735,1.1700524903206984,1.1204084753634287,1.1169242574764233,1.1839440730685207,1.12768145716858,1.1194390064293531,1.1784335559653483,1.1738576576986008,1.160879019005425,1.1693585426753985,1.1858497859572703,1.1977473571770638,1.2085625448504467,1.1841338885649093,1.2733346810112338,1.2672343612561625,1.2727353629942315,1.342821846053287,1.3022349573192618,1.3819277302505044,1.4662779232427252,1.4792425336434467,1.4643981645744408,1.5182713282825648,1.6141597316122014,1.592208337444702,1.7264106050964556,1.8863588190739038,1.8591718984649217,1.940976931250996,2.101805249409289,2.168946316674964,2.262927091642088,2.4470992204202577,2.5739226356479623,2.6946832104108602,3.0010447282983557,3.125732603519776,3.2759213534321865,3.5990475159958693,3.8284189069976504,4.124988461932915,4.492045275100721,4.604081305262206,5.102360331336614,5.391521793990129,5.65012547053327,5.985421150545457,6.43997620406051,6.87111995136988,7.1654884610345935,7.614863719675387,8.243504150860227,8.811745846153373,9.359830645318377,10.015561104459275,4.07960612749409,2.973628124664991,2.6928670210165393,2.2836013497425802,2.1220959936294452,1.9977545244592698,1.901369649780993,1.8155650687128693,1.664685561255285,1.586591906314601,1.532297794048826,1.571601738909819,1.4070065912476981,1.401928452906718,1.3121368968091496,1.3808503295268442,1.2712392690203358,1.2836767908608913,1.166252019754039,1.1788782262942712,1.1990893337479513,1.2079647322603861,1.0957919009202435,1.0933842618146945,1.095037716763055,1.005648142718084,1.0279052386286314,1.108346720980912,1.0876942792145776,1.0045055852478326,1.0178276714564023,0.9998638867885923,1.005634227604735,1.026784456961892,1.0158109776323019,1.0017634867361929,1.0203017741489158,1.0302112443690616,1.0211165907707302,1.0144675302372466,1.0098145688920117,1.0102407902326447,1.0269885380970705,1.0220375529108792,1.0883529000890273,1.101279081148967,1.0876281943522765,1.0944397632637062,1.090592812507924,1.1237191916295222,1.12998243135773,1.216666541948282,1.2489817241386278,1.1695869856147667,1.2289517739787346,1.2315531355008165,1.330059613191667,1.3043022854967827,1.3855937486539325,1.4348561383439216,1.4686608175285678,1.529137491063036,1.6121642723129674,1.6007242773934731,1.7705012829192956,1.8965754599209514,1.9456578540196157,2.0729258385101548,2.014573315806553,2.303463684159082,2.4328169835869344,2.669125880493342,2.84360397484811,3.179145911706986,3.541477458523958,4.032515984047092,4.702182333488239,5.621263038426278,6.918464190862551,8.838551530741531,11.526019067670193
2.5,7.4878905336529735,0.03657945507185175,7.483384369414589,13.707546577354094,14.479649707831328,14.930091793610936,4.724576061449857,4.739950005749782,7.411737158696896,5.978768398865731,5.115043618978508,4.300087108678355,3.917600586285514,3.4935103780347307,2.9853658508331695,2.882231519917867,2.6694694935854755,2.4020326456605767,2.327927354185048,2.151561320848138,2.070352553532969,1.9843340072503384,1.8751170299962285,1.744433286885806,1.6055894712950638,1.619857956587495,1.545203024545387,1.5205953216594947,1.4250051224444156,1.4167056131506823,1.384913566804159,1.3707902241555414,1.2639689396372122,1.2667476137491855,1.267332890605664,1.2865261790827363,1.1993644271467483,1.2368002396299018,1.1643093944967677,1.1453279681621122,1.1583802414177826,1.2066405063412007,1.127419911903579,1.1638862218852855,1.1735694812636546,1.092828303869205,1.0752962290211814,1.1366182504892313,1.1307149859474623,1.2234087679543473,1.1616823890698924,1.1533241384174537,1.1659683947942707,1.1450410458604452,1.1387188364921188,1.1513991339247323,1.2378159898756456,1.2079922172244484,1.1975896593150852,1.2806335598346383,1.2651622803300318,1.2693228347268526,1.351348395847724,1.3486707741798338,1.3674026015632703,1.4352327059756569,1.4138730455335917,1.5127633607604614,1.5283589108040965,1.5729302567436414,1.6096688719795695,1.702124518126939,1.7641554544907885,1.7513964020174588,1.9430410071915871,2.0412060353599215,2.043725692078353,2.0886150218709503,2.2607714693126506,2.434197304111082,2.53069770130912,2.7239399879706934,2.9228011139338177,3.1133237843263784,3.338387802777912,3.5020350686888784,3.8213569132744554,3.9619750078534373,4.370219249846958,4.702227647868559,4.937661678744002,5.326879167564582,5.550802145582622,5.986684303390708,6.324428044588867,6.726015814977949,7.137060719158899,7.484021693936724,8.047000497241632,8.61636971760197,9.158848370176921,9.700086999196357,3.886998599288457,3.0759606600840854,2.5907182765388104,2.445203364372437,2.134281774431371,1.9905249108354877,1.8638954554589668,1.7302547246988378,1.6457181589372631,1.600356664625834,1.5249026869849327,1.4046200168141436,1.4928659083988807,1.4315818529284565,1.310800564870701,1.3555474660190303,1.2101414219278341,1.2187263883334067,1.2476756356211776,1.2275259320447545,1.1515262769311339,1.1705875999887256,1.0600293945416746,1.0670103659835777,1.0470862740805935,1.090856472858819,1.080182254427693,1.049213577847068,1.0541854321205724,1.0460760932413098,0.969652791032637,0.9688934301504463,1.0713755860510346,1.0566713018965397,1.0426008400665172,0.9741665574624919,0.9777939632993732,1.0526009402275611,0.9736524928186825,0.9831275711988643,1.0567588788480122,1.041876288133851,1.0458721546949203,1.0521909049606513,1.0552429806160284,1.0595597833641128,1.0580179271346948,1.0836085566697977,1.0970168703890995,1.2340916458108537,1.1326047301682505,1.112449752438414,1.1861352154464946,1.1902264967511889,1.246015530311982,1.371026959528552,1.3799760473940592,1.4103928650793667,1.3890430410186214,1.4681372951391218,1.4462938070916593,1.6170568683869095,1.5834621311848311,1.6833138140753867,1.799460590741254,1.913240321176443,2.024381385513346,2.1064509101639417,2.1677216614944905,2.3713418338647902,2.4811961749720854,2.773593496108371,2.9655050841969883,3.3657510718620136,3.7159528186294226,4.203921925842324,4.889811963593841,6.09804276028346,7.109030320379607,9.434779454670682,12.27542950690158
2.525,7.4859527980787295,0.04081301160026091,7.481911480550792,14.04236755803428,14.724220676478076,4.8290552942354505,4.839591499866213,9.307879950185338,6.97846620327913,5.689382584181127,4.889439974313016,4.107556010215454,3.747425376048364,3.180550524352398,3.0283827742488696,2.772847067908818,2.590620600688332,2.460150625319697,2.3207750144048966,2.1070611696716917,2.0332803770490617,1.9779100793246558,1.7737337911133508,1.6802532347124628,1.6933934597627402,1.686694670210349,1.5926869251602216,1.4890794729345758,1.4084492273683866,1.405019339394814,1.361306183866584,1.3439966818059461,1.3401591901385026,1.3332377522989591,1.26137054566136,1.220792279643984,1.2069464457085057,1.2452668413769175,1.1635995889299109,1.1741004000648128,1.155365076813474,1.16747832382014,1.1377569509171213,1.1344472223952868,1.1752649681590779,1.1055967858881528,1.1656919360011282,1.1833151306549514,1.102172885290998,1.1062793711546042,1.1549810581665934,1.144631746939915,1.1452940913179994,1.1668189958079889,1.1835177537501895,1.1816517157985127,1.2181976834180221,1.2513463602897823,1.24604576437128,1.226837240449523,1.2419065442616124,1.3075876688573342,1.2552866968219798,1.3484064988683573,1.4661910534146863,1.4169823607922982,1.4289789721022201,1.4307655518172182,1.5454144240992156,1.615925087072451,1.6688612660878492,1.653162212711505,1.840631521290189,1.8291081263827607,1.8542774915589393,1.9245559536812866,2.0951635597652687,2.1657435194815378,2.28379432806925,2.3817854570277617,2.529920293088965,2.723853126863634,2.9337163648033733,3.13908521290337,3.2621538990169294,3.4069846492555866,3.7814434575096647,3.877154112777452,4.277364106314088,4.503425271931091,4.7463723007779635,5.199752121662435,5.511517913775855,5.767258995164078,6.154704637762044,6.507178576346396,6.980009307004777,7.250808111067995,7.9359821513659385,8.59982195728711,9.060576102346626,9.702817599166565,10.206680443811164,3.1224819410079068,2.6923912180891385,2.34706323811425,2.306155995821532,2.066949727929917,1.8560195041205445,1.8048099879690322,1.70318523784208,1.610482844765217,1.5071170385576664,1.5251327738428506,1.5172576001174907,1.3565198705559882,1.2922884143415985,1.293272461385507,1.2968601393857806,1.249602477956466,1.2597833414858663,1.143321047477792,1.1440524974697113,1.1537218876935793,1.1097415115643805,1.1794580363025895,1.0528485110662775,1.048555250247074,0.9863192090997589,0.9966372293751206,0.9905992740591386,1.0573591502245534,1.066256416458176,1.0560464652936605,0.9926603039855406,0.9959047361250989,0.9776869646344016,0.984154611672005,1.0090647363319944,0.9912350601339831,1.043599164395177,1.0762823004150688,1.0009808257490027,0.9830432513882206,1.0717857151226544,0.9875150476536796,0.9871734981211184,1.0628999400568315,1.147055884794536,1.1654348374234968,1.0904577919772465,1.1851178661784023,1.1439044234747235,1.186087059393853,1.1878597482487192,1.2545578124037244,1.2484541549846848,1.3128168530729136,1.3254062289053654,1.357508046239649,1.4894319150299211,1.4813202905010476,1.5118629254440186,1.5608217825747228,1.6370524746130344,1.7792667943438727,1.8613667703968686,1.9575259704994166,1.9705248368680248,2.222114062579123,2.2457546509124153,2.400076604873627,2.536515995485311,2.7410028039220666,3.145909987150663,3.4624790123475253,3.806154560116974,4.427544182279906,5.0673665968259485,6.433171602457581,7.974501070697809,10.276364134567096,12.826960789199122
2.55,7.484104688790413,0.042410811289890854,7.480438591686995,14.552417863939574,15.142909266645715,4.944109539624605,4.956307098957781,7.95670275911231,6.246730023243877,5.4139115889665455,4.6323090520260575,3.9978664502617804,3.5118449002055314,3.352852179183127,2.9970218737724386,2.6433636538832297,2.6109552395219717,2.239985023970436,2.1794069758102905,1.9899127172707418,1.8800257467427068,1.7909383022550724,1.7612762145650234,1.7342170422169356,1.628048065816287,1.5409078364459747,1.5402263360319872,1.4675004711629704,1.4166162408593244,1.4262919194881376,1.294716640763936,1.3233943075936654,1.3320983035845257,1.3161478233991366,1.2855063060826517,1.2741422035047836,1.1973460989339257,1.188190538228468,1.1532270989319928,1.2091433903115856,1.2011720249057418,1.1815880521764075,1.130154205767261,1.1326544030553984,1.0937878308987339,1.1687296314088818,1.182086138632395,1.116694763139772,1.1280792432756437,1.1870272692176032,1.126873452023198,1.1293857342250997,1.1212239256201628,1.1706853119275524,1.1686322050536415,1.161841502596192,1.1861738606227619,1.1694619360719452,1.192106586705709,1.2301865254992943,1.3537936764428657,1.280486988731003,1.3579918252838123,1.3522903917624374,1.351278214786686,1.4795180273820379,1.4239597399606094,1.5594309347625375,1.5220143801646568,1.6281965338906812,1.6861740469475461,1.7325213119909155,1.7275357005813095,1.8125641233748562,1.9529077461962894,2.0395891465025042,2.0624205117281216,2.085913714011269,2.380313933696138,2.4874673042257904,2.6098247071342637,2.7535464685257725,2.840901245768004,3.0308544996054083,3.25960855580021,3.6029839823432344,3.701567501317226,4.029257864341391,4.152606459008859,4.532221452258181,4.856246248504193,5.123850794724529,5.426394740374695,5.734852973542935,6.1420516426974014,6.404873594581602,6.877564325497348,7.29081405919064,7.891096710828726,8.434865721878989,9.094510783930374,9.592768975045066,10.151727580947467,3.4626679049592375,2.591106036326417,2.4029893244036313,2.1707413481833107,2.133169124277116,1.8772036739922837,1.673442000756946,1.6806438946283813,1.5535699454504996,1.4372543668153825,1.4703519997076961,1.3956471860562458,1.318351671381332,1.3702228914913455,1.2687865448214375,1.270319301717624,1.1727392843334532,1.170332566937,1.2042161685846442,1.2142345686451836,1.0865116920809448,1.100233458154439,1.0159134095643632,1.0253326172356583,1.003357663501058,1.0847190662912676,1.0818989565356933,1.0039829146028105,1.0037194318993925,1.005495403424019,1.00616824304813,1.0023504866530966,1.0062876426361667,1.0245240907844482,1.0075535561007951,1.0010910313569468,0.9984671526475245,1.0013964175213372,0.9982714814089528,1.0289444336999256,1.0175143508544824,1.0276278630231013,1.0986008170828774,1.1041255683493985,1.1044604210889677,1.0979949136313267,1.093973461740153,1.100023510768958,1.1310523415222125,1.180186736775576,1.1679013933167164,1.1738131819418303,1.2506091960646402,1.2437162834563102,1.3193855844364182,1.4037361580873557,1.3966201212545453,1.4080921461667606,1.4719986297820233,1.5816023401134043,1.5473008914634498,1.6284771279716757,1.7490602746545647,1.9608528809694148,1.9211213640362865,2.01355683760185,2.0885975219760113,2.4009154476412764,2.490234585307303,2.700845818123811,2.9521850372245706,3.2324432480600995,3.6148161629167608,3.95954425044552,4.57680242069605,5.374255158537441,6.878826362214153,8.4199964512748,11.10137446391865,13.37025492048774
2.575,7.482291485309007,0.041924476140424986,7.478965702823198,15.003322538495832,5.5163133933509005,5.060388453047271,10.318677195869077,7.349158384132383,6.022980977302258,4.973015112307928,4.460093536506468,3.891975163550082,3.291727064311733,3.000460856034805,2.827934864992359,2.64101763131345,2.342993382545962,2.3339041698129015,2.053709060101991,1.9326220766687574,1.9614093210789685,1.8453119345673457,1.7502512443757219,1.6152761255514456,1.6263204041463852,1.4707233984387031,1.5404856477937021,1.4105859683708957,1.4119687347365857,1.416385459861154,1.3697752596234998,1.3279093402814046,1.2773145558567454,1.2563490770907961,1.2874711523512314,1.2785068869592366,1.2004115437351324,1.2449864813666063,1.1457636976745447,1.1346295836537188,1.1912986630793367,1.2211290238664978,1.1516724970971695,1.1351729524803498,1.1480116147764903,1.105381643424571,1.1546002025961082,1.1375544415886563,1.2180487225950003,1.212162151409732,1.1531498315333548,1.1496080606786907,1.1571608934047712,1.1870989784227053,1.1507618455861364,1.2276263674000405,1.2202877924396425,1.2434034572378345,1.27556187951134,1.2601555744900286,1.2594946346416485,1.3613972751737553,1.3399893367687654,1.3629833401687674,1.3730446811506951,1.3905364784854124,1.5170875817833793,1.582144567411381,1.6160440361009496,1.6119563588898405,1.6870930914318132,1.648921409076665,1.8277120853904254,1.9182892090560781,1.9083783131279977,2.029630372168184,2.076832228157586,2.232153726792396,2.3452146081841367,2.4831787269236356,2.5686630819239804,2.6836219147761105,2.837046633619232,3.058688126041279,3.2712374102111896,3.434327566848717,3.7097129419185264,3.9205881273710923,4.1522013416301435,4.416576646407966,4.7362918630139275,4.9321331046213475,5.3739884684580055,5.751985033230471,5.987772911070586,6.436150816578891,6.798486505236397,7.3219697099828105,7.807741420525655,8.328988704338379,9.029065308210694,9.575045035482296,10.178428045559329,3.4164912655708743,2.5080150992432317,2.2810240695893906,2.125864454358758,1.9451461615956822,1.8220730328747956,1.7154198391953421,1.6412977068986458,1.5223435231573617,1.5359373699419365,1.412950783553892,1.3889886132513292,1.3048310155070237,1.2912125668983863,1.207045876546773,1.2332742845161107,1.253934278344116,1.1594468327077787,1.1673199134772685,1.0653675762437562,1.0670333894280954,1.0611041157107228,1.059287159842483,1.085639931649902,1.0515335391770344,1.0420315575715284,1.0583112631370062,0.9935880956629284,0.9827944500195587,0.9653221416865202,1.056963756404417,1.0217212882193933,0.977877106115929,0.96829787299215,0.9599742848936316,0.9591199510919955,0.9747004371988967,0.9714975347516964,1.0547439874195206,1.0643126414361004,1.0693229634264494,0.9675233833554054,1.0514987100849393,1.0412878539026493,1.0490956256882369,1.0683273402676452,1.154755503447109,1.1592797053369919,1.1270682167530786,1.1323490936012273,1.1514628254604327,1.1544408934732084,1.2450152647436212,1.263582697229244,1.2921573481184665,1.3487121805840354,1.3422482110172216,1.5504259261584885,1.4972390631605468,1.5841895817249556,1.6065468757630026,1.7518678975581186,1.8599341496633381,1.8750071943885636,1.950797288015292,2.143279389737537,2.2190964848953043,2.4712383620617615,2.6706465964841666,2.7144182364237874,3.031903075201872,3.371902446361692,3.590361191289111,4.2575463033527,4.959654231159316,5.83898914881714,7.440864192161919,9.631386514030542,12.241038759241436,14.263173800589577
2.6,7.480447421223195,0.06571286222436505,7.425938104629286,15.479961662664463,5.1672372787586625,5.1780811592247655,8.550926219570618,6.628414290131802,5.388796819292941,4.746146325968137,4.05879332857195,3.7071869122795285,3.3670329182236287,2.9650045738714588,2.5729333090614452,2.4679958124853845,2.3032567517863836,2.128756391691073,2.13486983642032,1.8621249734930794,1.787756916714821,1.7443495080744646,1.63871481585617,1.5385857082988568,1.5381778916041917,1.608459140894708,1.450937114462113,1.4756963225674196,1.3463771329417198,1.3678896396394253,1.3335733649970205,1.3137741895099768,1.2528640451056878,1.2795063275098846,1.2310345420426225,1.224378964426592,1.2267314914642262,1.2526984986999155,1.1633237856326293,1.179403132440791,1.1270262227484815,1.1196058287708328,1.1573045433055729,1.174640947058859,1.1761062005673415,1.1168194165168703,1.204797205604662,1.1759835914316557,1.1219058750545974,1.111077669005455,1.2194844658889423,1.156178702931925,1.1694741307306287,1.1769272410411447,1.250622886142782,1.1645277273664985,1.2591563215585884,1.3239607694882825,1.2951807127419563,1.3150003417956564,1.3638122709552112,1.2810632659395778,1.351452835686931,1.4293408457449392,1.4140728703987524,1.4664044395632665,1.5264088993529434,1.537851357024621,1.5563910119767612,1.697629684322031,1.6535395497309708,1.7398128242010775,1.795867566406569,1.8325971164214379,1.8788650038057977,2.077330640278802,2.1580259255117684,2.2534597706571633,2.3307603339726084,2.405428188045668,2.5751704699614804,2.6958840123739356,2.873315487946962,3.1045001769150775,3.2684309215957685,3.435272320478004,3.716299127108102,3.951543145339469,4.142380652544287,4.476509877275457,4.710647617709489,5.039513073138271,5.371372122166416,5.645708987699093,6.017753781303302,6.319967558467768,6.711927144644529,7.188398656423442,7.774938623398002,8.376166046239822,8.876123023488763,9.507033458443207,10.109046947236694,3.2259335735600527,2.6114123345867197,2.3755998887902456,2.028614651201627,1.9533858788095655,1.808677511967123,1.8169183353095977,1.5883849110258554,1.6250646583027568,1.3519990395861874,1.3666832085020042,1.3549146492984696,1.3479363999357763,1.289834978999612,1.2063374305173606,1.1975465314635512,1.1213462259868134,1.088913258538487,1.1077323048396082,1.1412726566876505,1.1304390258689798,1.028317680772988,1.0524715956843056,1.0551897561970605,1.022722197387822,1.0052430425953476,1.0207530614744305,1.0237726431082985,1.0168318288404825,0.9445982203069105,1.0098261888639004,1.0231608090219613,0.9415741381202204,0.9427901134866643,1.0224029289099719,1.0385238328551014,1.0388677302246223,1.0231029820672943,1.044264410143282,1.0071141040218468,1.0277937786674052,1.0167683100518505,1.0348670030691758,1.1111458470320466,1.1056809347485896,1.0989187256310187,1.0559170409794778,1.1354344048775808,1.111118678991762,1.1267456827642692,1.259437031755506,1.204168481240267,1.2376732517785614,1.266219308132827,1.2837253367981591,1.3656963606992796,1.4453744608882455,1.4411259569998005,1.4646400746835033,1.678494091694983,1.6662158916984788,1.6827907683341619,1.9334911801609467,1.9923661086178728,2.0847379657299716,2.1983433793756757,2.373346569418241,2.412605336213385,2.769720684496177,2.9302137632242826,3.2091378724835407,3.5521884778666477,3.958931474042267,4.589982649372448,5.387683762834297,6.571525720852441,8.161473295663486,10.692260821128503,13.725281952856879,14.751749625406713
2.625,7.457453222656829,0.06911207562611886,7.413746821490149,5.71398852013794,5.283615442535795,10.606325025213792,7.555285909093514,6.032187165999078,5.056571299376024,4.436573121081076,3.731180426799874,3.493854352311741,3.143487390624742,2.728851778999382,2.583374883735234,2.4340248228640564,2.251516287871391,2.007569255431386,1.966445887978824,1.9277345381782436,1.8081819813616524,1.6759624157457533,1.7081709817343464,1.7282972037991926,1.6223377839030741,1.488744242050129,1.5467250528992378,1.4646035481582842,1.3997476619887577,1.3494608998405926,1.3492793451132286,1.357370139804978,1.3406253613410664,1.2512541536846524,1.3185965007277864,1.2318497475399581,1.2203915866181763,1.195729110706248,1.2105558941196315,1.227011220720357,1.155713601829608,1.2006677956613863,1.1571893868168095,1.1517814954409715,1.1400958227665974,1.2175292504487112,1.1875936623425605,1.13717948725562,1.1507402131964606,1.1681628764383514,1.1396874531575856,1.1519057934532,1.2290420331525673,1.2469171629542009,1.2062955560818824,1.294415607997252,1.272171211550024,1.2548382610999946,1.2809749267244344,1.3338667685089993,1.343591386244755,1.329295571603857,1.3366345464706142,1.426742833961527,1.457574607235025,1.4493634735017036,1.5254225274318958,1.5432151068915427,1.6260811663611499,1.5974006884307084,1.671220431946347,1.7545770533402452,1.7792863329578263,1.9420783773624224,2.038669494148561,2.0721592157608932,2.1891043519853475,2.2749150152019513,2.3432701602883386,2.4651892052721935,2.634393488210404,2.744056548520561,2.900853319697259,3.0224878515858227,3.232000106977331,3.457418728527557,3.603001306849142,3.838042028276134,4.104284692005485,4.38401597884286,4.690889040346483,4.88232741438388,5.358740385173849,5.635040901021675,5.86787311434477,6.318686269336341,6.739090861286657,7.23123590583855,7.883972668317183,8.35084178081047,9.00986572997816,9.447363386954132,10.08589439469395,3.3267372882654884,2.49386884718591,2.2584343816305354,2.1031772299805245,1.8565778843256198,1.7771690778207057,1.6496522709415127,1.6231008445805803,1.5390553620860943,1.4029820139247855,1.4593248419118037,1.3572409998778396,1.267289638586412,1.2883370891882793,1.2779096969769452,1.1658333343250709,1.1706735213619976,1.1537909752018278,1.0823744857443776,1.0957000897074487,1.0524657663539956,1.0459719313003824,1.067257321887665,1.0434175022017806,1.0538413800940132,0.9618690970127123,0.9710495293153861,0.9770058613637641,0.9493227976974048,0.9536609594802687,0.9800045486681366,0.9705294997390338,0.9826927244623485,0.9820140730858319,0.9889204410942611,0.982001286031839,0.9859438952871857,0.9554712216563549,0.9811598296619123,0.9686249855504807,1.0464839339749403,1.0461373428600427,1.0534817688371896,1.0579611722933473,1.0442066735629085,1.058966772418907,1.0852357209039172,1.0778749663574954,1.2254087608192945,1.1317419287676516,1.2060168485637164,1.2119347065777675,1.213472786843168,1.2646137587589596,1.3374960359957513,1.3650739165381458,1.3884230431826754,1.4591949823909067,1.5283204630451965,1.6325382260617933,1.6360464086163442,1.7960829240332166,1.8635644177724737,2.029884784442714,2.1442555777538406,2.269532980990474,2.4101388697885477,2.5582716391384124,2.8832380052077693,3.1139881885039076,3.4124528606777917,3.7409999812185317,4.268049859985664,4.742160428877789,5.811991004282011,7.417785568062465,9.342515419039005,12.24079218514395,14.58015753915145,15.351613443401789
2.65,7.438011622668901,0.0689056805387855,7.401555538351012,16.36026016788092,5.40371590243971,8.314141205667829,6.5547608386084075,5.421197845576793,4.6118121483589185,4.044443782478044,3.6586957091645647,3.2520772176785875,2.7996895140008102,2.5512884713027204,2.42253917749068,2.2738332281703046,2.0976042329082003,2.0489551733374256,1.9384289411009705,1.8811804002108978,1.8193641346431046,1.719781421588467,1.6301046845504392,1.6341785133957307,1.5201517574172294,1.5793510829942194,1.3988522020639331,1.4835725612749668,1.477552791976824,1.3451296530382617,1.3409873334751619,1.3197640391503613,1.2540504846137681,1.2729208271290091,1.2934142645684,1.2162246272274255,1.2195361130540292,1.1861495807921603,1.1734418108966127,1.1785185721900207,1.2393795036300892,1.202170111891394,1.1519395833770512,1.2388296665878324,1.1366011681439823,1.1885792356919056,1.1688463907778408,1.1659217347138928,1.2331505085587704,1.1707092590058157,1.1941519959739435,1.208419062675891,1.1575116718627165,1.208425575005391,1.3062824606117986,1.3169227079722545,1.2565877852607186,1.337205933288965,1.258391148622977,1.3334813960106175,1.3064827832106083,1.395938747487813,1.4177734160550501,1.4050097187336594,1.423766105401501,1.448431734668214,1.55976642403062,1.512418984377825,1.6487798873577268,1.6511186116369023,1.7872035595525386,1.8108836165532924,1.8374750888491842,1.9316699682938614,1.9926131473621564,2.09262899188272,2.187041494589335,2.247627335073341,2.3830374663955887,2.4879382529833283,2.668322789069343,2.87451646830476,2.9030553923947333,3.115294322231371,3.2966392508194313,3.438488127982251,3.6642274255335696,3.8466544706939008,4.205244929465473,4.395127776058612,4.666367077442492,5.042722216349285,5.241777405777048,5.600468201557936,5.919727033249422,6.3308467325292215,6.7817542391672845,7.241693049038959,8.006656238351631,8.476267521783887,9.025398178430173,9.652458503844853,10.104753913088807,3.4493144757625034,2.774358251021291,2.2322160667770947,2.0252740311633106,1.9322767115310049,1.70206289415314,1.636644893757922,1.5203335901824355,1.5240608181799098,1.481646919174268,1.4035113356274207,1.3114122339164542,1.3031945744135325,1.2533927103788332,1.2209783427608851,1.157090180902224,1.1548586604875197,1.181198339288604,1.1858789045452538,1.0888233734550015,1.1200646046586447,1.0419250590778206,0.9984656854663068,0.9901743893908682,1.0006337181088298,0.9129312563443756,1.0043328996872303,1.0054973984523896,0.9976506658841219,1.018267648210063,0.928358732222398,1.0084557991600769,0.9997688567354409,0.925304901492107,0.9051288486146895,0.9486075035862762,1.007238135296286,0.9936482845924399,0.98771096452353,1.0509853404456788,0.996330673376846,1.0010711002966863,1.046810619314231,1.0352018654303283,1.0836818540602184,1.0713626039742457,1.0984202702552421,1.097199183554063,1.1570701889812356,1.1488480531135414,1.1754480697464955,1.315581391627559,1.2458638840390863,1.260298803239277,1.296237255317045,1.3278244747274974,1.4344966776241845,1.4630774172838437,1.527160978845,1.7060812146034379,1.702808595010484,1.8240106561014984,1.9597976221756166,2.0185866100046193,2.1998224600424576,2.317952004066851,2.5508577875251888,2.6903313266824456,2.946625562987381,3.1282695837733123,3.494567428722594,4.043062461233704,4.546137330964975,5.292445399282862,6.526471633563371,8.921388642688846,11.346676509478197,14.138706416689292,15.16573007486628,15.905205020536986
2.675,7.420533826203617,0.0655931064055847,7.389364255211874,5.510763299827717,8.894465187672292,6.757214267020075,5.70154210054252,4.790438169633249,4.2021808763325215,3.5916961259567555,3.200445574155589,3.0066131338156445,2.6449153617581773,2.608404778567548,2.249938418529922,2.2023084556027195,2.1127084950244104,1.9717870945903326,1.8596376481435948,1.796170072297824,1.753530606183872,1.6696738031211649,1.7143229738349393,1.5340362200600564,1.5963827628263965,1.4888852338564038,1.464985284661898,1.4323345121982016,1.4283730901911202,1.372063849122232,1.3099738703520891,1.357570891239542,1.2506446043181505,1.2679259581850226,1.2325235271705446,1.302014468374114,1.2576231348913935,1.2537902017776685,1.250410242753435,1.1953711582785573,1.2007508594299943,1.2250754217887427,1.260477944241754,1.1773647197756747,1.244836267750092,1.2507305888181297,1.1645712929173027,1.1681136302774262,1.2017603305393827,1.2759716438876978,1.1979771187206885,1.2421496780165142,1.229470583476683,1.235899188776028,1.2439565655174925,1.230018232325254,1.2338113848228098,1.3098580706574805,1.366271220934388,1.359725628320659,1.3427109777778221,1.3910671270555919,1.428199678533945,1.4723986372339897,1.4719363108428234,1.4899191605936586,1.4537260756683337,1.6032722049397337,1.6985107005150646,1.7060683877509408,1.7732441022607623,1.7450485198245584,1.831595268731055,1.9492101114854679,1.9973813290730136,2.1128859088599334,2.2389917705537643,2.2998433527239692,2.4091953314646597,2.5816248547443834,2.692924359239404,2.7726500737574216,3.012149136650539,3.1675550378524973,3.2388720720048276,3.3560318480869733,3.6271471183359782,3.895441177231974,4.170577154210101,4.506746789393174,4.678551447366427,5.035794689772342,5.270979001282148,5.64951343537707,5.915459265506946,6.346216277585165,6.861950892860457,7.543027417022645,7.965113155803627,8.625021134934716,9.08529141461824,9.713256764807493,10.301930986691112,2.9776870295670905,2.618917618167638,2.223912503646741,2.0264911693741596,1.7724506935468285,1.7156135721108925,1.6213002044220246,1.46991641252399,1.4695744634067673,1.3756479327859257,1.3500309684010172,1.3328249636035796,1.2692635052296322,1.217785726765228,1.2240262597286446,1.1964957619621823,1.160894535983916,1.1319079583893432,1.0270760286252103,1.032426780296649,1.00859093679564,1.0253050012945542,1.050242183563485,1.022681168791839,1.0213044820743171,1.0258432256471983,0.9518074127425687,0.963759035052601,0.9388744563660951,0.9386405834022197,0.9312604028336001,0.9505377982634157,0.9298696464528358,1.0366272020457419,0.920608290717103,0.9454289747318164,0.9544762138607369,1.0239845040781328,0.926449135574734,0.9576514441839987,1.0364471522314282,1.025432741395582,1.0404671560521308,1.076764729717534,1.0601419617542964,1.056234212495463,1.0644930435076507,1.0654922906435034,1.143199421648221,1.2099892090434503,1.2196211245047341,1.2474419050754642,1.2889029680597592,1.2809366729120146,1.4014348118949997,1.4035801455506178,1.4923400840459478,1.4657881406845576,1.6187170914211373,1.7237018970094886,1.7246785594496576,1.8183819920928026,1.9318693073732922,2.1403567283081397,2.1758815774638807,2.483934283139804,2.610633158631278,2.848908038034286,3.2359294639815763,3.4163163404759436,3.802143689148902,4.529565373633445,5.070395772239654,6.315160716191855,8.217184877754214,10.359136094048436,13.602306211361558,15.19182030429383,15.880023337130694,16.442515414969012
2.7,7.406546626780479,0.08684151910768594,7.25310987147897,9.60911003819093,7.301342984968292,5.867468383143863,4.945336672173244,4.399635825750945,3.689348677554497,3.4239086551155578,3.1502647032850786,2.7576339141244253,2.54327068494772,2.4044237748053017,2.174067625672327,2.12968066119649,2.0893709711593345,1.9363618021522553,1.9104926392285724,1.7802660166781095,1.6678970952262027,1.7209312807197996,1.576888673724807,1.5488673584862773,1.50579917353346,1.5208885479729843,1.3998313516061969,1.3995301795360344,1.325634134556098,1.3439183308931228,1.3419018399813294,1.3712416280818587,1.28680622628362,1.2856061515331951,1.2472072528951241,1.2363658827447976,1.2940459722119966,1.2831955909993726,1.1958391243109565,1.2230467661854902,1.2213738575864679,1.203887448139749,1.160126205480438,1.2623473094130202,1.2501487710065189,1.2155874228979318,1.227518244379337,1.210907126577792,1.2467700860797302,1.1973407345968186,1.2169784266294041,1.1961450593472855,1.2059494447778987,1.305981162363297,1.2832801645159022,1.2784342146283045,1.3629445704750458,1.3324216462717047,1.3109477916229615,1.3218893075841525,1.3138097842049186,1.382798845336309,1.3814876260660915,1.525711463614712,1.516650630109059,1.626771744779847,1.5450878667108345,1.6793818802248557,1.6458235525412304,1.749379689701723,1.788605057175872,1.85099107395405,1.8631010631766158,1.9570706590795526,2.0030861725280085,2.150770615561711,2.197778708312632,2.3397227609479687,2.484305107931594,2.535195555686536,2.7061380227242147,2.947923187224029,2.9854545979728835,3.2010477855358075,3.32188697582963,3.5916162738635107,3.846303004278605,3.966063236503419,4.159476484976603,4.466018349158823,4.852736304471157,5.073591601934041,5.4293429205938795,5.741749946333633,6.156095831470652,6.579857698819654,7.113142888301097,7.637700314788441,8.234457151059406,8.772564626595553,9.382342543560556,9.881085569656031,10.514469777134408,2.782641722563949,2.4400295473590043,2.236438037132876,1.9178311766519371,1.7203681964568347,1.7432966766207147,1.5440106528772601,1.5187796687770134,1.4446229957620587,1.3109044167754393,1.1985729952481154,1.20957975159647,1.2188164111839075,1.2284125020954229,1.168568313976474,1.1749554212067699,1.0934245820769395,1.1162496309988124,1.0910275511501641,1.0493936713661236,0.9656126043903753,0.9721488329675353,0.9865512995283475,1.0036602035059656,0.9985451162795903,0.9949732029092199,0.9875081802597814,1.0042613258090196,0.9304853939476655,0.9994686147692194,0.9195017645689633,0.9172521240403211,0.9160338151290875,0.9961306762899139,0.9321618837239095,0.9345205466231631,0.9158613314143833,0.9958043746139561,0.9845215609675126,0.9897550607457164,1.0341167447206254,1.0115672339367678,0.9868471906158741,1.0408407561403938,1.0372751679247854,1.105124404302956,1.1449818051756429,1.0624334022745516,1.1475898382341383,1.1421928855671222,1.1376905490898033,1.225159599709077,1.291346367154486,1.320479671240565,1.325528486681822,1.4013358655198287,1.545964151532595,1.555796410686957,1.5689683705302724,1.74316660101541,1.8434413685346978,2.0345184744069424,2.1276775898504936,2.2815891455124375,2.3704888467218455,2.6143641884249327,2.7596087737415824,3.1123215640413937,3.416174083698786,3.8971914123757654,4.4200544475925465,4.9058896671714916,5.939092180252799,7.566302805102636,9.9089703399328,13.018372855290265,15.19535164854863,15.996037904935354,5.60890834558226,5.618873536254768
2.725,7.344632065817694,0.08546007796749908,7.253737208333621,7.553642530101723,6.053915739205981,5.17036412146915,4.344642021926968,3.8120691287523383,3.400055194254066,2.9662712278945946,2.7819880968080675,2.622143810489888,2.495803282457085,2.353212626563509,2.2069537630010654,2.1176539789413527,1.9606247699407744,1.9135215264579206,1.8092571599093408,1.7399879540211747,1.6379168746489996,1.6785994689425252,1.5990109090710867,1.569759826433629,1.4548427517976301,1.4538576737622815,1.4576118671463805,1.456283349965792,1.3881038173193216,1.3111749328298359,1.3048459625547852,1.336337344336718,1.341732964605407,1.2507234259107707,1.2821286745862235,1.263149292351555,1.232709833647978,1.2606404085089062,1.2464133468356644,1.2712441881066752,1.1884684992107932,1.2414952073374868,1.173555070787645,1.2125439854026312,1.2037173844571765,1.2050388985887555,1.187083113403733,1.1721936247520242,1.2669448658447258,1.2350259936529897,1.230308993547321,1.2899876832650812,1.2326271496091612,1.2378222007450956,1.3290165904444775,1.2324865994603,1.3037651701913804,1.3235722186095644,1.3511655059582492,1.4733912071254225,1.3982587489402163,1.4803259237574395,1.4459398198865632,1.4781580227844375,1.5099066066748144,1.6045920962320734,1.588376216210909,1.7051380576308461,1.6770735421311462,1.7734251404785355,1.83728802643426,1.8970011290165012,1.9892366450994021,1.9620917007652439,2.044524997993957,2.2912974631202085,2.332629147698302,2.386814394971627,2.4711281139109254,2.6738753473239876,2.7512558615879708,2.9056192723616587,3.062000514635205,3.31389449905713,3.3685159606771764,3.6307863348445237,3.8275370413870182,4.127745885104063,4.3212233632001595,4.574487354591321,4.880223835714637,5.12791527452216,5.444464228302119,5.806772973853047,6.207521337844884,6.712167688806433,7.3891176249374695,7.884642003814403,8.399401989121495,9.017666172277446,9.602022902895788,10.169188904201315,10.86603211491957,2.6088187259923337,2.295248773220344,2.1405199969076536,1.880854554587419,1.7039901299183666,1.5601544915030239,1.590107489728539,1.454019143099083,1.380965307022882,1.288133358757246,1.2832334400525238,1.2385758654780472,1.1712757463404737,1.126476837216978,1.142584971451203,1.0787924354395741,1.1453832582639807,1.0998059705336636,1.0132558485318273,1.104053795837681,0.9990102844478543,0.9672758565653349,0.9949370733321505,0.9102158349515448,0.9642201036559345,0.9967755099474386,0.9051287590325838,0.8966341853163037,0.9102311847716402,0.9042834671976805,0.9846958185738276,0.9908946752467759,0.9067270016791544,0.9053556440950967,0.9794618626064058,0.9989689231358304,0.9193023312991974,0.992188673625955,0.9814610297307145,0.9845025560767194,0.900809541776916,0.9901419950235917,1.0717292018117117,1.073151848312299,1.0702553389400877,1.1053859485249549,1.0874600789560402,1.0787391567933329,1.0875823681762293,1.22287078586595,1.2109237718786283,1.2466864876468964,1.225069185246742,1.2838113001802434,1.3899005608066175,1.4117987687320297,1.480137745332523,1.6235339115941412,1.6506406225693426,1.7825202838325966,1.9299353651219466,2.0307788223384464,2.181497536337913,2.283374829134435,2.5566225703159895,2.799733341008761,2.914548841817494,3.282311023393601,3.7987299425124768,4.149057878568435,4.8501277528989295,5.741523607773807,7.347337185504624,9.619197613824166,12.761219316187608,15.080033663742382,16.139982824326513,5.717784340048379,5.726703241067656,9.887916508861467
2.75,7.30799163181077,0.0796801637007592,7.25436454518827,6.12952335535259,5.299567368010827,4.422717971868103,3.9903255514916243,3.5013319311558515,3.1006735314730496,2.7799120107747806,2.732074601889639,2.500215081005283,2.359013727454175,2.2842991034551448,2.158558452313608,2.0142121608209735,1.875295188948536,1.7949313229137907,1.797939760706819,1.764775209649826,1.685658729161325,1.5933384800409733,1.6213217719486244,1.5568006990629049,1.5016745125196138,1.461560112808037,1.3908381697195646,1.4039481965930436,1.422144020524948,1.3876603095048625,1.361713086940987,1.2751794098415632,1.3502053761243904,1.3247821186104967,1.3442258293159781,1.26483396378356,1.2593876469209357,1.2060776450564006,1.2148283219231124,1.2934966526208933,1.2107440631240365,1.2311623719153852,1.2224097681932793,1.2854026785447745,1.201326531499951,1.2526228472780692,1.2614445813467994,1.2101903567556247,1.2624555344190789,1.2746614488234438,1.2695572582224235,1.2906293542303302,1.2534612527846862,1.2712120529922624,1.347155078651955,1.3558415484255089,1.3769294998078678,1.382587162765307,1.4074982368438944,1.420581845372468,1.415080620320101,1.4797886068138695,1.4759601875225437,1.5577718555647027,1.5155590316344174,1.6209305127891411,1.5962826619758683,1.6872069532785756,1.7544985953596466,1.7141059333275759,1.8798406184111125,1.9295843365662517,1.9764614730736718,2.067559097810713,2.2125927500283615,2.2061281597235975,2.3183463873266277,2.5223090269280197,2.601274390857686,2.7754936009539684,2.8389298830382854,2.950351308537812,3.06001650891307,3.3684441509738643,3.500645328935755,3.66291416068213,3.9402622265200966,4.104516135571404,4.417737992292062,4.647962803063228,4.936728303550001,5.288087363224153,5.580909460464765,6.066245410012548,6.5119039990291885,7.212950532428894,7.672897076567731,8.217128241729526,8.77173646206196,9.315405989953074,9.897452069315166,10.559564815212623,2.945919161813037,2.3550267069689803,2.068715879770714,2.0166188992334497,1.6861107971404492,1.636845462788056,1.5332164784092994,1.5399013130609922,1.3956420660593243,1.3534742350253814,1.230506006959292,1.2338374604860847,1.1610360798901393,1.184862981299921,1.0852492238776053,1.1185869783964768,1.1316684071716292,1.0239765315518068,1.0032513206296,1.0237939941685488,1.0499404646621007,1.0698389155381385,0.9770317300661534,1.0230195624095655,0.984853449589846,0.9839626925032108,0.9368292609630744,0.9422064701784032,0.9454420736327636,0.8529196657664457,0.9477955300086571,0.9247528551573901,0.8767148471179286,0.8548284575600249,0.9325542560238298,0.942060334940757,0.9309253127564573,0.9500713936066228,0.9694335248984334,0.9828776797521872,1.021142396593853,0.9880377315379597,0.9534846224923724,1.0453738239517616,1.035932661309071,1.0525993461572478,1.0481614151603407,1.126302453175545,1.1164394462417935,1.1525303153704074,1.2091208617464304,1.2005124706271784,1.3086228528941166,1.3859008516483502,1.3680129901797549,1.3890819387239697,1.5194924244866042,1.5325598774394666,1.6300344854990847,1.5877854997047616,1.776232607631034,1.931577851674662,2.0413219303217094,2.304806786125281,2.434215799752774,2.6664105230460824,2.988687048262015,3.334969515034629,3.71783042683839,4.223118010338719,4.866605526460008,5.675391017266992,7.526859891605502,9.738739637730049,12.65404970918104,15.384686836772563,16.288302378661655,5.826192576912164,5.834951559117066,10.272474949919069,7.67679054266128
2.775,7.286461384190334,0.06988710812561275,7.254991882042921,5.015604204296927,4.467503867111756,3.8303104086888573,3.3071909461216085,3.06043563215736,2.966121616033603,2.7169568047114296,2.411487643496075,2.458423019539865,2.337218769093546,2.111477292766144,2.069657358253654,1.9197386157050593,1.9086457878316696,1.846100236917001,1.772458317967171,1.760970745782655,1.6351368515162377,1.657665383166952,1.547781219466877,1.5517249174677212,1.5473091748384864,1.4588307436948136,1.4470548063491397,1.3743658349823504,1.3948812917571924,1.4092428927952514,1.3338646028052077,1.3260715726592962,1.2700035557730522,1.2831118105369854,1.282693531549319,1.2807483692438246,1.2473309106498316,1.3327115394048596,1.3314406751880052,1.2706114815790606,1.2476588007693892,1.2751553621199865,1.212390651295651,1.2613878095749593,1.253137575662532,1.1934138048927385,1.2105982484469762,1.2566975450574027,1.2625270524780552,1.2863656310247336,1.2802323594956169,1.2773079658269344,1.3568746558470275,1.3233417516166557,1.3264773141121997,1.3958958412479132,1.381140001031127,1.368110274188828,1.3790663573058262,1.4647720286165546,1.4565385202693883,1.4941518964886245,1.4890502870420212,1.5574735863882583,1.5862292885125164,1.6157787453658796,1.7486968691557079,1.744057843866333,1.7984114813344918,1.8541393450903794,1.9955195323878143,2.0486482437522398,2.0198205233664845,2.153660051665087,2.2520477921767514,2.3182065776256073,2.419750031264816,2.4232673787652406,2.648574571263952,2.801821634077043,2.961945333290634,3.0400772229125184,3.1736514776532396,3.4448149056727697,3.5914998191138134,3.8006526807920116,4.053144120011829,4.261651812562663,4.4967618626211845,4.7629765769263335,5.180934549294585,5.552903750286841,5.921273685546216,6.354591187056519,6.875354567944689,7.511640354738406,7.984187397390773,8.616612545873693,9.125147912305374,9.67780418047801,10.419190692917853,10.93228564326214,2.6486884586049446,2.3104700899507282,1.8993651796856985,1.798647989009131,1.7402578023234248,1.5214206876370069,1.4663248702998664,1.402644330322715,1.3495428638855624,1.281553477780433,1.2387452040459017,1.2391913262394771,1.1559285223097011,1.1024240080483958,1.0944895741329645,1.0298468771498483,1.009323210730765,1.0170168974775828,1.0034741453448048,0.9944004570241247,0.92049169510845,0.9121021436514385,0.9082394723058942,0.9132377613329901,0.9976805964390811,0.9977337778473128,0.9247504245269934,0.9223186955429606,0.9080546218225637,0.9169111014233515,0.9270892468387932,0.9282081977591669,0.9083236504852973,0.9302285428925574,0.913636252655701,0.9118574393674483,0.9190837550095677,0.9041351523465554,0.9120607612953655,0.9154656895121971,0.9938081101782347,1.0057275986875216,0.9870883079299676,1.0380085256505658,1.0359697486428772,0.9907080524325935,1.033829427937298,1.1122618610057173,1.0973581522599705,1.0848517420886081,1.2665131634553435,1.2202062164962442,1.2414728028172926,1.2894085320180875,1.407149472210127,1.5035720238156793,1.5136812491936922,1.5177214126658347,1.7032567953717885,1.7792562461986101,1.9574112843017204,2.0343985725120066,2.2391442970576527,2.283222603804884,2.601878963999927,3.0274861572814955,3.240568599172172,3.6385357945032015,4.098025536867148,4.8993210670013285,5.871740154690097,7.297044048611605,9.528495842672584,13.361832903914431,15.632754283343527,16.558608473196603,5.934190607533129,5.943642660075776,9.661966065015195,7.479425683015625,5.988859461067966
2.8,7.275748525243821,0.06631009088348849,7.047543773168298,4.416024598257252,3.8697799285341308,3.5141012126178204,3.149495643896731,2.878098342664813,2.719109282833551,2.574618818680323,2.3212164807064597,2.3661728655503755,2.2274461604311555,2.0899829683189393,1.9834456570049217,1.886088413164025,1.8839807322434197,1.7808178142822106,1.7624755510084915,1.6783664942532646,1.6643935140823347,1.598983834600949,1.6053063917893289,1.5248905551200955,1.5442824438487925,1.4817251644203673,1.4609981681687583,1.4534816771315215,1.3476121150813603,1.4154937855395489,1.3520723530335013,1.3759528670902852,1.3630498942892304,1.3791030687905734,1.3124173412395443,1.302162573688157,1.2944764191416662,1.2320804652589552,1.2254358733100046,1.240966702800992,1.2331672795751938,1.2452512269017801,1.2530666711870406,1.2385527309405864,1.2692737322989125,1.2699148752207465,1.278877735187916,1.3584158664011219,1.312552605243951,1.2914776912288233,1.300528891805235,1.2816594834488044,1.3578101959791031,1.2849887358612682,1.3559410258364915,1.3468077277347181,1.358593771379412,1.4321924337549878,1.400976062291811,1.4764936895187941,1.5075418370109046,1.5125728369781015,1.5268423352943992,1.5746533355089156,1.6508320659998375,1.6635918285133209,1.712174490544027,1.8125061085182486,1.9107032739950107,1.9063053511333536,1.9542601696021649,1.9712726387042951,2.0635153284514094,2.193125522299194,2.3041547575732446,2.379882605587396,2.5385199398308993,2.535474243453068,2.7341645168832374,2.923523042470529,3.0341938806694047,3.119749310533036,3.3503652414208824,3.589527041675187,3.7317294466166064,4.05801723106835,4.1320023482252735,4.358561845496182,4.676537697031161,4.96703979530776,5.38377812910514,5.687018391487958,6.202678746061052,6.702463748707051,7.286241458565734,7.835403671314813,8.27464273559846,8.91718781274836,9.46968302974304,10.119009612502827,10.676966465042735,3.0242325384552804,2.3384910876234914,2.0771822336127506,1.8778420134701528,1.6482861898246364,1.658863768028301,1.580814726859742,1.443327958353115,1.2863498021444615,1.270590586154823,1.1991534346231962,1.1468363554651342,1.1546015292098444,1.150936188433579,1.0956972638130453,1.103195560779918,1.000624553014817,1.0250633589109668,1.0473144727690047,0.9479615854453108,0.9213906411537277,0.9368276771550449,0.9527574851536843,0.8950128099074587,0.901281859493456,0.9333834607384469,0.8199476458123255,0.815902956816847,0.9127712223958409,0.903962506011146,0.9052519693451857,0.9179420701380797,0.9428596090002597,0.9082247795125906,0.9272492333344255,0.9048012681050821,0.9550063867557276,0.9105631408689315,0.9228063052421892,0.9282188478549854,0.9475767105682544,0.9582372493040712,0.9780403784987663,0.9460168619218081,0.9425109149342564,1.021649383458285,1.0920416772379529,1.0927072330765224,1.1022340671929716,1.1392106278537202,1.153094303322599,1.1698913238812532,1.2147783926530966,1.320963987055996,1.3314389251422958,1.4337571138720664,1.4323375597168924,1.5910770670062733,1.6711467913831686,1.6590620353220658,1.8451777568787924,1.945499790814636,2.076159893800586,2.339446403693776,2.634688800270307,2.9247982076667918,3.3129307968434962,3.6933369565069856,4.19461074541015,4.871192348851191,5.8885185819209305,7.483945498403127,10.10070272745457,13.770363656615045,15.880086301512717,16.7693095501946,6.040886343996366,6.051409745579163,9.514553573556782,7.391930004739255,6.097301562420456,5.1120859786793345
2.825,7.191258775120021,0.05438585679069903,7.081876029402654,4.034208373438437,3.643670661743086,3.290187439918679,2.9838514477861193,2.7769750416095134,2.6627866939329277,2.52924322770176,2.4183904043158746,2.237403407929018,2.1342710213046554,2.0393817728090937,2.047194949063067,1.93276784521528,1.8308840365058334,1.8106398974542113,1.7619157709738797,1.6678418401595645,1.6416275635130266,1.6702658692200911,1.5507992095889533,1.5614298291858215,1.5092301599082396,1.505551809784128,1.4639406044377514,1.458493554242254,1.4375414806827298,1.3978351105231746,1.4114923581934316,1.3708107310920352,1.3593451050102467,1.3249325986984075,1.2631075055473717,1.3402218314688756,1.271586435200713,1.3020716376786121,1.2929576553688555,1.2909357405225457,1.256817597483518,1.2712094417247246,1.3277111919836369,1.3051772229297394,1.3331189939681651,1.265090788282687,1.3293975023562543,1.303588014832761,1.2566952280109802,1.3465417685583823,1.3198183324162076,1.3346565248627833,1.4111258196075078,1.309588546833699,1.4028045570634549,1.3979767686590276,1.43910570423443,1.4488988075303093,1.485758843590814,1.511717023908945,1.546169412572836,1.5662107210164546,1.6440212471848297,1.6223728524613954,1.6709938360608907,1.7992980668347238,1.8051001111519855,1.7572385459089181,1.8851978438993522,1.9143939396669398,2.0179504914869475,2.1578030243714865,2.1774937795516967,2.2559302900579965,2.3733243926143404,2.332232648278026,2.5743263028693857,2.575148217181424,2.8030217323826094,2.934660271916333,3.08045687401437,3.2798973638749747,3.3963289414557,3.636070435631178,3.887702964254862,4.130587380999501,4.352501731050499,4.520050564048647,4.825146678038214,5.2663335911729146,5.533233808132126,6.0054544738992925,6.5478922453092565,7.143961489493811,7.618367855784124,8.099672836978211,8.732897148088549,9.335816030534666,9.972125550529013,10.5977135819669,11.068041346013098,2.432122431625766,2.1894759935987596,2.023987718192961,1.669938374017411,1.6499168321477478,1.4989594754950613,1.3996249160067329,1.4852604682396033,1.2366993485440274,1.1714586558516793,1.1845983293093876,1.1701378034074654,1.1322097416727552,1.1198803096853522,1.0384489049048777,1.0712780310861165,0.9817844115951003,0.9538349613862358,0.9356451003281019,0.9760225575965709,0.9391283777346539,0.9410968838893797,0.9645203610602968,0.8353920236221746,0.8626284529145621,0.8555776938241769,0.8602921635645043,0.8605256326599167,0.8500054430545101,0.842255352357042,0.8480549086480712,0.8639046316460988,0.8665240781374195,0.8669273707701829,0.9313743521704579,0.9288120561168209,0.9448819961013738,0.8449919899164542,0.9423111961443775,0.9365343082687705,0.9276844907860666,0.9931579527528883,1.0139329940853656,0.9328148875431036,0.9720349521229804,1.0503430100142725,1.0566548445791981,1.0401312441357855,1.1168372088399399,1.1235755769738616,1.1503179100112497,1.2214576192038122,1.2111798787624524,1.2974471684547488,1.3245407109130873,1.4568011828485357,1.4632560508990555,1.570583038814785,1.696685305330949,1.7581050073310207,1.9885462261146643,2.112151058099037,2.362331921513722,2.5000180540541073,2.937385226344557,3.1968030947521946,3.567469245148958,4.272769755493235,4.834253204113505,5.7662256931103055,7.363702034443353,10.317495837722447,13.922488785060613,16.151410030455555,16.906734397825808,6.145812367257551,6.157921366635571,9.190400935787354,7.162083209291559,6.072617686345249,5.081507114930307,4.405210666396799
2.85,7.154786795141483,0.040127900528303846,7.11620828563701,3.516267419192416,3.3368815526720104,2.945266252367252,2.893176141957992,2.7091964341305657,2.5257199753823105,2.4544929201525467,2.360737182743046,2.2080974273464244,2.0799346982313582,1.9803834391907187,1.961093337400091,1.8902272775913689,1.7769126347054718,1.815716589051387,1.7850035890001832,1.688897440653581,1.6256690332936534,1.6336260408158811,1.520697162724912,1.5248207134453684,1.5779934906323418,1.5243955075598,1.4788809359592878,1.3781184293967088,1.4067042283686604,1.3205806700320113,1.4019319908713408,1.2813432514097194,1.2931399153645775,1.3934676178288312,1.401693251804708,1.3180351580004306,1.3199171738304114,1.3562680831126408,1.267960222651406,1.3209285371160897,1.3251963039920043,1.2493238330968568,1.342602512851917,1.32790464097096,1.3096107032342112,1.2624459406595598,1.3073420275987726,1.3027887508864444,1.319966167952612,1.342380725539207,1.3358657665374531,1.3101511529982486,1.4163437880962142,1.367012803734618,1.4523014061657131,1.4281804068406418,1.4556583461477135,1.4843096749196896,1.5830236714092738,1.5343268018268692,1.6408192546802043,1.6120873740896746,1.6789477736307437,1.6581766251901302,1.6272972888446366,1.73192572544727,1.8022887695866228,1.9141374391967725,2.046819612688171,1.9846822068924868,2.0877589690584215,2.2148472075032664,2.229071172613644,2.30484639477711,2.4581849681133408,2.5335470318169664,2.6282301464419,2.824749128929161,2.9358847004094106,3.0800291430397695,3.244119820635757,3.3772634980982335,3.5629912257079495,3.776139365209841,3.9266857160618587,4.230707536363285,4.388049582991884,4.682190755210487,5.098522994592763,5.549037959090297,6.044562459654019,6.540940217154639,6.992215343770535,7.54171465995597,8.094873113689514,8.544777458543951,9.092747990629215,9.811438701014842,10.36889096611478,10.916787373839178,2.6333343235519373,2.1495604056826014,1.9909599882017386,1.8530989661948178,1.566610146624187,1.544578176666019,1.506104809826689,1.3959668716031757,1.2875932883479204,1.2692024843522778,1.1163757024665621,1.113635083739449,1.1166077849928213,1.0470907089026422,1.0286642920652738,1.0335246580606159,0.9568035933404444,0.9733857927521494,0.9907781712934184,0.938170760760276,0.9303738426684361,0.8492024752035281,0.839800849458593,0.8520712734132934,0.8693999664120123,0.8707786276443428,0.8644208966832174,0.8697161119026326,0.861724886329396,0.8620703586790239,0.86127755693071,0.8435086476230655,0.873395245385101,0.8746997776191282,0.8681195748198565,0.8633625659340748,0.8616074609922008,0.8617552037832646,0.8565171997363143,0.8532765684471713,0.9511080686000204,0.9419217936213888,0.9439536558168725,0.9914550647109632,0.9758768150387681,0.9642687264806218,0.9843490852219184,1.0384291915886308,1.0363589972840175,1.0415917442125853,1.1137395160949386,1.0902426712611515,1.241747149032988,1.2581743219405568,1.353389537959933,1.33500938310367,1.419457516232247,1.3839311889029031,1.5938526465198295,1.696703742576326,1.8767580252683724,1.9529141287447278,2.215320072866785,2.3830582638250997,2.6713938997991926,3.1030397148754556,3.671061503212648,4.1248957021430215,4.814692080336067,5.788765278832654,7.516616198534101,10.615465503516196,14.771751854546723,16.40569779792759,17.242813623019554,6.2488422385458176,6.262929673395693,9.266315532246178,7.260778112193278,6.020373188281461,5.158532822969756,4.2412185321177684,3.845500114939821
2.875,7.146417532933079,0.028090431368609614,7.167706669988544,3.4058259928976,3.139853083403032,2.8603668184832167,2.8304685516112267,2.581509314834349,2.4907460692029595,2.3838296079108106,2.3693147258916762,2.1994714468379506,2.147224996951482,2.0025560072790305,1.8929263228595474,1.919103901521282,1.845716166379903,1.7478885512207087,1.757178754157427,1.64719213283205,1.680248820918745,1.6151830716968087,1.5745756218652092,1.5487748686377807,1.4874666222164532,1.4962242176921459,1.5021078941354793,1.3593741963208996,1.4543048574055097,1.4661382066297768,1.4401256167142422,1.3764707834045413,1.3695850233100755,1.3284239693315405,1.4294848120487056,1.3195275648094116,1.34469027607716,1.3327151244772217,1.3164352758168965,1.31959293158888,1.3338967366064933,1.3200633196014078,1.315221734897937,1.3121167831937428,1.3369897647962503,1.3167919242850998,1.3209408148813988,1.3384020544624673,1.3206517875799004,1.4009827352455233,1.3961352732876235,1.3950832601596617,1.3777785505400315,1.3755520469623748,1.4574951469854918,1.4230016938670562,1.4794789319430557,1.5444032420811435,1.5494154045463373,1.609742329185595,1.517017095310245,1.5946249122296337,1.5981338427070795,1.6543450203381533,1.8161368886042806,1.8435099355999462,1.8502739455561732,1.8934041374065018,1.9310435649231545,2.0462689994628795,2.0923456817852997,2.1586852623746284,2.3053393691140114,2.3790524961545767,2.487312113977738,2.6178237036479763,2.696555338317597,2.8278942140208723,2.9528526718504997,3.0472765595144224,3.21051969546151,3.5354614882889113,3.6452119482606724,3.7837254694620563,4.019422443977502,4.279089621280383,4.678173142673649,4.955517290937874,5.381788271178548,5.655484615904417,6.396135858842144,6.8364360119729755,7.303726347996718,7.6899714372028765,8.320581397464915,8.898167290418424,9.539659568779207,10.078653021271341,10.563304512693692,3.26344427862611,2.5004490138757016,1.9178558458719284,1.8758694885633567,1.6831991046247998,1.554822069436733,1.420549469160919,1.4466063787871404,1.3687146380089155,1.2613665870583246,1.2834460963562322,1.176995671423932,1.1318634873075442,1.1067936469381188,1.0358155801544215,0.9833104959516404,0.9872340816738756,0.9163700485106349,0.9106058587075687,0.9190423675894346,0.9189051417998298,0.8566562913980067,0.8752315081679122,0.8911853815507393,0.8991341259656557,0.8755515612993553,0.8750854653536614,0.7946222273559559,0.795499138385385,0.8753013187137335,0.8800988710199279,0.8065106920223137,0.7969529603837213,0.8981476313744046,0.8848196669786975,0.8080870627824701,0.8042422905026814,0.8945984574645368,0.8858085501540534,0.9121568495716692,0.799193474914448,0.8848480045910727,0.8663007004798232,0.8913937346531752,0.9014141695931754,0.9902152921963989,0.9913942219046329,1.0497141892944368,1.0297556743985943,1.041059623322224,1.0347707858770283,1.1093221184428859,1.134285908599303,1.1793976659630532,1.1688078402285706,1.1686464356832924,1.3289505918268276,1.4685340937118938,1.4463539715655718,1.512814886642153,1.7063301791784657,1.8445464300652479,1.9792642102847886,2.2551533192381386,2.5060266762326746,2.9028657200351913,3.432234647490971,3.9014913343254323,4.699654118396837,5.608615094183677,7.3392502839404745,10.114304315302915,14.43272684545394,16.55016654203474,17.439161724793337,6.348906350263788,6.363285992399476,9.415360980953404,7.55646628896304,6.249992285378629,5.26686877967208,4.44273267969781,4.072743013497589,3.678019785200541
2.9,7.149745737494341,-0.013749838290024421,6.6585194745268,3.273297318236311,3.193758499455542,2.9011942294723245,2.7834896703550807,2.526470668068426,2.5326395356295737,2.289376125296287,2.2695396806909787,2.20930801366491,2.1379464195356155,2.1273718786149356,1.9808794057872063,1.882177628009201,1.826379804379166,1.8304123922221276,1.8108576910729954,1.7662821556461283,1.6904603049025857,1.622460670430404,1.5624365968754665,1.571365476371272,1.4863669564312043,1.5101093512776298,1.5248021692121294,1.5071112468348422,1.433500398643078,1.4532499189500292,1.445740105671629,1.4258119986288158,1.390364478450437,1.3615486437658568,1.3943658327149018,1.397763514171407,1.3190420716361253,1.378513415022984,1.3054116936247866,1.3251454962753546,1.3289020635784672,1.3222739324890025,1.3034538990226798,1.3102675018986851,1.3101299787170926,1.375779495323326,1.3023068957783441,1.4069763416545704,1.3933467204035972,1.3702734542816146,1.3721842340577801,1.374674180651171,1.4520827217182288,1.4852346547620245,1.4997741924106285,1.4969743325820208,1.4327553135138118,1.5280852791668302,1.5704339601145105,1.544016614183939,1.559834663554488,1.6434138319293519,1.7838720034293427,1.7744744726768287,1.7277557444074103,1.8309016642172506,1.9456928491535948,1.91794465489092,1.9139642747370733,2.01742162942351,2.1101559152073692,2.2574285874897866,2.3692076448687254,2.5037281232144406,2.4863301571056216,2.591449317847413,2.705971309369199,2.8743452990984153,3.041241316622691,3.1696190629611705,3.372854840265529,3.5333601907237426,3.6972963231614826,3.8535931314023464,4.111615196568768,4.432568200395731,4.731820270366586,5.130295919039356,5.457333149002715,5.9411504578196555,6.415305734232748,6.958199692428125,7.414194353353692,7.930501556757701,8.480649994508267,9.112298503432683,9.661730253980972,10.223210708992331,10.727584328781242,3.115625714093162,2.3034638617000107,1.95408304561452,1.7591229167233755,1.6634064656098337,1.5042209208798847,1.4079987247364405,1.2569847360007325,1.2583480511675036,1.1776151115902809,1.1747141307639413,1.126523368102146,1.0910153574642814,1.0934111067202605,1.054898346130689,1.0867694109287058,1.007488004352734,0.903110833849799,0.873875367056332,0.8813070214196239,0.8860751705775622,0.8941629084281217,0.8779659526542876,0.8880961461434562,0.7852420890249155,0.7861279805081297,0.8000990650192698,0.8633267750971408,0.8074253889998907,0.8139707342358496,0.8197965651580755,0.817852936300569,0.7895518544259333,0.8028107547645371,0.8008002848228514,0.8746620697969473,0.7943823981494273,0.7889102048548027,0.7981838526547752,0.8856307208861368,0.8781540404684325,0.7952660970216786,0.9005908962138723,0.8863615990560345,0.8839678560633322,0.9207282265961848,0.9226686188072228,0.8987760115286674,0.9826678393775268,0.9985057192405241,1.0585771085376545,1.1124882268270555,1.184894540270551,1.1727140465842527,1.2601153506860103,1.2674115860086719,1.3026244261209754,1.3421670386311026,1.499097050848814,1.5851378866423653,1.6387450751703612,1.8221587432755684,1.9888004544041635,2.207837023068128,2.5093449906377567,3.0006032958735207,3.3572990805741885,4.241374796027748,4.973175759295662,6.251693853981283,8.68178148963709,13.019271890770082,16.33722887531757,17.31802844035483,17.94959487227186,6.458165297007679,10.500407463852838,8.130870240630463,6.758726842272546,5.498120777928262,4.813258350483352,4.230725576080111,3.8108595322326884,3.5847827467560407
2.925,6.963573273923307,-0.03675548553487381,6.743071996187801,3.227059520130788,3.098301342546925,2.9111275565061585,2.6846533481812185,2.5928877522540077,2.4793415241234866,2.4578552870040213,2.27358290789607,2.207629163826022,2.1163539097934034,2.028984695202094,1.9736502490347398,1.9537054021359714,1.8696667751505076,1.8049586159438147,1.8169636168910108,1.7524149471294939,1.6861411369720594,1.6443044952877368,1.6882149535976347,1.6264004016290885,1.6351881945159006,1.4929589201095699,1.5143330304386406,1.434900884943762,1.5145368465283078,1.4911906296702557,1.4400579915520222,1.3733422436305436,1.3948435253927556,1.3730849935722385,1.3722231134004088,1.3733889943243713,1.3296751557122402,1.3915015621152216,1.378676906259632,1.3069166126528111,1.3915163213644943,1.3137410351928047,1.3612874318372397,1.3661605709413362,1.3166168906874953,1.4060556578453962,1.3774533277966488,1.4377980821928529,1.3855223042724434,1.449419144818279,1.4471978364202296,1.4420876778863159,1.4311317181791803,1.487284689665318,1.5182629255956919,1.5300020199472177,1.5326101828249787,1.5604618166661886,1.5664370552052325,1.6030190082136757,1.6530363747771142,1.6423377597562847,1.7441527529322607,1.7941342876105215,1.8207490572148537,1.7865110125034547,1.9153595429017234,1.979174977799651,1.9642117414437599,2.062339577910239,2.2455750494307125,2.2241956900615105,2.341249940657117,2.5045108453114424,2.49035867664336,2.621136312948385,2.7954392563422332,2.904337561990654,3.0981441989784053,3.2789808270649945,3.4028481276980904,3.4674577033216196,3.8244714077453774,3.9149075807913585,4.271681774307424,4.540770173128091,4.790250316591918,5.241442439570176,5.732997363915215,6.11138590001081,6.646027940209711,7.154011549904973,7.736074424689541,8.245437680761611,8.731938926053267,9.427540878339986,9.872942556398923,10.334838637015181,10.747303534997457,2.768462403827085,2.1379989895743106,1.7952761095006116,1.6099464910988295,1.5554340909707693,1.541205498684271,1.3501715821477205,1.2568497594872332,1.242821916802402,1.1093668566333577,1.0953544889039677,1.038352835649813,1.0591689496073708,1.050069508761781,0.9689146555307124,1.0019018341659431,0.9897831975497674,0.9223177794666994,0.9360244399011431,0.9405034077349139,0.8822176714445163,0.7995656942131638,0.802200625328297,0.7983324635680233,0.8011937221086809,0.8114248225430628,0.7963325514141558,0.7979831402205126,0.7871786997322147,0.794062807505747,0.8121783644586328,0.7892221873019083,0.8094363593304558,0.7952480326661767,0.8045302070281237,0.7977698785615366,0.7913761622859768,0.8200239101303075,0.7990111746944317,0.7906933230068052,0.8673119274192902,0.8834896375127722,0.8860511086881667,0.7798400775867889,0.8930195849396179,0.8789143287298369,0.9004119300362049,0.9001902824615838,0.9997177995836544,0.9258769740605229,1.0793742891163123,1.0726569556066643,1.0733601264181072,1.1887898800525274,1.1972958478722275,1.293618377420105,1.2845289165852816,1.333102319071272,1.446434418590263,1.6062076944924193,1.7232223331768017,1.840570431853574,1.9911473691448376,2.3054522857485336,2.692454496561596,3.1275391344083876,3.783033817185368,4.582744598456717,5.805503136120131,7.890097552218165,11.503175884013974,16.059960116563765,17.314569677644734,17.99082364115896,6.551793930879532,6.570632722037558,8.705244712445605,7.08229602591274,6.0621103075381,5.247660560357375,4.387707520186973,4.032997033824456,3.688656066176384,3.5122008362445003
2.95,6.881166159491883,-0.05945024110055458,6.827624517848801,3.186295226804786,3.10437360014548,2.8284347210350256,2.76542096027328,2.624931470743245,2.5139885806542464,2.426144310315651,2.311019489938791,2.1845597658070064,2.0843504211890784,2.0634506833039756,2.0184230238340213,1.9254450054063685,1.8629435382848778,1.8735384257311027,1.7715590720092251,1.811534661178081,1.7224055162433485,1.7317432669275015,1.6667290215630113,1.606510509136709,1.5741501036874446,1.5433531839156411,1.5298799994482024,1.4940688930176105,1.4424500421669246,1.4632425868461683,1.4410682427210728,1.429390515015145,1.3792821328900313,1.4703388296862858,1.3616172019891555,1.413497905685144,1.381926614133838,1.3801960237715203,1.3546217742528834,1.3896487462720308,1.3913950578952419,1.372541004237662,1.3666556440294944,1.3817497439425919,1.3598308802003318,1.4535244076775329,1.4545393170553682,1.3288764718611485,1.4077309473417432,1.3841204484680112,1.3967077829682066,1.460996440712759,1.4557575979820203,1.4794724488815756,1.496321629054158,1.5412983103142148,1.534694858980555,1.5787966261549335,1.5893308340947134,1.6013403174950511,1.6651940793431403,1.6977244258749538,1.710302768610251,1.7897921859134938,1.8821067826207405,1.864807320066695,1.9959651692725184,2.0666461744558826,2.1066479679405883,2.186596847638685,2.20978068001479,2.351592725619606,2.3438206147693212,2.452843761136949,2.549443346966558,2.705007370446991,2.8807327840243158,3.0285931278824583,3.0810078085683004,3.2991685239055566,3.438497838451651,3.640895457353721,3.871406376161854,4.104476156308012,4.327784486513496,4.604005503034099,5.075607250451315,5.600885627023388,5.96622892582153,6.368194902803735,6.840349944907017,7.413078275895557,7.88671772009696,8.425268272061684,9.04306417615122,9.605559386874134,10.038774268797635,10.523979156057623,3.5173370640351407,2.3866467052348,2.0241930039592617,1.7966296624117757,1.6110237055315764,1.501514586040558,1.4424706540632215,1.3704234715715504,1.226145470449849,1.2214692151336939,1.1376362841492624,1.1290252853826688,0.9865668410057072,1.0049603681263801,1.0150868051516346,0.9267814107902348,0.9470233011249706,0.9277136855142775,0.8442714397139393,0.9135654107944793,0.8631891659512728,0.8523700189659266,0.8543282855377488,0.8152683221407118,0.8367642025603764,0.8270646465383347,0.8282253465306942,0.757983038747958,0.7379206914203847,0.7346753162479827,0.7354048107645648,0.7564096631165117,0.7480580749606351,0.7391529659361349,0.7788555604599894,0.8360275008440823,0.7455118838219889,0.7427850339367364,0.7545056015106659,0.8456842501633772,0.825123201865465,0.8260136993022102,0.8241131658373698,0.8342730435473005,0.8336335757680583,0.8642157038198128,0.8808721778102838,0.9479568380205787,0.9494770398052945,0.9265288908380377,1.001433361291939,1.0291933132725661,1.0545927878771235,1.0353887263083066,1.055523166854257,1.136222561649514,1.106461214843046,1.3180316510268508,1.3801032271306695,1.4491952760849298,1.4354924454049032,1.5805775793958363,1.8502017615551305,1.955288934691101,2.208389068032146,2.5215835973949168,3.3979315339367,4.271634529058157,5.152835560081811,6.574551057803105,10.214652404790407,15.318605297008506,17.14287606110566,18.036566220365053,6.988047531376964,6.6569887985631375,9.741908926777375,7.652295392623622,6.317660938914182,5.562072577769257,4.966045901438761,4.296316298811177,4.0225611658206395,3.6090983323103485,3.3601869995715887
2.975,6.871868672089199,-0.07594539798277167,6.9176681696094535,3.3182617623524515,3.178868387643305,2.9103758003004945,2.815295961136623,2.68296752513394,2.5568805680129674,2.483502258947816,2.378355016518337,2.2749474020156866,2.2442579834607246,2.123235514609556,2.064848108682458,2.037768716131979,1.8997346685982919,1.9308582172324142,1.8766286855643544,1.8065003335081984,1.732265479744013,1.6794827281545268,1.6899888802252128,1.6187344513183308,1.609815834237051,1.5623622143638973,1.544308561409598,1.4800681338150985,1.524853812050567,1.524892425233978,1.526875274174536,1.4294736965539476,1.4601425600204794,1.3918551032197912,1.4341444960239642,1.454751032923185,1.3837931339723708,1.399218559561858,1.3927680605909416,1.40206898193167,1.4293153765232944,1.4293594163611067,1.4214036603448685,1.3430475832154365,1.3933478490012101,1.3671552073119657,1.399888085809867,1.4576658750945017,1.4544048736641144,1.46697971200414,1.4546915178107644,1.4406263809581024,1.5279194257757058,1.5340293467457573,1.5192820458778444,1.509132488639607,1.508208199509981,1.635533552934027,1.6513150975943038,1.593607840013945,1.6891929011646332,1.7170614198989946,1.792659874948975,1.7472235109988927,1.853303281091175,1.917451039983207,1.9478814402589844,2.0930761714198414,2.0894865890820093,2.172397605502897,2.1695158744059757,2.3429609308373887,2.3228637589078662,2.455957983222601,2.589022570240651,2.6972146374770056,2.8818822377037434,2.9684284068604003,3.11767708213456,3.2631327060664295,3.392427369184191,3.5350909522796035,3.7334406799485165,4.026157113110762,4.220608796442906,4.695689268279927,4.954828351063265,5.425136915914509,5.802015629364047,6.273217347403599,6.7913857342851225,7.403262197812173,7.794245450557243,8.326544049658763,9.012163936561103,9.586611127046996,9.95443577242858,10.313924531342874,4.468129205551596,2.6666678004303184,2.0330854820519924,1.811584561366188,1.6877263741210864,1.4998732383037328,1.29907814130991,1.3588450675162538,1.2596856626686845,1.2572638712333337,1.0714812546976071,1.099638922601586,1.043597379840626,0.9950593987975397,1.0452065815728153,0.960157998759527,0.8703514963300715,0.8870352840043372,0.8818899654880742,0.8240194596561364,0.879935959681346,0.8020895692294726,0.8218174143892827,0.8224355759044358,0.8246381120537055,0.8008888479624956,0.8496155066102581,0.8202387761310042,0.8119584033887002,0.7788917210635276,0.8575812809631895,0.778384928056744,0.7666223143193754,0.7853203477626773,0.711793947277268,0.688411657450792,0.782984457266043,0.7742756219099417,0.7841198111893933,0.7814848046857669,0.7806696619532458,0.7875803865453397,0.7817834151410231,0.7761691602136405,0.7919247172024045,0.9072851992870409,0.8039716033923138,0.8957077208507407,0.8573496533885165,0.8940934286287197,0.8903895324253371,1.0245002427836032,1.0085169348422,1.004131525723086,1.0664038062932093,1.082188092786715,1.1870192553146461,1.1211313656662554,1.2368855407681176,1.3713989528588402,1.502499315190583,1.603284558163401,1.6807206569296937,1.9052480272712167,2.1160160183340126,2.580867054173765,3.257984207245481,4.121487652923807,5.212331382818321,7.022114898566,10.877348252647918,16.383155692236407,17.608063785137777,18.34487454121661,6.734594031677949,6.7538671877968754,9.275456061293394,7.665195528799178,6.387225072710919,5.46575147760703,4.838983735594435,4.391876392349506,4.111383482098007,3.765559055641084,3.4860152596080405
3.0,6.882703548976904,-0.012063865587433088,6.673748527118686,3.426011607424311,3.248388536416339,3.0945744604674568,2.991065841113011,2.863483920764883,2.7334202038679876,2.5991136325984106,2.4356977038435095,2.424204531873972,2.319960639820701,2.224894603296047,2.1707825988619605,2.071187702354293,1.9875938486707805,1.9440847989032353,1.8842645485373906,1.9085382307348655,1.8487705188926322,1.7842007366499515,1.778585725403894,1.685086965617181,1.644811493616894,1.6157202029775393,1.6091073826377855,1.6293456100482466,1.540317367882807,1.572490704250128,1.4548690336861856,1.5366529358193304,1.4534555399445952,1.4297251863289098,1.4714669823888409,1.4485867054042432,1.454659122297795,1.424540080475547,1.5115213372013934,1.424564264116351,1.3375852247450264,1.4004950104546006,1.4210089168136006,1.3535349566135324,1.4342076804429769,1.4159149949847343,1.406513693544171,1.4093600215172768,1.4960001685638942,1.4684842049828275,1.4938687061770586,1.4131072251802936,1.5262570639563875,1.5181742510305813,1.5541436270962457,1.5286926306087745,1.5778862210706988,1.5732512607308504,1.572146397403063,1.6324621411799052,1.6358139645356404,1.6831217708176267,1.768288688144219,1.8434506740007572,1.8505578176507074,1.8537218092431842,1.9701444905050904,1.9627162827657239,2.0368824493618094,2.0824619324588,2.12199375081364,2.195387663202496,2.2982049458641702,2.427784054961102,2.569027534064845,2.568358394145886,2.7346677420527,2.7781129829423237,2.964191531523667,3.1069841386595747,3.1753207549102376,3.3903243789603605,3.6381100627948153,3.8205908452697397,4.056470591495717,4.513801486227255,4.783743045058579,5.3043336301709765,5.684069146908042,6.1034638432476775,6.58559780479095,7.060132363511662,7.545470312715079,8.050633349412673,8.614145843451281,9.130548845828313,9.670209826330057,10.103606405014085,10.524251841716236,2.957694877804741,2.2568168995853974,2.02928653667721,1.652298558347181,1.5198454686975231,1.5172871031793584,1.345128862863803,1.1982919294177892,1.2086202250420286,1.1533003532822792,1.1119838294503945,1.1060725859968676,0.9584798814279829,0.9485910201640924,0.9832548556357714,0.8740418229490257,0.8994013264205407,0.8971202815229016,0.8855585290272362,0.7926801202407217,0.8076936897663022,0.8080293599198876,0.8163928244490221,0.8132966406190286,0.7376898887630353,0.7298842581045591,0.79366552532395,0.8082153927438432,0.7154078525472146,0.7304968506066287,0.7371391656668803,0.7925207107443795,0.800671448191123,0.7320316019439378,0.7321899415802865,0.8033427109609642,0.7988687708693164,0.8150181496466806,0.7395041632836719,0.7154877852974575,0.7202368209499076,0.7235194861598613,0.7901393433512229,0.8129328973973593,0.7981665667839587,0.7834204450616458,0.8325649381904539,0.835560845541383,0.8043446401610029,0.8477811290552529,0.9138767206315386,0.9319794708194076,0.9812019145687096,1.006360905053389,0.967288133570548,1.0696878173761393,1.0596589893174648,1.2119692165086529,1.2918638666628162,1.2408724848544266,1.4102480673834574,1.5430533592375815,1.7651652465399783,1.859090940270753,2.1130076744161683,2.2212447068030263,3.082605214564304,4.54229212671528,6.274914424662121,9.339622414544804,15.002107681005432,17.40959492171445,18.338812358306214,18.877272211809867,6.838659786298951,10.10072697124437,8.250299885706156,6.58051926268554,5.823435224575364,5.249161455685896,4.520197792258652,4.260160930763428,3.91611440186459,3.668936946491053
3.025,6.815457350097384,-0.007440088286373369,6.788290283928234,3.644572438292515,3.4996380875055997,3.347887278905487,3.1426477652025278,2.9814872952214873,2.8603066556011534,2.6685316754388597,2.6275027291557738,2.600808110229793,2.3671103547271057,2.310771087620053,2.179180692941853,2.1781659739717503,2.1085412417241924,2.037261192970401,2.0232981137290382,1.975421269886876,1.8521375274599714,1.8151001294182287,1.8413247234995747,1.7903229883194929,1.6847820377263814,1.7118760399780746,1.6246266642679783,1.6492149487876335,1.6222218218284972,1.6374539816490157,1.5704378846479006,1.5364951578753385,1.5454639054363493,1.528555454873709,1.5599619786613679,1.5194788058345086,1.4647008413522218,1.4318909590662954,1.4186619381248553,1.4404869834202194,1.374230095248572,1.4601960103921798,1.4421539766465206,1.437885710898272,1.4216014331313982,1.46696144964488,1.4763167275569622,1.4082689090036373,1.3996306366402602,1.5006628942916773,1.451693482539514,1.5413807060770277,1.518255245760492,1.5144543312112408,1.4414094177415342,1.5123456265258781,1.5553118858660437,1.5522449808686447,1.565899775544768,1.6037302469277281,1.6386310018938595,1.7855588209813689,1.788425176060761,1.7504371370280998,1.8135738237596166,1.8138204563057951,1.9619759423454017,1.950457577089184,1.9579231519608624,2.0153228416178184,2.067589115163148,2.1316131867843997,2.2773676519465607,2.327978818161978,2.4368548934043037,2.5470339439253116,2.6242837934461773,2.7659014717203045,2.7938193324056746,2.9645550721399023,3.1641555408456563,3.234558124211808,3.484528884722562,3.6655129977641914,3.9131045119697276,4.271787122166462,4.563296859884686,5.026726487903759,5.387316770090284,5.778328189518137,6.206683258500244,6.547373411228502,7.146089028773295,7.572523430225545,8.169920362771144,8.813178126945104,9.172465783076355,9.689245140686776,10.049861270323902,10.49470179732936,3.0751352603068147,2.2917153865838813,1.870036700816389,1.734844145454498,1.554747849924887,1.3364238132799693,1.3561345036181915,1.2112267461449433,1.208808743389006,1.055071218378997,1.0092622001641418,1.0842028104511314,0.9950778559777333,0.9973179852507751,1.0324394661712828,0.851452676496669,0.8759559698950001,0.8659533077529727,0.879474488671294,0.8264468171279182,0.8004701132215989,0.842085793253771,0.8535931702691506,0.7776606225840983,0.768063143348761,0.6920420329933469,0.6921728278485929,0.6759945717292287,0.7749006956150264,0.7766193625446199,0.6728075832898841,0.6769180986729725,0.6804793682987715,0.7702454905308123,0.7719244796600381,0.6877437436106304,0.6872541077186249,0.763813804919367,0.771435013548351,0.7770549662591987,0.7585710685301176,0.8028827493108214,0.8437958821625863,0.7692068311454977,0.7738346448380483,0.7731326719150325,0.7746851340723399,0.7766029559605493,0.8878444552889659,0.8779216879015022,0.8709843680111128,0.9432248646292447,0.9409060187065708,0.9390789757363303,0.9953723074336601,1.0041499496992727,1.1072609187080393,1.1201711189677952,1.1610839775912278,1.3223194673899363,1.2752881428062832,1.4130479335654023,1.5205305104552258,1.9186330026429836,1.9984000990891893,2.2608383655853292,2.9738945938787644,4.80704436447902,6.410910782819102,10.792784346647657,16.719396270504657,18.190311841407603,18.773654381751495,6.945601571351701,6.938689330944034,9.279356811035358,7.665170890384373,6.729980634390096,5.818858406650982,5.072941017087672,4.548164146365506,4.170839558302937,3.902878789804548
3.05,6.808278503595002,0.00542649506361534,6.864651455134599,4.005969070108656,3.8370140035573908,3.5581678593921287,3.3314873076292537,3.1564470081087803,3.07834411297806,2.979141546519656,2.7361719846140797,2.6871356149292707,2.5584058209523826,2.457986555775633,2.314154843229748,2.3918273871851565,2.225371993509559,2.1792032416952503,2.077901715156016,2.010317118548745,1.9304341552614248,1.935835690592318,1.885462441537989,1.809689716090802,1.8128766078795115,1.7570731107433635,1.7298606871995088,1.671522298135968,1.6706383670758926,1.6878275673435374,1.6080194250073019,1.639873185572592,1.5395352624867336,1.5776442641306154,1.4790729300008145,1.44531002800755,1.5146455547973192,1.4555583569230006,1.4361257626646833,1.494687696049556,1.5084118390686103,1.499972643933799,1.4166106169649464,1.461733305340092,1.463449633690755,1.3954713696237198,1.4656092994116718,1.4691516473313813,1.4318421627874358,1.5115052813862162,1.4370984007556276,1.422567712574516,1.4958008299370953,1.4964245527683342,1.5311184252072172,1.5405087800211354,1.5299491309043673,1.5377998086510216,1.5784072906539475,1.6093418526626122,1.610346355796652,1.669330810372368,1.7556052677512126,1.7483870491481126,1.727631192808553,1.7887695142737379,1.86515387340952,1.8298513892913026,1.8999587887933773,1.9838071373378772,2.021120459371445,2.058470172844759,2.157754170257882,2.2805768190630413,2.3426508337951817,2.431469949778328,2.4619519682991178,2.6378033642850087,2.689838015771667,2.824653766140744,2.8786563907071345,3.07806159613752,3.2679217581744124,3.5179203727877173,3.716418710124081,3.972920551229105,4.1892771533635775,4.561699924044162,4.974727513729222,5.265453990399076,5.691687057239994,6.146170821021496,6.502086882203592,7.084354039515762,7.511835970917839,8.101808876470178,8.660542055814082,9.134175423948731,9.571845843468711,9.980894617383692,10.503862511729224,3.4960270735891616,2.4183103501017267,1.9735135162993598,1.692288777117817,1.5377634748521882,1.3541865513916507,1.3842201979087416,1.1663891550695968,1.241493610951002,1.0915530186679105,1.0676080537796289,1.0999176714406171,0.9179270715217595,0.9193124262250765,0.9417749148996652,0.8545593840455277,0.8619665897902782,0.865580151342984,0.867242820435381,0.8699364201027938,0.775172710004466,0.7906656478365925,0.7991848476401744,0.7867419323888816,0.7641760080734059,0.6966424863017426,0.6897860340036835,0.7980077237581612,0.7764435855927976,0.7605824882266294,0.6978111710938317,0.68778698309708,0.7036839970426692,0.6973793618702787,0.6993220093244489,0.7001828851395935,0.6882760651360528,0.705502612060872,0.7036563963674152,0.7001394293992741,0.7632697950998261,0.8063719882549597,0.702544012260312,0.7769192025503644,0.7625626413492734,0.7788399986740417,0.7610263837499704,0.8806522385058887,0.8842986584530885,0.8911054915059592,0.8576572477203016,0.8636260971711469,0.8620792643423931,0.9790950905847098,0.9751434364246127,1.0516101612400806,0.9937564950994103,1.1071674365086308,1.1134429239969834,1.189488350058711,1.32386853896719,1.4451021289148405,1.5517843741616875,1.6380762075803128,1.9545587353564753,2.118022885876298,2.829750910663504,4.599676015949404,6.812996836878379,12.693653144920294,17.29183911861191,18.385797193029266,19.038194690738802,7.006940625261147,7.03420618862749,9.018794126831635,7.538499842671808,6.501413174184211,5.615057844942574,5.18592876633728,4.598820835548448,4.361259551433374
3.075,6.817683667691598,0.0121638964312314,6.947416418502267,4.339580067175967,3.9566367718271125,3.8381411953016946,3.5986402094530145,3.465961252746869,3.244562988889723,3.152236754878791,2.9395006216545103,2.8528951753517067,2.684206252846536,2.5983178322559963,2.4960979029153094,2.436810796484969,2.327035660595677,2.2586680320680435,2.119940487468509,2.0834604741278935,2.071762535541867,1.9651134134009378,1.9812157134041557,1.8048945864373889,1.8609571712954858,1.7716721321989,1.7753900436287675,1.727128672740587,1.7447567179895713,1.7469047434697853,1.667088696298639,1.6268294162990935,1.5596161496077712,1.546012051921264,1.5736219680258459,1.5240280088716613,1.536243538166882,1.546950798933276,1.5337332360996778,1.4386955750193322,1.5151158850233335,1.5114746317204313,1.4487510460339352,1.445336742832319,1.4354416992685481,1.39343222172731,1.4730075306897958,1.4668815249403084,1.3963341855078748,1.4694336425988561,1.4586158171391341,1.460614368959499,1.496719700099995,1.5094317999934368,1.4166715065708115,1.4992524812019248,1.5769909383998792,1.562053261124666,1.550613235639923,1.5957080019190684,1.6429891846837759,1.6202024100668837,1.6893535631286871,1.7587905597722178,1.7529811094345191,1.7102145269966764,1.7798828939608253,1.789567712793813,1.916461931252222,1.9583468520043439,2.053037734437693,2.0382311927418186,2.15225127469511,2.158173521349848,2.264914492416966,2.354698622220721,2.4646624539629527,2.5218958044091204,2.5576273720182807,2.7032372615178746,2.818010691628713,2.875511113781502,3.086664934197856,3.2759817945221785,3.4979673353057636,3.7855781338106183,3.9362924497805776,4.2176896773619355,4.651675676633567,5.015888724597261,5.394498016221289,5.790225670142559,6.142707658886682,6.6935871054484455,7.060937842997189,7.627698897734344,8.157444899118419,8.658137091003079,9.153529095560167,9.554686755681647,10.014091718870578,10.397387157045909,3.306767469520716,2.239117204172013,1.985247044859759,1.8282765843196582,1.6042539567499028,1.3820007775222656,1.3653435592151644,1.2736173301429747,1.275380698795496,1.0962573072387325,1.1078023391998528,1.060981969288832,0.9500795978643617,0.9327434325789175,0.9619969997885408,0.8945063587892754,0.8059671288867893,0.8142266409275273,0.8165382767247051,0.7962294209505955,0.7917216498045397,0.7804188919400398,0.7739880024924732,0.7636538869711039,0.7661384034122627,0.6779572284970778,0.698664905348618,0.6805719813733341,0.6886341511076165,0.6981534044021129,0.6873851831633013,0.6728616023879888,0.6771612968849728,0.6873233374404635,0.7654853239131401,0.7780697651824702,0.6851948217049826,0.6707522349117544,0.6768851781859888,0.6763186999747995,0.6794285218332172,0.6833284880166481,0.7562563401809026,0.7733534114885509,0.7093596864105682,0.7832414427938802,0.763341234608947,0.781580337171687,0.762259165668042,0.8872253248577436,0.8863938599724943,0.8627645408027179,0.9383063888593078,0.9584095597460499,0.9596713610622695,0.9488570857650402,1.0013337521626844,1.0168784233750667,1.0337619088739223,1.1250400392736941,1.206823722423311,1.360884478823063,1.4787601272107038,1.5686583613642147,1.6467659583126795,2.05475989406259,2.264032164370324,4.146167792426807,7.4055557424910585,15.140540630604548,17.9102340929305,18.834474610967508,19.438422366663737,7.102573852383662,10.746999517367115,8.833822067403863,7.553753476070719,6.423674728099474,5.672523502036546,5.053711281414535,4.753156785039846
3.1,6.837732588180378,0.08682140870991999,7.258901267578476,4.6005438109492705,4.372937318346301,4.126052955280002,3.859379621516174,3.6132381315070803,3.3972124101392187,3.301095219951658,3.0534692223160427,3.050841785493488,2.8859667434312657,2.670252328085505,2.667023225056917,2.5433109302758883,2.429051367181478,2.359864134122108,2.3686068671969926,2.2664774171891082,2.1347217091270583,2.0636093292468654,1.9445803194355316,1.924478094338891,1.94449590717524,1.8210540936831867,1.7730163059126527,1.8433605363792231,1.7974282724325525,1.7054936665813356,1.6763702191844965,1.6358707145334164,1.6230229234601221,1.5873942097076472,1.59990161377572,1.5335825872898712,1.5621759560411337,1.566526438080562,1.4853418312607163,1.5020163644215405,1.5071510291786752,1.4975872714806835,1.4639262050870194,1.5442121275201806,1.447877814755579,1.401346181751559,1.4525117153003844,1.4493098484532394,1.4408755772741715,1.5090396518356481,1.48444219549895,1.4094167350454883,1.5088826718807662,1.494571446604566,1.5434907838450858,1.5365003770172634,1.5474423986441725,1.5075109606807475,1.583812541829204,1.580688561688979,1.5838744180920994,1.647852408876928,1.6282864212669117,1.6260066538766986,1.6745649050968712,1.678436700032566,1.8455137045244503,1.816536793162362,1.8080076634005053,1.8894972074997356,1.910785123235637,2.019743260949537,2.0127173358830697,2.1192868278207317,2.131309307188196,2.1795510856995937,2.3290201621288205,2.390795084740242,2.5129900781314167,2.557961667910959,2.7650960891837464,2.895575113729549,2.9732927657152035,3.1927921992998582,3.397725192131104,3.567409414935264,3.8198195406957116,4.09781369952116,4.319028928043417,4.76106319752962,4.960065770427748,5.381090974294749,5.8962397630236225,6.168926889574656,6.710687373584036,7.207581998075265,7.751808402751512,8.390750630283572,8.7157419873266,9.195944945050892,9.624740395630763,10.01640255347463,3.9056888713728513,3.207156739053833,2.288994837025541,1.8296173437786512,1.8511564921275352,1.642935911734916,1.409250817626871,1.2961239978142056,1.2791527791222124,1.1807689738380842,1.125352663310772,1.0644671296483759,0.9812326536053227,0.9752608099662651,0.9479996182368658,0.983526328256593,0.8015884024556352,0.8067351919994391,0.8660059480102092,0.8633592682099325,0.7853285560472842,0.7866327386045763,0.6787057198997593,0.7129857333025745,0.692791655998581,0.7735655486613383,0.6940362287753862,0.7119314718113626,0.6949725517784681,0.7098430466781747,0.6875608153479398,0.6887008551536548,0.6999926698496343,0.6983329395469577,0.6888382037084964,0.6843921341338441,0.7178048187573021,0.6890386027342714,0.6886930651304506,0.6897726668619238,0.6962754061346503,0.6906854450496775,0.7727952244272859,0.7725773850665719,0.6997721569295965,0.7098671479507163,0.6929037254293717,0.716199826539564,0.6918675410143702,0.7907595191425592,0.7883744173295729,0.7741205911817829,0.8857816707586448,0.8764824132140481,0.9718569695835292,0.9711836274339702,0.9568933078104614,1.080829042867267,1.0705749809542944,1.0626144105086892,1.0677804032434024,1.1726059421203627,1.2800179411614334,1.3865087157434912,1.6059209933670866,1.7201473259650248,1.8053513081395138,2.3175416464212937,5.583969331606279,10.752045740705372,17.337601859224105,18.699185781690723,19.338799401521488,19.966699887128957,7.207127457632386,9.694263418177334,8.188269164223735,6.890524316369059,5.9784696225403255,5.563686879512632,4.9197192346429475
3.125,6.887113624630722,0.10466452946267464,7.28059326017461,4.854423167100239,4.503729065774146,4.293836260002674,4.080293513184513,3.7836602859281987,3.591733673471671,3.4266789366576225,3.189528494908465,3.088138142410693,2.9456492350134105,2.8041387650726337,2.7002632321130697,2.597961319510267,2.546862235512606,2.448253952720245,2.395923599253378,2.3456834785743705,2.1961326277671622,2.1066919665699717,2.094232757733578,1.9538353175772385,1.9907283658297672,1.951641143362416,1.8680611456277174,1.8927599352784437,1.7281806195387301,1.7348494407563906,1.7260285160625428,1.6830874557499427,1.6914088931151132,1.6299346749221524,1.5938599998448681,1.6285448900912958,1.5564380676731828,1.5130919575944646,1.5811939670360933,1.5085081107462746,1.5052979163105813,1.521939769396227,1.4313464019313715,1.4839888386875173,1.4971036605431585,1.4882830300559626,1.4888079909902037,1.4568858965879952,1.4493615783605274,1.4532970128590361,1.455924704082819,1.50914216582636,1.497507623964889,1.4977822149455777,1.4648419641915513,1.5568132991963477,1.4897387775163562,1.4867407328060696,1.5915321885146763,1.5964057533752158,1.5176118759059478,1.6291411502281719,1.6235397665937672,1.641821548571481,1.6884457223136107,1.6879322118896123,1.7706578965690811,1.7690502041541853,1.821673261531539,1.7826814864751817,1.8860421362010593,2.051816022894048,2.0099699197720975,2.0783917541985657,2.176407789814592,2.1742039736539884,2.259532430999924,2.3449096625301658,2.3722420891592897,2.5075466510187137,2.575362989503072,2.7248824155702516,2.812976169489114,2.9914390562539186,3.2195225291119796,3.392621239296922,3.6866331400898464,3.905322938785213,4.166809209990778,4.507857992769043,4.81887411280134,5.163557679583742,5.616148297787765,5.933809043818082,6.50041276006142,6.899249177564658,7.393743658506715,7.985346058322262,8.456498676342836,8.800374976720024,9.247106987628634,9.68485429740078,10.068279431177672,3.4906912727354653,2.7376559642119425,2.163967139673548,1.885373110810273,1.7218850524362002,1.4793689858360262,1.4791553961364416,1.2555421439408299,1.2771396866052613,1.1001859857259355,1.1026766441992952,1.0772025681020594,0.9685419565901127,0.9570783387980617,0.9946567703721676,0.9262228756552484,0.8552604230016804,0.8425709278726848,0.8410618716967139,0.8378480908489084,0.756977009736354,0.7790422055662746,0.7831978012871956,0.7718590716106764,0.7698028945047678,0.7675874228745337,0.6853685680598617,0.6726740138170693,0.6769180507020267,0.6940669089371894,0.685478233802623,0.678028763727048,0.6778145196396939,0.7034731634560425,0.6915789445653318,0.6908637193339191,0.6963273299669526,0.6694064093930034,0.6685386759364835,0.6828002315282179,0.6929405621781639,0.6815828513058962,0.6978508118129056,0.6926873200214192,0.7650210504261301,0.7631284146880528,0.7644808586644012,0.779446685478463,0.7761888660088582,0.7573485920727453,0.767028965376564,0.7554608327956601,0.7798413596731977,0.8556380728502152,0.8864290328712624,0.8796413829535413,0.9525409594327843,1.0128257857456207,1.109119297619251,1.1725774406921077,1.2260622808347479,1.234288657656043,1.3218691276605095,1.2689390331274621,1.5246890454347644,1.6247116149397607,1.8390298835986019,2.5023804598938035,7.185687026105919,16.89857762883413,18.56418794235524,19.394687640742784,19.961213030545448,7.286893562069661,10.455393227994287,8.742388219377736,7.441287122423286,6.638979025993598,5.810805224244225,5.234911887422769
3.15,6.933331830346445,0.11456456317900865,7.313131249068813,5.03000916252014,4.726456638399753,4.334179623193968,4.173069189105259,3.9450906617166,3.7627051011447668,3.550773177516876,3.373920671321622,3.155289515229601,3.0272736614297253,2.9791482086715573,2.7426441366917285,2.7081706376856456,2.5888231128404726,2.550909502405403,2.427497970797821,2.3662465649306625,2.302241605905345,2.213508927241806,2.1166502249332724,2.0461044612201604,2.0070666439482725,1.977407773744308,1.8232327983749776,1.8626503709691888,1.8122062665949776,1.7681115463132535,1.7721035430569212,1.6871215256705696,1.7547598850258392,1.6418515151788287,1.5954965615034082,1.584858028536465,1.6206871476604043,1.5717953984973798,1.484265384690975,1.4969749805950177,1.4915409552664038,1.546134696734484,1.5349066640285725,1.4577812991426977,1.4480645787005264,1.468298352259767,1.4608296810023595,1.461118395028763,1.5304229473480968,1.4397457155323925,1.4402881512049823,1.4790426092110542,1.468885532720159,1.5006495776417936,1.4114581355278741,1.5261753220683845,1.5149902909799406,1.519602227705288,1.571601738915181,1.5680126030131962,1.57268320472022,1.5676043427354516,1.5911749884896036,1.602350531653574,1.6103841128875913,1.6754591597157842,1.7339434621246324,1.7843483347207556,1.825470690720144,1.8093381102493864,1.92973944990413,1.9459661461730104,1.9722999666397556,2.0288378115124854,2.1181775842000885,2.112625569975759,2.2118925712350093,2.2777316806085963,2.3877602288554103,2.4388431770876777,2.601048834458374,2.6262176943106077,2.7929649669117875,2.9864711649424427,3.2116927518369285,3.2837470864213727,3.5108574446207026,3.766288877577743,4.193699575373163,4.479870528293986,4.779455562806147,5.025412586640058,5.500187368761525,5.801557605862916,6.288045405614036,6.74332601446572,7.2282328189145355,7.75641493246286,8.27431968391107,8.620093566904504,9.106352181333024,9.54283956728197,9.93101907271714,3.8727364448246275,3.130168684051774,2.2910522280353707,2.015324094419824,1.8105716717258016,1.5098293290923346,1.5288030351913398,1.3719800162895972,1.338441997146868,1.1039860948556939,1.106712023275828,1.1522733891488186,0.9855613100416694,0.942874001577649,1.0357789108054183,0.8908486316790017,0.8105142444834273,0.8853223223220759,0.9042745883404666,0.8442230971093203,0.7707551228841287,0.757933581639504,0.7821809856515654,0.7592965213562535,0.8051488984614671,0.7387879761831402,0.7522024243735914,0.739109162898383,0.6537874788087223,0.6413397588149393,0.7366976845120998,0.7422336107836597,0.7283697067039836,0.6558869680817422,0.6297505035220009,0.6670447691409384,0.6515522578688454,0.6493691389480993,0.6674674168667908,0.7327943674773716,0.6499061932739861,0.6615766359657569,0.7238475610939639,0.718687103796426,0.7360932043181141,0.7378368044674508,0.7200906772700957,0.741491571500121,0.7187925248843279,0.7368470820033339,0.8437996529786255,0.8444339273923193,0.8485365738538164,0.9175251259067521,0.9165096932739925,0.9208126132481504,0.9173867562035423,0.879205558179933,1.0586519759199589,0.9996802130611244,1.0592807885741107,1.2713317149769077,1.3358232190191617,1.352005122367702,1.3334615083627879,1.5656628942292021,1.6584651072239713,2.1151476431129552,2.7570886212187107,16.182792946537553,18.676356696728284,19.48886381543195,20.120430441232063,7.374707860869241,7.411020700960681,8.925632092600942,7.6249247174471195,6.81957742552802,5.955872749303998,5.369183874557084
3.175,6.977144873273247,0.11537325565352613,7.334823241664948,5.036084756204442,4.658690612600421,4.409276155006666,4.206098442106836,3.9180744910574923,3.7867743250500765,3.5848994925025837,3.3617433684876317,3.17331033366184,3.166660226059206,2.910123922754913,2.8971024059780808,2.63422673285211,2.603685351824007,2.52807981777395,2.404115208378124,2.3564832430776237,2.28012600345011,2.2319624808129412,2.1288229373173695,2.1094105444792177,2.0138155500616137,1.9539704368690818,1.9282173161432865,1.8987498193420655,1.8421850955699415,1.8076545700251265,1.6922463516078021,1.6810325198358524,1.645346085499265,1.6697920593444697,1.6088512676224358,1.563097006208465,1.6108402042987646,1.5204787890322453,1.5862857027259978,1.532028461455873,1.4799207465536923,1.4418745453247224,1.4792056608060455,1.490671161788158,1.4706479771459167,1.5087755246802574,1.4108934607809225,1.4382779440107116,1.4447160586363677,1.465916428716133,1.4526039137661084,1.4986076444140615,1.4983171423888526,1.4099577834585313,1.492548820368004,1.5182072250429584,1.540351076809471,1.4480746643899192,1.5853831551957942,1.552137060876322,1.5658489995677534,1.5943528569470495,1.6059786274120547,1.618199522818305,1.730618532983429,1.6900423209970552,1.715230516394248,1.820818612357354,1.81382893657217,1.8332786917386326,1.8583638728000154,1.916280886416285,1.9338213591606066,1.980904734502131,2.110206228970752,2.1133424014678255,2.125823919493293,2.302792093238315,2.3616935601077316,2.490081172327017,2.637258585220424,2.632028128606316,2.8437010580921833,2.9445382203754438,3.1281597408937714,3.3384518507455803,3.5930296568667575,3.822141961069569,4.128394002766223,4.41452578150186,4.759784791408057,5.148885817115986,5.381598857596376,5.896485842371695,6.249670766238994,6.720463761908629,7.271076094670641,7.898550242212244,8.142229076819708,8.663371043437387,9.012257604310422,9.518504512841103,9.86907440689308,3.730132223169394,2.955024106465388,2.4436983002082515,2.0843026282097936,1.871417098720728,1.654393142258585,1.563184961694948,1.374730046127057,1.2842405419990586,1.1999728707961839,1.213113972868402,1.0785252307546456,1.0015050847673836,1.048155027890252,0.9653488260571642,0.9351862349026613,0.8417227824273068,0.8927429758277521,0.9139411681029107,0.8559076031147328,0.7655939629078857,0.7700862988283173,0.7758881134003279,0.8181191631231223,0.804994374998295,0.7419059085857543,0.7370584729878887,0.7413575394289585,0.6552091712487502,0.7511650690318178,0.7404329083916219,0.7296941801022938,0.7273858572908185,0.6381923606368264,0.655709583814467,0.6540565501110077,0.6543347768875604,0.6346367127332122,0.7321471934176921,0.7419013251809731,0.7348775297579849,0.6523296150892004,0.653057161385123,0.6317013495510352,0.6581703882977309,0.7362577684217979,0.717886530310515,0.748449324819979,0.7268364731945746,0.8412724994545814,0.8387753933596281,0.8482734001990481,0.8146380124175381,0.8211672106621342,0.8121417612025792,0.9076882253023995,0.9105479111005843,1.0293371442439583,1.039838880982585,0.9798344318490149,1.0376555012494406,1.106967444202453,1.2124094924647801,1.3938717516145767,1.4617437867395757,1.4957444401718325,1.7479729241641626,2.0695529641897936,2.274635658932279,17.693815014098533,19.148444802561407,19.811498802670158,20.474941890269836,7.477816440917425,10.269253678609658,8.641447437259725,7.356684887631045,6.477834643032282,5.824737148578236,5.388831072251816
3.2,7.018843842383813,0.08087978981091135,7.361329522227511,4.838525706807727,4.564413895370712,4.378240904249145,4.118413521014964,3.9402242485268135,3.7665161704521815,3.5543653889265765,3.292092606274424,3.233931945451755,3.0958550208465097,2.962530972344236,2.8516853872401615,2.6280519795674335,2.5659807102629553,2.506338717129492,2.40304650086942,2.3436516058543644,2.245709515364444,2.1454838049685963,2.087520381500567,2.0615540028379207,1.9627741702077428,1.9416936626873191,1.957755657324473,1.807625989420073,1.8036165859989308,1.74427346073497,1.8026091786206475,1.6478940717604307,1.6262564939346587,1.6445929796915422,1.6555650953880365,1.647478576367362,1.56979948055855,1.5389940149846297,1.5223354174746289,1.5218236519375479,1.5481319831923481,1.5283034606621135,1.4959039588783363,1.4968647595685236,1.49881278175358,1.4222433584379253,1.4631295301464506,1.4498344386464832,1.459906380531732,1.4462804951200126,1.4594223479397164,1.5030834409192924,1.427835673983711,1.427669682879213,1.5377554527243043,1.4425483686702625,1.4443769584303177,1.5393607836754146,1.5686270311002215,1.5740894622068051,1.5720615000722793,1.5538285781239336,1.5868568862409793,1.6092080414007124,1.7169049358443509,1.730069954613646,1.7197236004487586,1.7265972375228626,1.8335216260302916,1.7870592775587273,1.8193452796677088,1.9152641745308707,1.958258643315804,1.9563190760468698,2.0832579511064693,2.1213129762156533,2.1439446639222486,2.2885275990938774,2.351111132499982,2.532343753482623,2.5840547379498533,2.73576499555191,2.897996044327937,2.9711321767530148,3.212113660094328,3.4424503824801564,3.62513681526415,3.956771937660181,4.2767935697510735,4.587397081494175,4.930194261964733,5.18486727455933,5.649916432409995,6.027533305212032,6.49923561136795,6.909185338545637,7.494107959555575,7.980205648403131,8.313460832367294,8.733622439287196,9.207300526449401,9.565262716904183,9.985995699558432,3.2813509734930992,2.7862352484952555,2.3044798380130156,1.9623442715173833,1.660858730881801,1.6740520846634823,1.4494555086100194,1.4505997022542794,1.2382060069519005,1.2778874014623938,1.174799343508883,1.1304093925941168,1.0989530231597393,1.0371783400181815,0.9011613572755234,0.9243551403290641,0.9194728637431772,0.9069762329680712,0.8385421871785323,0.8359757102904052,0.7567854499255556,0.7687040599265337,0.8269357838481924,0.8122936784968238,0.7350861923038697,0.735506904216751,0.7440940952913285,0.6458141772586536,0.7397224757342974,0.7290833239071908,0.7340011629224009,0.7316841624674215,0.7377543436578784,0.652430391082465,0.6615355079294453,0.6578311893523825,0.7517086604771863,0.7219568102147191,0.7482551329673971,0.7419415330759892,0.7412445265204954,0.6486674451092529,0.6636141094739303,0.643494533600182,0.7280535589595925,0.7358724102383882,0.7393038248547867,0.7273902671544263,0.7244541321447783,0.71958259058905,0.7326746723752342,0.8467913232490432,0.845642666743815,0.9514709195588908,0.8825974002004529,0.9182399188103273,0.9125668735653445,0.9249961080327603,1.0267497355091622,1.0236715903379927,1.1317042900057444,1.1305692544811996,1.1839044836403974,1.2508960373891624,1.4860184632094244,1.5826136158467556,1.655544380609839,2.1265602310136282,2.419092662645402,19.096212244326072,19.84161468729658,20.502429091078497,7.558850717422554,7.599595270277479,9.245264775471522,7.9112767844419665,6.8704139584425965,6.300610172143338,5.646594567788125,5.356559144713447
3.225,7.058963040836766,0.06925174716925957,7.3783476906885825,4.778888807018051,4.5222644250650195,4.279608264623237,3.9943079741605314,3.907357622754057,3.625199696953614,3.4814187441326703,3.3681387782705916,3.2307607732319163,2.97904919126717,2.940439019523783,2.7153614441353664,2.6516609289774484,2.546377643636538,2.502790069328098,2.43567439355551,2.2087310204722517,2.1228902207771863,2.126467170825464,2.0887201988802246,2.041698361696389,1.9058756952968379,1.9382257357034585,1.8597050486952622,1.8634314754660404,1.7764636519003412,1.764257745306,1.7015217403744352,1.721675877394619,1.6277069617724738,1.6126568333522675,1.5897037690060607,1.5967015844769163,1.6190382234870297,1.5434628524311083,1.5262217669625757,1.5282169121401783,1.540436795015696,1.509366876529028,1.5022623791940641,1.4813663643480555,1.411890905039856,1.4227048108652314,1.4160598932080997,1.4645486194936916,1.4407867554578013,1.4531946748893185,1.493961314998294,1.4146811622193902,1.4206039957737853,1.4923127899331716,1.4612085963527028,1.4478366749863567,1.4444622009689039,1.562668857285083,1.5750116425590508,1.4811177617520523,1.5510455433287622,1.6090793121751474,1.5884766366374807,1.6030177606044866,1.663208502004744,1.688781529791602,1.744058671911348,1.71721521528587,1.8807037341983348,1.8532453802109388,1.8123732238251575,1.8260693455945136,1.932945850353312,1.9624348501732813,2.1170925958131606,2.1999500353615566,2.2391816412072396,2.345283210798327,2.404976029455892,2.574203120977564,2.590986517398464,2.8250299590550085,2.992255731843917,3.159529672057682,3.4472965118834806,3.687913008596017,3.9661647588372406,4.0766431409584145,4.441243473288446,4.779782745246239,5.100053080769558,5.529579097135392,5.880121430426445,6.265423918861661,6.790421955925987,7.359632608475262,7.757431251757585,8.110093442236769,8.550007299374535,8.862638739886988,9.30325245344277,9.701516476098957,3.3421500813353324,2.8805762708712326,2.4135999834376296,2.1365429539250096,1.811811728265415,1.8086981144228358,1.587812290750869,1.545292652142112,1.303016880600016,1.3083966209316344,1.1837131797240052,1.0666123807687566,1.0723712478412237,1.0220407619499334,1.0400198487836687,1.013128301032963,0.9937762858971759,0.9348859798378774,0.8211264713240822,0.8404677544164456,0.7742216100339832,0.8180818672548905,0.8039828359537218,0.7903388988094521,0.737093287102528,0.7628667732104638,0.7342406902308286,0.7327436790985977,0.7416335642585603,0.7275091762869781,0.7215093912726703,0.7265373379953598,0.7247578773766682,0.6621672074776577,0.6393350562718432,0.6569020207980814,0.7414359809221421,0.739393702416584,0.7332685682099928,0.732394022514062,0.717468273406166,0.7318575522489017,0.65902370307282,0.7369522854437436,0.7345486326196998,0.7330407509199851,0.7281929389132186,0.731461671714788,0.7412711031427475,0.7234490308336018,0.724464967153284,0.8451083691705585,0.844974574693736,0.84205143541077,0.8048414498262421,0.7968608687573666,0.890619668047493,0.9094116515722056,1.0218530026419066,1.0305722850553756,0.9937647927544506,1.1418172559423736,1.2630164115446132,1.2975313584152361,1.3305313484106367,1.4147627860036747,1.7810265432304853,1.8169607082642267,2.0141869024807177,19.099532647201006,20.01610743505063,20.632808226313177,7.945070927593743,7.689342764943466,9.39804900012546,8.121146898284845,7.166305298545251,6.47785283910432,5.937588072861606,5.54326528989743,5.006822855564203
3.25,7.0964434826737675,0.05779603063872238,7.403874943380191,4.634093749551966,4.425871845924134,4.217353754824498,4.008425541009632,3.7641320539264655,3.6200638484552377,3.4261599386105974,3.297938437124317,3.046577804368969,3.011856964746817,2.8124583172754463,2.7403378790377384,2.6656035874756827,2.5859327201842937,2.3717573368494245,2.3246235828410415,2.273015428186564,2.140413225921899,2.149163671795112,2.043304818450622,1.9667879954727594,1.9858012167554375,1.8091265757592114,1.8360108606432066,1.7914856669911385,1.7241344439624655,1.731725021804303,1.7489443942145826,1.6647628907707028,1.6606927876656123,1.5908245030163979,1.57968057333994,1.5688952611783569,1.5204871281547314,1.5225340794179483,1.5403935282082206,1.5244479494701086,1.4495166122887668,1.5010933259254216,1.4928285852993965,1.3956823657831436,1.4245913043921201,1.4409243188074574,1.4422109567490244,1.377072398574709,1.4588744306794263,1.5043284887762,1.4162081465687475,1.4102458066523553,1.499915018658829,1.4395617163756627,1.4433043842414548,1.4537589069501486,1.5199442602254758,1.4903427520559176,1.5122951830353024,1.479440603629312,1.6041720027087332,1.5942296259941042,1.5992982116532375,1.5906267730507373,1.6517868805138076,1.6815319212754223,1.685703954431324,1.7211464087111625,1.7413977329624135,1.845476151917227,1.8438907108373555,1.9176148626254872,2.0238641592606936,2.0047736072838243,2.185022551935046,2.187196044552654,2.274928056133654,2.4378548340278208,2.471973978327932,2.6498207134891794,2.827676945870511,2.846580511015087,3.04435413544522,3.3125542216107533,3.499617562631059,3.8165282873118134,4.000486693187992,4.322727644461995,4.675687649349127,4.884511579457833,5.357595859863523,5.708915742947667,6.04530387617472,6.574321146552548,7.099154506067677,7.546000399462226,7.99621905231945,8.417732038633277,8.612611650369832,9.0999279782627,9.519776789266581,10.034502620577536,2.9701779675848945,2.6910169402706745,2.2366537777043463,1.977089448719662,1.9616409202353529,1.6618872481066997,1.554255404652478,1.364364031244773,1.3878300390475835,1.1574360931970242,1.2362836349363104,1.2089786849480284,1.018355298925998,0.9531647056572783,0.9617321426117501,0.9740239586543885,0.9607517677667092,0.8922152106036431,0.8861939085666592,0.9057161045098638,0.9040937681217037,0.808495640107826,0.8101354201895261,0.8215910871288836,0.7435910847016509,0.7258173771946731,0.7767494919039113,0.7308173105552015,0.7191186156608943,0.7286147035638546,0.7321977905150617,0.7220130193542514,0.6536846550397439,0.6598027888488424,0.6485487898570544,0.7384042302828369,0.739134311048026,0.7244254441597107,0.7401953171260681,0.7369182499227309,0.737577499184991,0.6621362343847231,0.7350839154776785,0.7302772557136032,0.7211038686848559,0.7334528191423186,0.7333397450205694,0.7312976139438638,0.7430364481588538,0.8438651915291063,0.851578809837041,0.8443050564219298,0.8540196886846505,0.8122877359212756,0.8300517424133604,0.9249889692129925,0.9586778857384884,0.9917268788880881,0.9787617236094194,1.047313192257087,1.133845933706322,1.2229418890456993,1.2010224692138425,1.2876418300293602,1.4244729983596451,1.5774403927612357,1.6872027087459818,1.9925481851507976,2.283314582608284,20.138931667689086,20.728322457841266,14.405385589546984,7.777125540304677,9.941197288843501,8.552763656728395,7.522599450941728,6.588972414033485,6.103778046886605,5.702259071241269,5.192307931615728,4.906327873993761
3.275,7.1318975655588535,0.04827779704457352,7.420893111841263,4.650786482097464,4.405023386747263,4.176409487622806,3.8444507263308108,3.709401675933368,3.5553822502495596,3.3606864476577987,3.2080042174055494,3.040558705873296,2.958561233128739,2.7941022964555153,2.694165244780778,2.535976466267157,2.457212677471586,2.372556182707157,2.3686882952020487,2.2011576266539072,2.2058585845001613,2.1593708195851535,2.003847229856281,1.9822695096837062,1.8949260951068698,1.8126636708046493,1.8301634955617774,1.7885127746337721,1.7814276511298626,1.759213532952671,1.6897726009029623,1.7095504545429083,1.5896526832450029,1.583818651600824,1.5657206606067013,1.5345713724521288,1.5393547781701133,1.5157389785576683,1.511135461887698,1.4479113871784555,1.4916242809880376,1.4915972740464882,1.4102887733910876,1.412201163977436,1.4486164792315444,1.4533553872036107,1.4663226993228415,1.442505113498208,1.4947227614980145,1.4139013389345163,1.408449565915292,1.5049008979891507,1.456291598459874,1.454348716594289,1.437503575317941,1.4508879162437325,1.4587058687399987,1.4803347959984163,1.475846685311911,1.502583769637195,1.4894059614222241,1.5691018525047766,1.5751669924023883,1.6103201974689483,1.609227627807283,1.6747191279924394,1.706405648554307,1.7214388134669392,1.7374574467513624,1.8841349498151707,1.9054407582667603,1.8946567334352225,2.0204538898630844,2.0557389891787032,2.1190029954097493,2.1904140353658192,2.2978487835011587,2.4750240613475607,2.480300773383871,2.6904922805812532,2.883801050111864,2.914672930250496,3.1369646221009777,3.43806275053113,3.6529688954730544,3.8895346092846315,4.141693339523316,4.484350116052487,4.73100403953556,5.14595589818708,5.506109747005784,5.859737426908258,6.280705631541169,6.820769987552512,7.177233715930371,7.650579796345306,8.041216189871301,8.434289130742624,8.81766126350502,9.288162719471277,9.671091705997535,3.4823799650611815,2.7920379281161063,2.4967371285963633,2.2851254423522467,2.0216501825248323,1.831861855567613,1.604743207604496,1.4815475791868755,1.4363006858009075,1.2750423580196377,1.2985461602248303,1.2068874266280918,1.0720480082359822,1.026555230802815,1.0310052094901643,1.0458390985254162,0.9539642169490762,0.8808251000796586,0.9047230459571092,0.9055834882286066,0.9249563410095939,0.8163616070547364,0.8408314206937527,0.7522712745533296,0.7608869305511292,0.8234293182897394,0.8115078478965712,0.8204454914105617,0.7208428589278482,0.7327542573276234,0.7308026330793121,0.736884822359125,0.7307215999914584,0.6298132505987608,0.7224419509414908,0.7180365047558867,0.729125650475204,0.7541341304851366,0.7373391691299266,0.7108314092970921,0.7324788983486132,0.740124916582271,0.7262394574411986,0.7228181729005884,0.7303094743482565,0.7251435273179234,0.7355163317607456,0.7478246933681526,0.7272051392648988,0.8415270297931865,0.8461440015682685,0.851119467487124,0.8424585114831098,0.8216117061166226,0.7942133297441891,0.9346244780169622,0.9762524813719394,0.9772677850447998,0.9847657859905004,1.0864809973916723,1.065065530864713,1.073377418051768,1.191562609021575,1.3020881088219753,1.3554439504169604,1.5073622647385077,1.6551953376669162,1.7528710198070405,2.0727290331388315,2.579292989508738,20.811611791218276,16.307259134887286,7.858164736017361,10.532715717738064,8.937610740320414,7.693361604690213,7.034822607823264,6.258270156836158,5.877967152379946,5.497784631923867,5.130841405582985,4.878234981134349
3.3,7.165569585031165,0.051210511873598874,7.414535253520697,4.523413654422945,4.3434899144116805,4.002865654038453,4.02012670925255,3.68259893089596,3.5325870348695183,3.3251471269065136,3.2305316515285405,3.065482203045613,2.932202123833199,2.6797749782245592,2.669477579949076,2.5504538509742263,2.5122650711472665,2.340474524976603,2.291277275794476,2.2392045457118366,2.076622220454095,2.098109913674933,2.0282560802044123,1.948139124482473,1.9516457086725567,1.8840194474365355,1.8368315354074922,1.81139390424842,1.8003386083518798,1.6825275304841174,1.6687987905018198,1.6535894092252563,1.5976701855969646,1.5956588411438932,1.6088674790499593,1.4712013384915186,1.5361814250510162,1.5617648231754722,1.4523303156086236,1.4753420222153886,1.5257628496670956,1.4305002629426926,1.4226338272368364,1.4332092337847393,1.481854457981309,1.3895413179097145,1.3890811860582175,1.4707084973260571,1.425085347021734,1.4049504202244962,1.4148602954704588,1.4126079911102538,1.4242840883838204,1.4264418052842942,1.4384876704367908,1.4533771974136653,1.459989425850374,1.5067277221183215,1.5158663336811993,1.4992456032493031,1.4892949764849555,1.4981785450389677,1.5996078285042055,1.5812653628722442,1.59775072625681,1.679134857247995,1.6873746533710203,1.7145628819456107,1.7628805859004606,1.8886696832203216,1.8952824025042558,1.895478711483718,2.058452770568992,2.0964551843945953,2.1522402404094225,2.2380759852898433,2.3461874799897355,2.5079571674696246,2.670709234548034,2.7006402968635643,2.9448686688229073,3.1336139992330545,3.2468125704040633,3.523898584276513,3.7712010503267863,3.9386747115253478,4.275934507399193,4.501788691262086,4.77242445513338,5.2161757214220295,5.590217971092076,5.929724938799729,6.490847142357631,6.94420900432067,7.292797943985341,7.793964574392777,8.181104313597691,8.485814420272618,8.925605578440496,9.307299641974186,9.848176024685682,2.8632374529200533,2.5893627851675416,2.3883629875060657,2.1108513395884323,1.8586664410260787,1.8249351297353271,1.6402559785589323,1.5503090052402686,1.3704625531804173,1.357383064793615,1.209599690139534,1.153577874461923,1.1583687278983874,1.1483748534246907,1.0684875375393819,0.9857898533820609,0.9211958912625454,0.9965347010330158,0.983466870842492,0.9184906351567459,0.8412997697241488,0.8507443468845035,0.7741125532627344,0.7887445292628892,0.8054246568343495,0.8148816065852669,0.8358468893595343,0.7402443453447519,0.7508263276239373,0.7248637030853308,0.7877082564595405,0.756058788926421,0.7512655987910613,0.7411870672809073,0.742998903005111,0.7455190808841491,0.7484640796859492,0.7326504442867333,0.6526305520279704,0.664098093738332,0.6506422710477255,0.7638141881871435,0.744167645979543,0.7409158557414409,0.7360266402987165,0.7644159050642385,0.7518723369498032,0.7484489753888315,0.860976565802078,0.8745254871169235,0.8512074534827239,0.8716929578508996,0.832520190886223,0.8057462932201598,0.9127263032267935,0.9326144527585284,0.9210590597083357,0.932456224003444,1.0714650636343812,1.0425714221346796,1.0458060727843956,1.205074276951779,1.2084071849258922,1.2500901415485088,1.3457911664720705,1.45739588385234,1.506407795271081,1.7327900825845715,2.257598614193712,2.625735376391442,21.27971383894089,8.288966371037178,7.9844766560018305,9.567251012658103,8.371075519593155,7.352490927396373,6.6896081643199,6.323475046941407,5.782843767186461,5.389974343219753,5.046395111049364,4.795472200882
3.325,7.194594547058135,0.04863679077417664,7.429532372991248,4.657087821622589,4.2884622321227965,4.158940324746485,3.8824047857359965,3.7402093833187284,3.523096234917234,3.293895949239827,3.1920110133377726,3.0671580457307464,2.9033903835411805,2.8170794607730603,2.7514300849174758,2.612293368399288,2.467319138449614,2.4170627342427986,2.275687908039165,2.184952605172615,2.117568134506938,2.0465765125330933,2.0038616413594355,1.9568774154532238,1.8947032728189388,1.881481229634692,1.7266394134253165,1.8338583384822775,1.700999507318934,1.6795458432689905,1.6903057908409354,1.6164046898582605,1.6003057789498465,1.6154030046823946,1.5369233517212484,1.545771699268949,1.5655247667547394,1.509840736317106,1.4188880987050787,1.4950934871129424,1.4360680909294312,1.4384371375244283,1.4422054483410058,1.4438501791873022,1.4576516476754935,1.4016268187433725,1.389942918324334,1.3773957007642812,1.4034784161946285,1.4282413605601212,1.4300316901125416,1.3754262501577563,1.3745420345991577,1.4398738020943744,1.4502269968444967,1.4789768729372592,1.4592013207227947,1.4635883918951211,1.4875787752683964,1.4958270986568598,1.4985443333961828,1.5337918028355122,1.5212901801003291,1.6180220173080113,1.6424610377512976,1.6217294570428542,1.6921067694801524,1.7922595713043612,1.8279210664693013,1.8008865191291124,1.913838077341764,1.9259512641674839,2.017408400218435,2.1325703915031538,2.146439734420853,2.2996200719023063,2.371181439496846,2.510534333682108,2.6034577128013074,2.815324432946926,2.995540799861209,3.1171530896266266,3.3501692096448314,3.585696116595109,3.7447547915065496,4.044178845490477,4.301110965427895,4.497442727145798,4.965563011834265,5.236397660192341,5.61417630082966,6.045454972066051,6.623430728788281,6.947376594539313,7.390715172456965,7.698263002618084,8.108706829016356,8.443898921972128,8.902555021816069,9.353148671932773,9.784965541402846,3.133019988941927,2.47600298410354,2.251661061637002,1.9606448181176142,1.9695194273648249,1.7391761595542303,1.6339625689369353,1.4980350341076012,1.4851620948588595,1.3236456419791007,1.176671810029013,1.2493743905668764,1.1966770283694002,1.0394041892796504,1.031131614212713,1.0403903667107124,1.0350242421210292,0.9512057507636461,0.9451360568854754,0.8980283130696954,0.8052415546531233,0.8476877867498566,0.8440212879301553,0.8651616684707355,0.8620623948081636,0.7634077955111553,0.7802481978999469,0.7645228094999794,0.7717371507627561,0.6995018981240788,0.7853182782859589,0.7931513177168227,0.7758267683398827,0.7531122104370127,0.7724429242080756,0.6911544563665509,0.6940019388326489,0.6887659845168078,0.7686436197744629,0.7821742682426375,0.7691176088767536,0.770151733360271,0.7730704839315665,0.7787428617355414,0.778718596716621,0.7699981540121167,0.7710645029194236,0.7654886771852254,0.7916492964456773,0.7833578685519775,0.8080796414445518,0.8481557589132862,0.843093993160817,0.9222689435909339,0.9259600274797362,0.9463838622797602,0.9583872186845647,0.9430362339392139,1.0351790426068403,1.1319603215429146,1.0779068494040558,1.233877018081674,1.21383403978328,1.1932404524638414,1.3959034610410133,1.5294575294958705,1.6872836508972886,1.785515100688007,2.0727487343624986,2.686146938409934,15.429108539889496,8.048053336225333,10.585289601545114,9.301187849587437,8.052205828733308,7.134689866762578,6.639030961311392,6.186439025490291,5.688913824331509,5.50016873942456,5.093623427478773,4.887875480341816
3.35,7.221628828879361,0.048005588354575295,7.439530452638282,4.696627866036073,4.379480002662669,4.200658807525073,4.007646075526254,3.784577652759019,3.531780367475088,3.3601433608568185,3.243272422571594,3.061780759882968,2.950550453991432,2.773452345087433,2.6193284795138245,2.6098783635494365,2.4133352571484776,2.3265205384097647,2.3453107693852187,2.224172922668818,2.101664855460331,2.1323774074203166,2.0476812262997623,1.9790927030649246,1.8948910693182262,1.8825805000288331,1.8081124472962082,1.7453299748851931,1.6504266806019912,1.7246224901923848,1.6676324507273645,1.6082466513169376,1.5846946769198802,1.5816434148290788,1.5545271109424734,1.531068337620925,1.5451808035488392,1.4700642655328582,1.510053889234669,1.4525436453258305,1.5141813379081837,1.4052815165525447,1.4104000777644858,1.424438773241628,1.431928777384562,1.4528842169639418,1.3691293753457494,1.3742612147145716,1.3732507496800328,1.4622956217612775,1.3732720820164228,1.3950390506625332,1.4517583532583955,1.3432038927541536,1.4398170424173555,1.432947801210627,1.427201288193887,1.4413805925014096,1.46422121423829,1.507755056567885,1.4901684752133009,1.5800932476748721,1.564335251857459,1.5671110593341162,1.624584515031455,1.633943581111007,1.687881514448542,1.6723964603580628,1.7751461955210417,1.7855792936162516,1.8331870735839793,2.020649048005876,2.0360576500370136,2.137086164234335,2.1994108164269863,2.3552855132984933,2.4225787700747428,2.5813698141108263,2.603887525372976,2.8622376663760556,2.960187091905366,3.1374061061360266,3.3003916136030083,3.5840170069005715,3.6856768172223258,4.0396735684830904,4.247373466741374,4.608808806155555,4.988222510601268,5.302605038795615,5.64778866290744,6.10166453306071,6.583583653841588,6.916933979231766,7.334473459404632,7.692929209607798,8.075970555463073,8.407685202787198,8.891458799663798,9.33836483725105,9.78062652734264,2.9464090949008317,2.4890677047692615,2.3288601575804506,2.0630728487245538,1.807915967779036,1.8443690214446173,1.5948900723238422,1.5910177165160773,1.3489888742391953,1.3409779632620078,1.3469819171317021,1.230301137657359,1.0684512650945321,1.1300629257267565,1.05313341451663,1.0784900941079474,1.0104964846924882,0.917383929299068,0.9181974714100786,0.9255291119610265,0.9353182599653618,0.9340338404874672,0.8587113545435803,0.8544469604177211,0.766484417807732,0.8053558909915879,0.799029342976389,0.7983187053424216,0.846074045937882,0.7561342369204724,0.7618873339346209,0.7779193783742226,0.7666985374633697,0.7825691302168414,0.6938743758975414,0.6814022835248384,0.6991118013063868,0.7735748442367107,0.7695299627716734,0.7764841718654705,0.7762382790507385,0.7750048989773964,0.7731449752474451,0.7633676130145506,0.8037463260469454,0.8184768370661052,0.8095235511202065,0.8574796488092918,0.838056224521251,0.8410495576006174,0.8522979734699911,0.8492242400099214,0.854083814230118,0.9259160943675774,0.9533211455521605,0.9746599760970093,0.9473644274729324,1.0261002441716938,1.037261633512699,1.1385424162519093,1.0531691041718612,1.2197843149609164,1.2212162712396852,1.36269552211083,1.4233437190986862,1.5143271964878953,1.6511053094972505,1.843835344152269,2.1210753266976985,2.670343516294319,14.501089762286373,8.159321267157878,10.305175457696878,8.967736181647599,7.957338650807406,7.205400574131252,6.668321473803518,6.116763975199436,5.760278924496518,5.396583270065686,5.167317663175257,4.791126037383112
3.375,7.246907357685648,0.04821469866794037,7.449528532285316,4.616611801937197,4.443483615870958,4.2170526348535695,3.9565975072635773,3.7788211712049318,3.6105501074109663,3.4908776983115697,3.2329377472359067,3.060916605342223,2.933352096548563,2.795499292278148,2.7495281228472854,2.549099412571657,2.4976926234362895,2.3357614029909173,2.271766338283057,2.2379955441429344,2.1296337747208614,2.0621437197417967,2.0545025763262466,1.8690777482094134,1.8983605429384696,1.8014665866731723,1.825416228136165,1.755015064661709,1.6410735096808469,1.7336650149608364,1.5991819231365136,1.6213092654093508,1.612218678343103,1.5334129530281457,1.5490393720120195,1.5308904048506766,1.5571779857495498,1.475848561175748,1.404102716163887,1.4695875834593695,1.4825503959286688,1.4206396940500587,1.419999785018792,1.3382382276694484,1.354338254872501,1.3800998695729534,1.372685525601246,1.3813344433130395,1.3970528208889896,1.320518125140555,1.3972657513200395,1.437857665591563,1.4188883653123756,1.4133752249786073,1.379555628505978,1.3743841451432761,1.4632320114034183,1.4569890153407603,1.4766567885144697,1.4946625454536309,1.5736900570977794,1.5351437547310445,1.5844422741171524,1.5793201079179187,1.6051591438838382,1.7129699737324693,1.7058815734621813,1.7115458155086472,1.7896756464427583,1.8197455651637773,1.9032997868868018,2.0357706395418393,2.0597746283226974,2.065490363404346,2.2026279401572237,2.3056006162062044,2.4734792430766532,2.4712780086166535,2.701797147831202,2.7474506485333055,2.988641613287183,3.103517344308452,3.345605975056873,3.476817904340879,3.802328698101559,4.020816315763603,4.2152455482109845,4.57081187367058,4.923409689625547,5.2053536969033525,5.70624903193012,6.16185734314618,6.502925502146339,6.922570403571716,7.286773565377638,7.591901830126227,7.930144986393658,8.432594988130658,8.761639082302088,9.287366775226856,9.737643414283163,2.753069519938516,2.380082236762583,2.156003517027313,2.0004263695590367,1.8732589452169475,1.644174269242215,1.6476307014166491,1.4243452198189845,1.4277103593071732,1.3734083821731056,1.2624080714094323,1.2562725005842803,1.2498066496936329,1.2052987540086084,1.1138407565829036,1.0331846371941438,0.9695238324500632,0.9631159138302718,0.9766911180488995,0.9833870694674464,0.8774143790994676,0.8847608109228421,0.8394814790756042,0.8732160965971024,0.8265653492135201,0.8637050944467709,0.8123701466114319,0.8192779156370203,0.7928757625058442,0.8074174139352563,0.7346877522600054,0.7184902611874473,0.7147533486350544,0.7386778192747114,0.8171187769663664,0.8097853158633351,0.794425509440905,0.8126763723570072,0.7218852109416928,0.7114542055550959,0.7125445504814124,0.7271391452702509,0.7362364450401517,0.7240444329647006,0.7992383542133704,0.8030247717379121,0.8156395577768254,0.8014640389260453,0.7998273141792019,0.8190791876417162,0.8854850329104208,0.9045211772823805,0.9176804229776584,0.9171129112754386,0.8844910064666563,0.9561440372540337,0.9615570129112114,1.0459388633757327,1.0223341951128633,1.0569076942554902,1.1992843070912813,1.2378475699490008,1.2485502198175489,1.373188337825738,1.3484605527330087,1.5102187455382012,1.5339151527583716,1.7226996450940255,2.1042651377878516,2.7273543993311264,13.738707382951521,8.268077985558408,10.072588799343738,8.73789901944999,7.874596443649977,7.182931422532269,6.604644430618611,6.209263013786791,5.8190552866134135,5.536617034927728,5.328129798676673,4.93502629517063
3.4,7.270640654712192,0.0440483290322415,7.461424206271608,4.739269159508289,4.501725406745049,4.2481587020451155,4.033250339565914,3.8702005404914015,3.6177309959546227,3.3716302926358916,3.3283795307182937,3.14561800211495,2.975978369204886,2.8976690340731794,2.7679947920119337,2.672671455278405,2.491840514632608,2.424102082075643,2.2681873774691854,2.233710069762239,2.1282690431444773,2.0181731275081707,2.0467411988338355,1.8860326208769922,1.9318407204899708,1.833256323673584,1.8366267745278617,1.7067675511983313,1.7298803267335747,1.6907273850265265,1.6033473338952593,1.5912987118809108,1.613223092325796,1.5075459258612118,1.5271134355252949,1.485036423054643,1.4623331344195245,1.4747990372600726,1.3971107663544222,1.404856125270817,1.4244668345824385,1.4207017693336754,1.4022333628028973,1.3355315920757342,1.363762985001185,1.3652868649717576,1.3558609302091504,1.397527890323935,1.398287515144006,1.3213550883673228,1.3415199531181143,1.3365218930059166,1.4144267676004327,1.3418934872082067,1.364976966384414,1.3805914272780107,1.386163660747961,1.4742658246446092,1.4817454757199722,1.4861446502040583,1.504764659674168,1.4896702201306544,1.5918292578786974,1.5929104231486437,1.6038026944789145,1.6053274717917123,1.7395225188172712,1.71977333709663,1.7862312090850263,1.849071033046353,1.886426484854426,1.9183637081624851,2.1174182663348597,2.100666730856037,2.2429238047291546,2.3429055254555915,2.524714930959307,2.5190944071593826,2.7381186706711276,2.854676605016229,2.9272237495680944,3.1677074185378893,3.284467274779218,3.5401565435167814,3.7751605103925856,3.9484733752536525,4.289129532043744,4.5800709633541326,4.886637674881674,5.243730990991383,5.630860921881443,6.185771760989074,6.5371251620632105,6.893870181812096,7.198210678568907,7.519354685550225,7.9341690889279475,8.202986554863216,8.672737430925281,9.19192713514604,9.722748657173792,3.1663668446265056,2.597264433439124,2.2081135494718027,1.9396281573669665,1.8356389647045512,1.6893526505396006,1.5671067948875208,1.5055683683515426,1.419472275934294,1.3495991141332722,1.3388310570476813,1.2963760613516173,1.1865927415202635,1.1058581751398384,1.0559488796099699,1.1515764496084913,1.0792093385237589,0.985712497493634,0.9268102029347834,0.9499757555338193,0.8539695565776337,0.8611055310583821,0.85915075683619,0.8950185447085348,0.8234737863073697,0.8256895341662642,0.8183156033857378,0.8281294697611457,0.742698048227888,0.740971070655417,0.7432299796210986,0.8248002868583465,0.8135725953673034,0.8252001266071837,0.7568178771080236,0.736827768692286,0.7388453131984108,0.7505449980108805,0.7572723574584791,0.7439157520136912,0.7394337950078202,0.8348128250309502,0.8332054817830459,0.8146226203877469,0.8011692449879375,0.8223782318240367,0.8221051758636662,0.8170189540536732,0.8445966340854778,0.8445641052585279,0.8612017144471923,0.8618676917324175,0.8663477466967148,0.9150057318363038,0.915100748121105,0.9783763509604476,0.9930311324000349,1.0114889596493088,1.119877449535879,1.1064264635644314,1.2055546291686663,1.2314313520340123,1.2423811847557158,1.3106200672750468,1.3444936625579127,1.4769154645362124,1.6858193012771916,1.8232968893987724,2.008617180648686,2.498668478105338,8.883162854278329,8.37533823093992,9.888714265243252,8.779825011409676,7.9405050365493155,7.282207940612003,6.745295807739085,6.273938154939661,5.88517977111572,5.524351294385671,5.309372468748442,4.918446952997989
3.425,7.292998886433737,0.04640920599876641,7.475890054522131,4.8909271384115085,4.577207938892482,4.296611571560139,4.149001149340626,3.9212178138328393,3.7171698427266797,3.503689584511017,3.3100387658109987,3.108791271591189,3.0511994388054937,2.8653161806517216,2.62332457618762,2.560898480589998,2.517549421159861,2.5007052038537205,2.2622120794451854,2.1507180052111443,2.2369198783318045,2.02673334641033,2.0281314977509486,1.9203250719930054,1.8666030107247407,1.7896003129153077,1.8182323774138016,1.7085016763768506,1.7321928656318781,1.7293532443357553,1.65400682345927,1.5563665793765005,1.595633073483899,1.5164440600535323,1.5129488314463246,1.4335805237583557,1.4753488878810077,1.4766018913435563,1.453034004743143,1.3948913732989763,1.3344334239136455,1.3269667925346087,1.4259784483353528,1.3643583866879938,1.3741923795331035,1.3438264202050096,1.3780409362846107,1.385648225512742,1.383350657586046,1.367951201816977,1.3398021677421827,1.3378662162277941,1.325836869397847,1.4333897366001835,1.4230918078767016,1.4361275062478147,1.368754166851275,1.3804723275862347,1.4653823119774037,1.4959552536182452,1.5059726732539211,1.4995625254847866,1.5045996952711576,1.6094978021386308,1.6302683162316554,1.6297547286573912,1.6083602479325754,1.7460510474877866,1.7258764572938294,1.7991444106707435,1.976110401354323,1.9671150816941223,2.0960232689081515,2.1455731037242214,2.3196769719104955,2.3718952713486976,2.4359519659468014,2.642016639052701,2.6867557237655824,2.7498282686909574,3.0039853643480092,3.0746326800829036,3.3768575707263135,3.514930885454714,3.694675782542902,3.8757031827145467,4.295695284807037,4.480216358207171,4.877564224200891,5.1879268721230165,5.5969646491462015,6.0895769560267725,6.4378531356186555,6.728736223404691,7.0940770609702355,7.393262536422101,7.77073929656039,8.221620284864946,8.604924403927368,9.07494488853253,9.544298180639196,2.987450102664879,2.459634685893727,2.0655213368514627,2.0111227180262925,1.77976749996902,1.7258947732177423,1.569289448529651,1.5840485761260017,1.3657760320084578,1.3098258595527161,1.3567053825378432,1.2295928411118369,1.1376875499678487,1.1561784054029756,1.1603713079716955,1.0768664440658489,1.0205153098877402,1.0006756949126523,1.0129123698506564,1.0064577921019353,0.9270239755025088,0.9134441986314387,0.9406081047401446,0.8503840800471197,0.8484713492729984,0.8590681015536447,0.7730110804721212,0.7718061192089937,0.8422085006811237,0.8603908678664822,0.8513671011479345,0.7545495590655565,0.7785571838381892,0.7648859346247413,0.7594104470912688,0.7699482816733061,0.7549228708254989,0.7701525441540015,0.8578997184611817,0.7749866488656715,0.770837147336354,0.7743098122439127,0.7669928626079688,0.7617182391069682,0.7848059921220791,0.774764224442335,0.7686192384632905,0.8383094100265783,0.8403406439525075,0.86314567259328,0.8314239166524794,0.8608478330135733,0.8495713461148582,0.9434510755787548,1.0129036376845533,1.0055484554031975,1.0216947287507936,1.0277768756350536,1.0892463468678009,1.132389496211342,1.1917653743444254,1.2188458183224105,1.2068598369561205,1.3449863718841706,1.3506902915626642,1.5576399936453182,1.6597973530874761,1.8261910035931117,2.0001480775902625,2.3311711714184713,8.835660687177091,8.482434383718546,9.98002498227702,8.780337457910006,7.90457711403507,7.254574215186807,6.705121922426841,6.3830147930309415,5.973158236859229,5.685367672171085,5.364857005573506,5.025262532926831
3.45,7.314081028134278,0.048177331147240765,7.485533953355814,4.890466719163468,4.6793650257821335,4.33610322001769,4.0780303703942735,3.939449729285551,3.651991046348553,3.5442736883900863,3.27979539436618,3.2595432278601595,2.9385620169129463,2.8643359241359616,2.748727114603239,2.5849882132011186,2.474283357602321,2.452150215771742,2.331354638125885,2.1937022824764796,2.1700948647377105,2.097159640003164,1.9822213799724422,1.9570200427403919,1.8965480488861273,1.8197283947972607,1.857923739556848,1.7547536258283263,1.6271766987759815,1.6895373286779418,1.6094559863931546,1.514092838351507,1.5557258424963931,1.5662607068039913,1.469662673944771,1.484464322294868,1.3862069076847419,1.429723625905515,1.4200400246088039,1.4193243692871402,1.4282961533035152,1.354565858035539,1.3783290630389498,1.3654682914884448,1.3821694707757213,1.2972921359896856,1.3149354795343509,1.3221607597310416,1.300206715519262,1.3303057568929553,1.339074459452605,1.346883578451341,1.3806837532619203,1.3839797132662617,1.440856312487646,1.3979683529019373,1.3824313977120395,1.4000911011158976,1.4115354850476909,1.4916376356305885,1.5225644014538606,1.530466640027198,1.5309166728507404,1.5207989359774405,1.633373654205284,1.6405561448190311,1.7080915256065041,1.8092141530244497,1.8235483127140626,1.8307408448974398,1.955920030706533,1.9783576254475963,2.1579494723567065,2.1676845061881407,2.273018720277378,2.2592643710497424,2.434490274613995,2.5382888339182097,2.5698812663945274,2.8050391521411613,2.9196320219120477,3.0003385117381414,3.3141414705555112,3.467214474472839,3.6159348802664137,3.9909735716089947,4.255289091961019,4.483488562592849,4.824783559455902,5.2260080738071695,5.6660298024323,5.877188805138439,6.261205228238623,6.68455732632932,7.067059707930503,7.428086687137757,7.707487524488929,8.051668400154742,8.433930062048129,9.021110484909634,9.527904680126644,3.8189905857518034,2.8428237640586627,2.2845085122031534,1.8819133887437194,1.80913470973117,1.6562492533973117,1.6511869229939624,1.417440446823467,1.4380917813491136,1.3654186065875131,1.2045794561817513,1.2083416222240582,1.205887273903124,1.1286990850265366,1.0516767241754876,1.0652706416106086,1.031684836504589,1.0742449777662277,0.9934825233390204,0.9917220368072954,0.9112991635131988,0.9074419154663478,0.8819533173857095,0.9003032796150926,0.8978856016571328,0.8744998224723218,0.8797818315113474,0.805725549763642,0.7925630411215272,0.8179007506187456,0.823221190632269,0.807788268463059,0.7071106602837132,0.7272232895869987,0.8093367405900106,0.8075602087203767,0.7908277760216924,0.7970777806609181,0.7999054449785935,0.815707164315704,0.8091422031840368,0.8060611261487745,0.8007729051742007,0.8152986510594378,0.8666608296661603,0.8271976246469048,0.8377476369673141,0.8712227918194023,0.8819114766554728,0.8862597380726911,0.8901512103073905,0.8776397700886372,0.9560312094806154,0.9623381213235841,0.9876971778639745,0.9774434304613027,0.9849347926630575,1.0315528132587144,1.096404474045345,1.1026767294160245,1.1211708082604852,1.276556576406366,1.2999568854242602,1.2966584673103765,1.4821302887436933,1.4712552790538604,1.6415787209476873,1.8441796876256704,2.006154812789289,2.322206421643292,2.791917433600702,8.58979333520411,9.820086400683861,8.781724253577906,7.899146032482603,7.431125599425358,6.913169491120535,6.36733435669516,6.115818739190361,5.721690571825038,5.492520935923537,5.136987598597955
3.475,7.33404011461928,0.049212491628949,7.495177852189497,4.982817228001977,4.671837332026866,4.470320979286788,4.224131900030802,3.96450296383223,3.741165429206765,3.5407458189841234,3.3957125097077663,3.1651596671476145,2.9765285853263523,2.9624198393552366,2.768429846477891,2.651374517648242,2.467864294058936,2.382475068454046,2.342980316950045,2.1823140264105003,2.1328730081970932,2.1203849582058756,2.023450977064823,2.0019374540724493,1.8817251122723977,1.8200855264901548,1.817449352827706,1.7366620739218466,1.6361867061610844,1.6051542602130269,1.6124890906890523,1.5937838676889406,1.5157347918066335,1.5292713179884123,1.4948606659469859,1.4834319837952907,1.3935822675773442,1.409723491891215,1.4267274370740446,1.4086286820427378,1.421052050024101,1.355642343023499,1.358495960732008,1.2938567749800773,1.3663725837429264,1.404138847886411,1.3291901312943835,1.332993745305712,1.3501040190938982,1.3399907430374267,1.4216766846838391,1.3684633623218436,1.371150836495172,1.3568908658158858,1.4121891125189758,1.39746778577882,1.4086979914957123,1.4254565950843112,1.425134526076453,1.414365944691279,1.5025872115733678,1.5175147160616205,1.5212182650543942,1.5929911858647416,1.6205149684807367,1.6327148763750077,1.7216338938905598,1.7185899746196243,1.8310585105047337,1.830360213125341,1.89414490436045,2.0683763922576404,2.0805224223225083,2.1598773041053856,2.282933049653512,2.3165803512116656,2.4068653936901714,2.5739231410670245,2.7155549329304827,2.7956951084700106,2.9959988269338216,3.120447022132729,3.29775861947368,3.425666224072416,3.7511160551397826,3.946779888191768,4.179183810398338,4.442635764143759,4.814455610658523,5.181412201039314,5.665196196877817,5.937857750451277,6.360028775160544,6.545912139818932,6.928002577017601,7.213356252348356,7.601577232258122,7.980005772181034,8.404971133734312,8.879130920395044,9.608279444764621,3.612545468521964,2.668781106326863,2.0796561848328174,2.027193368264241,1.7026720126424857,1.6948553596534235,1.4877805431079236,1.4837180525686904,1.406093919415448,1.2476649004406855,1.301838178149602,1.232356041821876,1.1876444724113542,1.1101724335460308,1.091534229508012,1.0830478329656748,1.081435755392227,1.0031518228399174,0.9171512029102925,0.9749877273379578,0.9198108770499775,0.9972536092976337,0.9082736831097524,0.8979632151505227,0.8908669175812559,0.8372108758653024,0.8385763314824736,0.8606645813232877,0.8620437760114026,0.899405048431977,0.8298242273272578,0.838169468552604,0.816828067539417,0.8132985745889597,0.8459191861493004,0.8405615055995166,0.752087639492183,0.7506668879776269,0.7451466116230251,0.7426141356460879,0.736053522314218,0.8304833485503935,0.8235693272932743,0.7938057273715857,0.8155819809119005,0.8500001392834493,0.8370822234609692,0.8155238634293701,0.8466599609849225,0.8448456647448962,0.9441804314123623,0.9421806202557317,0.9415399203578512,0.9510191669278625,0.9924131764755937,0.9717939929766352,0.9819390248945539,1.0663155728357132,1.0760407402880912,1.1566750688596394,1.160935089630451,1.227578742271494,1.3375012992694624,1.4122560562069888,1.47459333646238,1.5075537647887598,1.6641792166325469,1.669606295487989,1.9631852715946059,2.1997483841285943,2.678803909161513,8.698438589800661,9.802003235624326,8.867070358824256,8.097350753106669,7.453378744173962,6.901900359707098,6.545882598462639,6.192864081801686,5.866727887118974,5.4812564016266805,5.220143698365861
3.5,7.352768747135493,0.016482226809873147,7.250170111006916,5.001760820833326,4.736731708591992,4.464724075497206,4.308077990173956,3.9807005359651195,3.8549410292090367,3.631309518578265,3.4434118294755183,3.1378312816600777,3.06333934101793,2.9435092626674746,2.7867390479371816,2.6921630481372594,2.4963402400905843,2.3978040068257624,2.3477480101379022,2.1804218194221847,2.1744173551418284,2.133128478592097,1.9970573402146021,1.9062554792192081,1.9115442570596684,1.8308971303525963,1.679778339577227,1.7656776957414302,1.6307363152427297,1.5569973828137236,1.5708802911170106,1.5386769138873533,1.5380897132045055,1.4505228537810841,1.422992350792388,1.497563474022685,1.4114451742181755,1.4114357127161343,1.3781621114563942,1.3723229077743302,1.442575417067026,1.3905087207288405,1.3893431572417558,1.3114075817355733,1.2932062118038776,1.33361528414219,1.3429567464802958,1.344610013180912,1.3598539179785947,1.2711864705629534,1.301601737705455,1.407094134687758,1.3858771621516799,1.4069661518038419,1.3429781938018408,1.304727582691872,1.4165014427866054,1.452624066742561,1.4431563336788344,1.434339810138986,1.455017475962469,1.5828519278093875,1.578024102018638,1.5781498383308317,1.6475368351835789,1.6854364093123182,1.7247980440429629,1.752622475007809,1.735720065812316,1.934553080083841,1.9644357938164794,1.9981404057345025,2.097704941761901,2.177012305197379,2.1989199950344616,2.2851295676672754,2.47011174433351,2.517597253934431,2.6088349034370593,2.8551605481642017,2.997081969065171,3.0566175512170486,3.238183283836912,3.337149391183897,3.6809958605052353,3.935710724042775,4.172072985227761,4.413914920447149,4.728879524154017,5.147786759491917,5.471481553679898,5.891719909608629,6.171894887447496,6.567238610835613,6.764163724521243,7.199916042971097,7.522869136916018,7.8432614568296195,8.444038981946672,8.854743229522853,9.611560730860035,3.477655093531914,2.5010979244391187,2.3165079058591354,1.9088354689934148,1.8285801573631897,1.5367121497469896,1.5394609068752734,1.4575471130695044,1.3497643949582314,1.3562012755845176,1.2357730047009414,1.1798548857584847,1.1437972325468557,1.1475093641190834,1.136344821309643,1.0629930729937107,0.9683348598375217,0.9808522695753287,0.951180115159986,1.0440371435970213,0.9675963692928112,0.9638895110189246,0.8657158586096707,0.9004811860263496,0.8767195886253414,0.8684883378973971,0.8788601367201707,0.8786889752393541,0.884226097346161,0.884674310578053,0.7890172604408527,0.7954283792358104,0.7981124758118516,0.8216604087485666,0.799914791384359,0.8780662187971443,0.884513117933576,0.7935560202802608,0.7852613277355404,0.7998231986961827,0.7942077759104137,0.7885205109235149,0.7975102247534344,0.7938604183888757,0.8193367202839564,0.8049966227339815,0.7968931896373183,0.8830702666006626,0.8778785661915643,0.8753400162244669,0.8744379393762773,0.8857854788876318,0.8695696388811669,0.95477862916819,1.0490358949537495,1.0418172918639026,1.067378224450912,1.0584406984112877,1.0537815405370787,1.0996334014219245,1.254088233370546,1.284656655457064,1.2824412976190238,1.2965072651576532,1.4790375108139913,1.6062236374890517,1.6794436208930188,1.8233127514834235,2.0287990639785365,2.3302495586366407,2.5251855591796506,8.808434449448358,9.681132801149003,8.750478757565352,8.073195315977001,7.544177808968499,7.02885153831561,6.613525664275268,6.267442057048995,5.950422673010119,5.565876927590444,5.316910508721654
3.525,7.3113966344448205,0.011142605287657991,7.250783711324032,5.004970803806613,4.8028438927597845,4.536023915756128,4.236483275383488,4.118951368816269,3.8141170368061075,3.61149665158992,3.3160171462829386,3.2403173881876928,3.1076053811311963,2.938968766617541,2.823863234773817,2.632797906116775,2.473185858467233,2.387143844926064,2.3708891681215096,2.2227321565906832,2.096027202979515,2.063680038594331,1.970229624518871,1.8042626353520181,1.8837419075385247,1.7843956202435702,1.685127705158135,1.667971104707075,1.6746860450777528,1.5968995424650494,1.563396417037268,1.5563521400492477,1.5698247717749285,1.4707072372103498,1.415754707548497,1.4194237456853935,1.4633026260463693,1.4157342590248414,1.381659196716009,1.3762664826604072,1.3693942365633889,1.3996761825894861,1.3791270784408263,1.3152079283079001,1.3380767105917954,1.3440048449276034,1.3341171086833195,1.3777227027539114,1.370754337745779,1.364417742417748,1.3091832176044595,1.3225673181108433,1.3826226753602542,1.409798919159649,1.4076640802905993,1.4277788524439272,1.3733754403838399,1.4455272548764968,1.472356569909144,1.4695265845255348,1.4908587884973057,1.513462992336243,1.6184666923631703,1.5998850117106262,1.6761789496147415,1.6760684925572344,1.7542712012616357,1.7981370297617227,1.8686875964746843,1.8453606787316428,1.9735188810559143,2.0567551805265145,2.0601683360984393,2.1654142973183994,2.289985509504967,2.329607371360544,2.381385895147898,2.514862074180045,2.702777682066515,2.840683128982692,2.881799072567185,3.0246572564540686,3.287894077219247,3.496163603235001,3.7144029146082276,3.896166655239142,4.188721886230579,4.466222608427287,4.805711027409522,5.230976914251003,5.4299205413073794,5.779279201217157,6.095220002200613,6.440743295045276,6.641351501913875,6.99948488461984,7.51511439072708,7.802254563795894,8.228703878151158,8.868257354733865,9.429413803828954,3.245774223637977,2.692920484867758,2.3448375789232934,1.8540653347025708,1.7907412672379812,1.6885018688243,1.428110765960722,1.4044150195946221,1.400180682904034,1.2541070995658434,1.1930766263965689,1.153962907805678,1.1742125242632047,1.1376649566667778,1.051796417498475,0.9988129525824421,0.9911718174577334,1.0741028114649454,0.9692497990355625,0.9098464426594741,0.9037982562579201,0.9120017813972525,0.8349193636230801,0.910764982316812,0.9202155824498842,0.9241924754773427,0.8522792041171524,0.8144623609187769,0.8260031524939127,0.8085760863080391,0.8107052477945674,0.8221362418762238,0.8400504545229723,0.81935408190919,0.8148062205333768,0.8190727819227828,0.837012907869278,0.8147815789537567,0.811301470638063,0.8393115980522018,0.8611525882334663,0.9163968370711123,0.8245219186756683,0.8392736878658223,0.8277260714885707,0.8312020430341391,0.8218998712174204,0.926746047265868,0.9146327015573973,0.9229705260608556,0.915609083651095,0.9176165730959058,1.0031044021717186,1.0221393606947176,1.0197182025288793,1.0210926178191564,1.0432267014360241,1.0633718788614068,1.127147388038829,1.137377039309442,1.2384822840653475,1.2339140433179372,1.3225778210849004,1.3632356818188356,1.4221027210658863,1.5797175679106434,1.610678977720138,1.8383874434198597,1.9851545022539119,2.2944655031725034,2.6614864375765266,10.819514724721374,9.564558229551789,8.712350521560488,8.066170092070054,7.441069119708651,7.020522637531828,6.663494966113476,6.370886282437393,6.065206963080998,5.6304610938045725,5.295525350424283
3.55,7.286991583482731,0.005243220065577973,7.2513973116411465,5.094040363181724,4.801882421991002,4.628728501956612,4.319103987003951,4.063141661879891,3.7804598215715135,3.6923275962183983,3.466230077935996,3.309873494388663,3.098016361045574,2.856835084078811,2.765504626623056,2.647292247717435,2.5531459204670988,2.3940278968599538,2.3093035595823936,2.227592036998724,2.10179504534591,1.9767673965021961,2.0128856085282494,1.8926437110794259,1.8204974912294642,1.8448090808917097,1.7007065411854672,1.6623294740549002,1.6927243985818035,1.593591478164738,1.5527482962353856,1.500676573736425,1.5557763282675359,1.4733002787025362,1.4644416066155774,1.42176019861121,1.453975909461334,1.427117804724221,1.4511890095254163,1.362454028836796,1.3616415703167986,1.3515261275318546,1.4039737180578697,1.3998044231899271,1.3149755656829043,1.3428036311162561,1.350451462001587,1.3343966945864747,1.4097005177375443,1.3569147498056815,1.3500561487283007,1.350033402507987,1.3186923347430577,1.3933048722707675,1.3969630441034382,1.4086085612682324,1.4088395294264742,1.4190314163965587,1.4992105667116196,1.5176289984743603,1.5221756181878856,1.5696666306231752,1.5473542218206837,1.666159951956928,1.6511759237159604,1.7297122564583782,1.7324502684996748,1.79959513988198,1.8391182735509375,1.9248413549280152,1.976065165001259,1.9967878968886366,2.1096480596595297,2.1873135610419534,2.253396602017566,2.304833295730509,2.456274725887312,2.6004476305896658,2.640659930490231,2.759821626989746,2.8931423153562257,2.966301958954053,3.300148138099594,3.462141126475381,3.6936025721074803,3.8397542307872246,4.184344717876293,4.478660331822483,4.823203349377456,5.152063238521421,5.487529019106785,5.747938949010769,5.979139937522254,6.330684900634387,6.667869987982196,6.9625893551697855,7.317200640262029,7.804452425726671,8.223191985595562,8.836365061736082,9.409674687233885,3.185459048899102,2.879987588830704,2.1630986888585397,2.139186549179146,1.7407009508575575,1.6091895779765462,1.5728527508651753,1.4206498990981131,1.2189730247271935,1.2446355736753352,1.2235512968083786,1.1522358574628146,1.1152614137831616,1.0487811869304318,1.0577882153550149,1.1022112403944888,0.9830976793815205,0.9234212239763185,0.9231682743604944,0.8675668838305073,0.9111087374362836,0.90483786213722,0.9057955605251727,0.911365994419235,0.8226197541837966,0.8245526100395983,0.8125016346688968,0.8176120657039551,0.7966854330668812,0.8368459548064265,0.8429704990784788,0.8120250067727176,0.8409485583820924,0.820141392829618,0.8483284870694529,0.8202216678866939,0.7471821827290672,0.7287897824812399,0.8219179404641378,0.8446700907985507,0.8240633887030123,0.8412294940066983,0.8453591651938192,0.8384945105593977,0.8194187385195378,0.8163861961528811,0.8293527625240769,0.9613351759802573,0.9502698149912888,0.92323212722361,0.9615930209442662,0.9138435923119,0.9650286168051058,0.9645705501933026,0.9905419868456055,0.9901484294084648,1.059427792276617,1.1618545945433258,1.106480150452485,1.1601202948751552,1.1443748428118719,1.2784158212448455,1.321945522342122,1.3358270155062302,1.5046237104963591,1.516798228826794,1.5887790931946077,1.7907295553132259,1.9851921158038954,2.2933668481166842,2.5443179943456284,10.739695230900725,9.576290447626238,8.721366533655365,8.149640118916693,7.5873163082641675,7.151286992616647,6.790344630113438,6.377107097763403,6.0076996528592135,5.8334919808784065,5.444608046505963
3.575,7.272745575775455,0.0007659174658623636,7.252010911958262,5.205237034689971,4.90660854591241,4.61763981101412,4.382488188711594,4.122205932870692,3.8796828529564156,3.739252498946355,3.498412018544009,3.3305333492044036,3.09746418504063,2.8757734242442226,2.772112251543771,2.7094794429747076,2.524216755722663,2.325469003689815,2.339330784157565,2.1251807121579662,2.1059527624542898,2.0322402096103636,1.8914156919490843,1.8704913470458986,1.826261818347557,1.746933539563561,1.7582582485773137,1.672143694255525,1.5964518041561917,1.5978700275706874,1.5461812863685542,1.5602659531475174,1.4778672484742454,1.4684821705896183,1.5048296387858384,1.4228130367438236,1.4128561787223979,1.3231685480833177,1.4249445516146153,1.4507017219909082,1.328410579431857,1.3537703437030186,1.2992773440546381,1.393701838795081,1.3947739887354385,1.3429838835814822,1.3446397184234515,1.345440149628548,1.3627124980367264,1.4315769024868226,1.3288320759518277,1.3750558995611046,1.3798373458612279,1.397310687509874,1.4189800000638049,1.4306457654406202,1.4957762852260377,1.4341060151956,1.4294515129259542,1.558486043431088,1.536025545431258,1.6247415403231613,1.6238609521284988,1.58021872805569,1.7226552974136884,1.7273084595177561,1.744651318883305,1.8202138593149215,1.8451867219107616,1.8396283440190055,2.02621955112848,2.049121366748848,2.1086367210968233,2.105935727904183,2.1548066950847202,2.380931509594573,2.4455209491083223,2.5244373410160232,2.6157623003257093,2.6996950581368955,2.8750487794860202,3.079749628096373,3.232379687234369,3.4345874724002745,3.5759976577374863,3.836460515435213,4.079580893977553,4.416235856401387,4.844161243256998,5.036505287745114,5.347616042266533,5.566321399307359,5.994419365573634,6.2097088918348415,6.554172015604032,6.808047140210255,7.297381249576361,7.753476237496207,8.157239744995106,8.700953816522878,9.541468541916533,3.6059818345387398,2.9577870965734485,2.284091424547377,1.9800077368128033,1.896128485781695,1.5925558288590969,1.4091642549552095,1.4876763072605965,1.4184570258454456,1.2509545670133217,1.14021226646744,1.1501230975687688,1.0997232511815873,1.1307347927238491,1.032256969250096,1.0266906460735403,0.9179323822645705,0.9346005484220014,0.921802854073686,0.9126865097426059,0.9309641001917417,0.9138486775286828,0.8599984671252667,0.8603024241867848,0.8595491199583337,0.8546604548994934,0.8528778521256721,0.8492136007050581,0.8535012486560716,0.8533167204571421,0.7675360934430447,0.7683855348489295,0.7547615341731968,0.7767788579175905,0.7692125924524129,0.8488148596393873,0.8494065410204454,0.8520251780058673,0.8433751056972434,0.8325694900167911,0.858472076316225,0.8436322859697873,0.7633257122035118,0.7564335411457768,0.748551962264789,0.8634719467635391,0.8884966944850942,0.8799152565744274,0.9071096787579145,0.921687190874011,0.9238399840942478,0.9368109055722059,1.0156147058926972,1.0063189761884221,1.023151649222974,1.030635487032008,1.0413843411479091,1.0647832413475988,1.1376063133928234,1.222102415682544,1.2331372265956673,1.3041849923870759,1.302586035059704,1.4165744058718117,1.5345776807954299,1.6612859248864542,1.6722152254422393,1.7492025271663598,2.0690458999674743,2.1731311107026188,2.5494000667904557,10.573292468935671,9.792566545831225,8.76351653044245,8.12790229416292,7.617395954274303,7.297447679300888,6.806674027671845,6.446097826339355,6.1673820790617695,5.765911433225867,5.525909996182256
3.6,7.265000556034667,0.03239284862197153,7.335239986560188,5.26204380466417,4.9891035145546905,4.709725071357135,4.394861280983472,4.163927077946467,3.8332455178105214,3.772446305787523,3.4747805908747775,3.2973963019188863,3.143043411758743,2.9532951954877213,2.8617882571428517,2.6961776095599608,2.5014205705529298,2.4305820847271353,2.2358983062438296,2.206387588790997,2.089998730502284,2.0649482445318372,1.9328937279991532,1.8977040501845663,1.8292408168231382,1.7364241514406875,1.7595547995214087,1.6809428093631436,1.636877226977274,1.5781157495596188,1.631572414129769,1.5610264247076362,1.477827627364574,1.4662187619659484,1.4812382673636886,1.5106279458915715,1.4297941546655204,1.4218280008256183,1.365479528550568,1.3575461762775538,1.3674338540526887,1.386497774258625,1.3913508545863709,1.3092826046957184,1.2989384815778826,1.4207437894863286,1.416860013465352,1.3395426968173827,1.3512434856726516,1.356334427912516,1.3627832192205112,1.3853462714028932,1.3824533085673574,1.399475191926893,1.4116460324578568,1.3980750495734808,1.516599390780541,1.5237166190790372,1.5318515686628296,1.5481941490934064,1.5392949017303381,1.54484061340767,1.6055044862370123,1.6511596494545635,1.6490429066196033,1.676709369090583,1.6775012389256494,1.7593718561055938,1.837061208126094,1.8775142930933888,1.960180318826454,1.9789483688261191,2.0280588208498234,2.1899428476496925,2.193158136102368,2.350051153384009,2.372951676957474,2.449110341683779,2.5233157226787712,2.6240786230482573,2.859066536116287,3.0427209314562162,3.1748572364936716,3.4108534192075037,3.5861290847431655,3.8086754624307897,4.096599371191959,4.416306755467285,4.73103591349252,5.002421897597427,5.251904667511729,5.5373091499181815,5.837563100168103,6.130144422019007,6.490737186612717,6.78063047220912,7.037455018306487,7.563703941174192,8.061034659928204,8.496935403465628,9.322883084076214,3.834596110718725,2.7840073934442082,2.4869528097856635,2.031239896718458,1.8615569654804136,1.7842457593474417,1.5275040288464845,1.3596594073496946,1.3078766824536785,1.293840272019878,1.281142342820499,1.1425229785438968,1.0687415292446798,1.0258631855115459,0.9447543859403336,0.9688985985900583,1.0450869778935072,0.9773879683265079,0.9506056516307407,0.8728791540452498,0.878357467220889,0.8784297802933411,0.8116975973352998,0.8823126775247825,0.8602948469014566,0.8772339712330945,0.7883305616664275,0.8024904934687918,0.7888001820545179,0.7947045436027531,0.7958618289936726,0.8007418760526814,0.7927351429205037,0.7975741629649968,0.8042343530446078,0.8070539790678676,0.796782548780885,0.794756888248385,0.7866026998320332,0.800565016211062,0.7841945877204154,0.791049305587008,0.8710887292210916,0.8681177140232765,0.9021545503766667,0.858828219625145,0.8753498558294316,0.8779334498501203,0.8854525782780448,0.8742132590971247,0.9790996877818344,0.9917113732945294,0.9928267739855563,0.9979878493163633,1.0483916583738575,1.0200579479364398,1.102161885745603,1.1160644088582532,1.1958697575110782,1.2186654489792954,1.2111877265462885,1.2141004895665064,1.3945281095092843,1.4449247881155145,1.495269773090567,1.5832478837928265,1.6430678353205739,1.796657229325346,1.9056308744454777,2.2800956720058934,2.512316624739381,3.271892481910645,9.834130904224967,8.799615911937135,8.325786274287454,7.849005412508398,7.413873389184674,6.956476723895808,6.630973046720064,6.230540129415557,6.0000262356019824,5.554828429494956
3.625,7.272909359261655,0.03768970926954915,7.329464753709069,5.460503977879843,5.178128758514436,4.815546712534437,4.512111681984991,4.211576477983403,3.959408490282517,3.7957856459826793,3.5167690459306997,3.342982699183753,3.139888802926314,3.021093300498248,2.8704509057178718,2.6450337284878334,2.444912310717533,2.437053288626856,2.2727881576380695,2.238992064521111,2.0698991307952395,2.0437902147545417,1.9935242236007118,1.8982727681852658,1.876941013108423,1.7846816699784132,1.6780832066441689,1.7237275439072632,1.631260986130233,1.5457595135974571,1.5931673220109868,1.5458315571174677,1.567921663161054,1.48767478954763,1.4118709829774245,1.419237649973418,1.441668600127554,1.4297758772107605,1.4246147786797614,1.3485359395112833,1.3922436038622332,1.3860475324166652,1.4034928963070419,1.3908034120039867,1.3267513025971511,1.3307086356268618,1.3598009785255645,1.3754405825413982,1.3699059238760398,1.3671252361986368,1.3936233650529757,1.3919851036466313,1.4750345393691042,1.400990023463488,1.3998674452165105,1.439261567814883,1.4324348429989513,1.4401757427609583,1.504871408585,1.5346943916070945,1.5552230965417913,1.554917433696742,1.5397881661253616,1.6267671552503031,1.6560095454263215,1.7294112966610313,1.7439487591539562,1.814056092293362,1.8113613054397841,1.8575063551443385,1.9335924980976757,1.89940178224129,2.0957597435006545,2.104557493348658,2.1938025042037075,2.267875388838115,2.2887682062294417,2.3831816259635326,2.5164826131815663,2.7186593220384854,2.8512660374669485,2.9756689133821386,3.11543416307814,3.316611274292168,3.4838782724757373,3.721799338603965,3.9894817068580775,4.281264927876755,4.612262132917245,4.887417321232684,5.171199873112477,5.438389578363001,5.663852518271112,5.919821133988992,6.269158704821751,6.603984151118499,6.90514484438031,7.325900465529967,7.880486592615048,8.351982570393279,9.11873611555325,9.919293464589764,2.919468688363932,2.6339199616297404,2.2198637076210876,1.8665069441358324,1.6783414102654857,1.7164509232009906,1.5563248169031592,1.4280027151888548,1.2513363123215724,1.1622849932167323,1.1467509378234741,1.1412331490097538,1.1669760547626302,1.0808071605307612,1.0122256451180014,0.983611794672404,0.919355391937628,0.8612710864111455,0.8573742760503228,0.8512220276955055,0.9009490386098077,0.9224192021304993,0.8334909480903655,0.8271838872351356,0.8188716477387556,0.8305258775827529,0.7477857990920884,0.7493691005168395,0.8175527386932678,0.819143107190436,0.8203250757358637,0.8149150526630011,0.8169514854539949,0.7405903304846745,0.7470329619555472,0.755182794110635,0.747508775892375,0.7378236199170116,0.85041024011379,0.8239049587200366,0.835472598133488,0.8287572779791733,0.8249131878118251,0.8255279893777416,0.8178705858293763,0.8054941967802076,0.8359270793049938,0.9412660260306026,0.9435303620234478,0.9466120031170693,0.9324363643451656,0.9770431976621599,0.9767562262309754,0.9736748006072189,1.0662434755991677,1.09094536568375,1.1435480366220452,1.1642544138533686,1.2312217754097985,1.2478299961518513,1.2845257912612584,1.303947753825317,1.4021745652782445,1.5069778791488968,1.6260736088544911,1.5976710802370138,1.8205662071617212,2.046458335630281,2.084938712767932,2.474813442131896,3.062071096735349,10.012541726638942,9.006499023576096,8.529369833209572,8.046285012788132,7.6356205045760746,7.166816862070143,6.772045398530362,6.337067959000442,6.171426442607924,5.711939972968349
3.65,7.279145191068495,0.04213787457815759,7.3236895208579496,5.557373339449162,5.206982409355201,4.949294587140549,4.677327041830743,4.420111432721441,4.15052185754714,3.792391057592621,3.4606230111631735,3.319319712179015,3.2070262968024066,3.065523878644375,2.7769017235347975,2.5519739118775786,2.5441085820286595,2.3218767794541866,2.313249401205427,2.220671296719434,2.143977298436293,1.9490520113565868,1.9719924216906017,1.8755589978744998,1.8312717850545697,1.8478298774531698,1.6885641311426376,1.6775050195870305,1.7011914041337592,1.6070781194385733,1.5413244266558237,1.5433632537398985,1.5336658488363661,1.4967664108695702,1.500016520979651,1.4358233637486089,1.4326325638958872,1.4298656968362577,1.449695310158522,1.382791553615737,1.3823967218564102,1.3832332916888386,1.3730162210401031,1.4224461789021476,1.4155401946196553,1.3363800920191369,1.3637281687310712,1.3614012019732997,1.4460976539416932,1.3926545007892843,1.3740335033099516,1.3923283614668032,1.4129472071665203,1.4298776530208057,1.407295782199963,1.4981541343956075,1.497462413642086,1.4991886947497821,1.5057995061770082,1.522683556860672,1.510511059720146,1.5406304684263141,1.6137544191516602,1.6349167677944343,1.6587593748176628,1.64967148151738,1.725067832989059,1.7163124759546984,1.7400059909399093,1.883358384742974,1.9103093914513796,1.9856639206371836,2.005287173810582,2.1259275730313014,2.1553455022023935,2.244530712837505,2.3152526945590566,2.4871808484997078,2.5868798909599224,2.6788934274248,2.790964248709765,2.900905083240917,3.0560648796726695,3.2321558613749097,3.4752460161119996,3.701193383505087,3.936751959549,4.25264418205611,4.439302687415373,4.747335026373018,5.068547446370139,5.226892888636258,5.472427045170747,5.772584293168604,6.168411587965359,6.3930017432552315,6.704927664090321,7.188816823094114,7.639768647056032,8.158292093021524,8.934845978761226,9.685541757257502,3.138323935858133,2.4372219266428594,2.412961534572471,2.0711706716247416,1.7862518187662215,1.5643330242829339,1.5418761295582077,1.4831697381696234,1.369159223824367,1.3136258114944628,1.239741518955756,1.073988615642018,0.9975851881936865,0.99761377756903,0.9893604875765808,0.99576936267695,1.0097140519319612,0.9383634856110349,0.9129158131845984,0.8239393230921712,0.86477235975555,0.848437088508828,0.7499392077285194,0.7734521677187722,0.7657628990291724,0.8646406875631952,0.8451976542147118,0.8644664720264837,0.7574015301320121,0.768606944267529,0.7669319884615895,0.7731299744718856,0.7632179530879155,0.7714465955065007,0.7838792466926627,0.8406511650132689,0.7883330475991254,0.7782153297535849,0.7576955104220882,0.776826767173721,0.7657494189036965,0.735472397786979,0.7677869328105756,0.7710168586063418,0.7594106838920645,0.8571532371275218,0.8510726690546361,0.8457164845458045,0.8385053590829991,0.9135625725070268,0.9127854941385315,0.9289580349859532,1.0165422161502284,1.0295198163495167,1.033864529562189,1.0391086545968338,1.118889438222274,1.06613453021199,1.2587334090298412,1.2421316876950743,1.3178595256547485,1.4087844379835979,1.419498067841915,1.5136300393657913,1.5094708623503421,1.6908398021942557,1.7920082637647268,1.9851567031562338,2.226422069874667,2.552378005213559,2.6840552958450172,10.205161730872762,9.197087899217147,8.573748201898285,8.179477287889542,7.6970129335353565,7.362538582855569,6.928235564371347,6.5459596749561095,6.227517077077715,5.845055139108229
3.675,7.283894615654688,0.04360493955359899,7.317914288006831,5.641323780717107,5.318895848476994,4.909448537838457,4.663910410778773,4.413895130131944,4.163223199417491,3.8779802008183624,3.6453977314844983,3.3849005735677373,3.201511467230388,2.967654241082138,2.7740096163019796,2.674171657608274,2.572404960575556,2.391345766284508,2.37246599997476,2.109507513425332,2.149537861128605,1.9614384263940354,1.9249135372750774,1.9325687673240624,1.7828441199501448,1.8031496641530291,1.7918756498186523,1.6597116258624633,1.5888518631171136,1.6032331508453084,1.57934563700954,1.5738322061778451,1.487820609730082,1.5343532573361927,1.526245664573,1.4602158853259994,1.4503640384010634,1.3717632779148006,1.4611201184605576,1.4681895901549709,1.3750055896380364,1.406209297268295,1.339355987696693,1.3380149689327623,1.4240781036556414,1.437593348435241,1.3883022689401445,1.3618366642839623,1.375683000794067,1.3814379132939336,1.369929914289001,1.4539874343201105,1.483592823163781,1.4847532794490574,1.4135330000509647,1.4230198019013398,1.4206939489339483,1.441741386044544,1.4306667049991602,1.5200466479439707,1.5366600829803194,1.5256432936964137,1.609202225195549,1.6038796514881957,1.6274944557243758,1.6348570803707916,1.6968765657942024,1.7833891799864878,1.8138134567377338,1.889402725634509,1.907194718117643,1.975171350046633,1.973421659111413,2.031138680354753,2.130542529058436,2.1633391231516286,2.317620566025241,2.412448199498061,2.5439622733072262,2.6476709897847215,2.7434258717563194,2.9182746524884786,2.989684680887354,3.224160600767679,3.3987652010205593,3.622110677045677,3.8688472142980173,4.192527662865375,4.375387971705109,4.598581795674259,4.853921611657713,5.067650904194226,5.471961534127735,5.62324035683118,5.947788372451012,6.214698649116052,6.654042302245199,7.027584080111049,7.453912659695655,7.938981764634252,8.797565736263362,9.731860672498497,3.2585186164511746,2.5660943189018743,2.2516217536317846,2.1359650638348455,1.8946510775070928,1.6805370014913588,1.5289171341676688,1.3896473724568061,1.3632006156739034,1.3898244021872794,1.2026664678537193,1.1586123759334168,1.1420954616686687,1.0785043672103767,0.9779702337980187,0.9938585499466004,0.9510812044229078,0.897476728939702,0.9726835908224996,0.9608601667882035,0.8870504776358327,0.875265344743532,0.8863031576943304,0.8076511127165894,0.8121363203640432,0.8041592498983504,0.8061571231161845,0.7292308680891685,0.7154086797972767,0.7306198489772847,0.7250501163699743,0.7429568888670938,0.7894046476732783,0.8063884797125069,0.8040044177941866,0.8046095998877584,0.7918906838975467,0.7256594314956476,0.718257613817376,0.739276586995131,0.7153881212378657,0.726654665553077,0.8008050873029535,0.8124893283856386,0.8150647060102888,0.7920726301564395,0.7980567818364684,0.8769999290960688,0.8780178938178477,0.8821976400437025,0.969516219327583,0.9754046828183157,0.9780523378739451,0.9827183944795274,0.9955753610636267,1.032501547689771,1.108008435974813,1.1175631827471595,1.2017328222498487,1.2185346638210213,1.3690276080905956,1.4312068910805273,1.3923238023790385,1.552324999465652,1.6403091081437609,1.7126020107599536,1.828052900297456,1.9026695627742358,2.175600784547826,2.418380024077259,2.8213320761579297,3.7546015617386006,9.39095409229407,8.763326090739968,8.22870730359518,7.861513561995819,7.496795772115148,7.069257068277594,6.681821194745295,6.327846605195086,5.936053028732412
3.7,7.287593023254623,0.04678019877245776,7.232095930047367,5.704844205076776,5.374013519202861,5.020573455237217,4.740228908174394,4.3390434057989955,4.126529317165622,3.8478970499517624,3.632666274153667,3.3409282526956243,3.1632231661428833,2.9389483423474347,2.801076234751814,2.696815287239194,2.47662023720597,2.40488530172606,2.3129172345678968,2.165390265858774,2.103840021277324,2.065526946175129,1.9313474801947388,1.9204288979204671,1.8753768932484016,1.7401138834876901,1.7680773223359372,1.6836030677852671,1.6657391352193,1.5726774777772692,1.6022603893121692,1.5540652130890928,1.557540692784325,1.4983350442185255,1.5023807274740162,1.5001627854078616,1.498831936440103,1.453346488710367,1.3939098365108662,1.397398410649255,1.4816534691964347,1.4600717706134574,1.3709197368895913,1.3786698182240078,1.4127619912561562,1.3908097995737458,1.3976406792170954,1.4170758736426765,1.4233905659285406,1.4170206581468718,1.367739089314665,1.3679077799504924,1.3840011173436115,1.3648907652310702,1.3830184341769927,1.4576725878674588,1.4455936206684852,1.464350594985772,1.4943854187105452,1.4585756193330988,1.491484256980212,1.5783609605831654,1.5704523244362136,1.5855804628855086,1.6425188832102238,1.6870119521029776,1.7071313939118482,1.7767167116787208,1.7848266126869696,1.8598548299956765,1.8866698222608138,1.8564519182577133,1.9567152760032247,2.016376950788127,2.0271752140048784,2.200492961528838,2.2989160192087357,2.4281011808864257,2.5274898062193003,2.5732905578487917,2.7736518870268,2.8580344545139815,3.027036785304765,3.1658296750235415,3.4185590349504804,3.570840027535378,3.924262874592375,4.04934709884305,4.350843499723021,4.55381354207289,4.869939722557987,5.106037375807286,5.260307154255123,5.623935087067822,5.899402908489695,6.218051724730135,6.514814617510803,6.953314303760226,7.4155691928820895,7.999324786423327,8.745936309287856,9.51524550744972,10.385607204951711,2.6752508939699746,2.1833414369007738,2.1078272783296317,1.9362836356619844,1.698823002290467,1.5367079295227775,1.398981370759702,1.3084056208115813,1.219447708784528,1.2120629012174133,1.2135684257580177,1.1350041139162181,1.1396632259934718,1.053256245235398,0.9741839069991494,0.9834911918997501,0.9068190605075145,0.892767791093994,0.8949515607721229,0.8287971778395985,0.8546184059083675,0.8403062435669981,0.8351084634323052,0.8997403367934701,0.8135333353980708,0.8017836715406241,0.8269421889853102,0.8442175634129787,0.8136524374756242,0.7476498392911696,0.7391477191224964,0.7334810447355041,0.7390623394004,0.7366651208915755,0.7400107045043609,0.7394317088373226,0.7331536430834383,0.731967172739678,0.8276800035314518,0.826293179119231,0.7935150978705565,0.8231448851285538,0.8152047802168387,0.8221128162602042,0.8037763131442655,0.8184905728365661,0.804413449296561,0.929688372981568,0.9147842168845906,0.9423648231900508,0.9151997474030922,0.9715814582312033,0.9864340396095491,0.979089214857507,1.0589101690504454,1.0666644128397718,1.1421882094887716,1.131180260260404,1.237744908820747,1.2459539777262596,1.3375628719220305,1.4776461251995763,1.5105653461473039,1.6763403686695173,1.7642879611948254,1.8497654791620044,2.024154717619953,2.1088153452041056,2.5391763673230687,2.9486472052538564,3.557692375268443,9.391504812783928,8.795651241306961,8.365475723664238,7.917800624866864,7.437478686065746,7.105938422981247,6.749214572213493,6.381290773371894,6.00644489384345
3.725,7.2644083995096995,0.04884482524693893,7.222538720001269,5.700458960290388,5.264483845335351,5.040462354807731,4.699413515506618,4.347652443349124,4.061188389542571,3.8874180876962163,3.577327615123463,3.308101227382336,3.1108545528686733,2.869479685216626,2.7889454572894232,2.6693065035937114,2.465847211919126,2.442833214405041,2.195290503685008,2.2327146879086075,2.0193817040816935,2.0070728696797175,1.974997539163001,1.8100962237839036,1.8872762491976114,1.8321579672491075,1.739548719739381,1.689891149019814,1.6834037930475565,1.5956799548438845,1.5823762879938081,1.5710739176077673,1.6054516787613102,1.535048215554181,1.4575208922092497,1.5050079232124176,1.525087317537543,1.4676929909298342,1.4735115971791657,1.4123998903339638,1.4245973326984838,1.3984274327984325,1.4433468422247806,1.432829238265102,1.454173614847798,1.3655249812292354,1.3783075471352801,1.3655063420433347,1.3713779824014205,1.379300461604254,1.3545486880819837,1.447543669293208,1.4758881460841795,1.466581190728562,1.4686414083881243,1.4719964098229437,1.4101230510995064,1.4218865107092364,1.4755937911357673,1.4538258980436767,1.4345753794786453,1.5632469457256213,1.563705963494932,1.6156387697123582,1.6263996669333098,1.6795468771039523,1.6882941705611738,1.6737038173681797,1.7753349751155543,1.7777242426133402,1.860860115050465,1.8514194950692788,2.028037009692606,2.075379888008965,2.1043314017179098,2.1898977010723946,2.2865368526828527,2.391716414699752,2.46516043377358,2.603868427535205,2.6643854072641804,2.8640522388174694,2.970779810189312,3.1659532521315206,3.4020760424618737,3.650152665754001,3.895773421686639,4.066820847465513,4.194613497128704,4.535169560084864,4.682514888201063,4.9148054666324255,5.194791210238788,5.508658253090042,5.707356299872549,6.05959327532114,6.459718942539637,6.814112340217219,7.324885634357982,7.88859209534535,8.632293160500165,9.52979251344451,10.419877877676058,2.7074145931237896,2.2994857447315704,1.910594433487563,1.9123593002844115,1.8315749554428962,1.6269209310629782,1.5268295287753666,1.3766709638649082,1.2827784670967999,1.21598727738089,1.1234179951813112,1.0450522078584223,1.0773286145912802,1.142623007265299,1.050647100713482,1.0490759529015286,0.9689209854809011,0.9697979086602712,0.9010447498876816,0.8846495380733751,0.9105517922215574,0.7995737588390943,0.810193816823876,0.8027967922960786,0.7953568447017897,0.789911855712675,0.7319685782019004,0.7249588562442596,0.79260708296249,0.7988044254014559,0.8103793080757237,0.801520287681886,0.7985643313686669,0.8149940791918252,0.8190366723471,0.7348468185457048,0.7184030384223887,0.7201072242545778,0.7251584664098096,0.7335103797651623,0.7305727316853213,0.7368506340787064,0.7156521990126887,0.7392859905147136,0.7270245774251461,0.9048299683610932,0.8542884357784307,0.8293608219985292,0.8848499937809069,0.884630641671126,0.894619667897856,0.8809227070564756,0.9677613685757673,1.0593304707443527,1.0035230464970681,1.0483639066902473,1.0614711387588278,1.2171683314461823,1.2326235808072157,1.3011442732055718,1.2823533617406717,1.4487253913660898,1.4960915173882654,1.6914527743083827,1.7417927845419652,1.9170310413235816,1.9898096181735587,2.244294892963352,2.464179094428796,2.7892491161331425,3.752181911034938,9.368572088445692,8.859121667164938,8.381061165327171,7.984894249252079,7.561743883607012,7.101892902021295,6.899174368137887,6.360753370119368,6.035934109228673
3.75,7.246093460191136,0.04923313599243895,7.2129815099551715,5.7322059923822115,5.34516506788,4.955498695645777,4.732177004973386,4.319854532969226,4.051164801762845,3.9131267653172173,3.5179694273496755,3.281524976527929,3.0237948647278454,2.920037045635563,2.7968113790190703,2.5757937359277903,2.4283289084519986,2.3869997585391403,2.2504139684097715,2.1878729519550433,2.0532595527859665,1.9987411372723725,1.977344553127937,1.8815277707749558,1.7996304800493663,1.7993232301251925,1.7661226706898887,1.7381933160172058,1.7318562947447973,1.6442518500797443,1.5747210167112227,1.547218040824691,1.547977601667313,1.588344282644191,1.519954941924532,1.4505879924474574,1.469545430199407,1.3703486718658582,1.4710972932881752,1.458970074392783,1.477159712490018,1.3910635623653969,1.3997997730134941,1.3870904162077877,1.4024552248743591,1.3220098326797198,1.3273857077997648,1.3966531292262994,1.4439893005246478,1.440888807929034,1.3484432655058594,1.392979652740302,1.3780508706398036,1.4016897102606205,1.406719523775797,1.3799096405830547,1.3958261048556122,1.4686781650286964,1.4760711792392052,1.5695126267448074,1.5545071768132823,1.5438664258080235,1.5597754985522865,1.5639231068012593,1.5896417369928175,1.6382573627719117,1.6602592291534441,1.6956695929867311,1.7647904987102558,1.7476435854573427,1.9231710302659129,1.980821358703696,2.0457013001055437,2.0361231241015014,2.1488507226541946,2.206562701206286,2.279640274853633,2.3589983639336016,2.460824353503805,2.589810571536751,2.695834280281241,2.8501104757997506,3.004569618547923,3.1671097558601278,3.41715988362811,3.6553962209573223,3.723859941455819,4.063375434685885,4.210545228204821,4.438472700213574,4.698572251930522,4.9167403273099515,5.13383039159782,5.440398721612453,5.684525113157347,6.030792734172398,6.455515973175512,6.774493792481451,7.2970745618550295,7.864289747762865,8.84351859267427,9.726406090667265,10.40120145605355,2.606535775191492,2.2686461728621796,1.9820654413909997,1.7979918338534382,1.8021225918100847,1.619152566918295,1.5607004037938432,1.400620479615692,1.3327426285877286,1.2365988295665518,1.1712040488255322,1.0821080673164176,1.103200986577463,0.9753768091684087,0.9692679623080681,0.982551122606365,0.9944712258800215,0.9812232303158328,0.9841740527825977,0.8909450988504616,0.9168033886480175,0.877012683869482,0.8087872719835668,0.8487633953992739,0.8285998016315224,0.8200937561117698,0.8474137723285345,0.7468749256634446,0.7511628171438444,0.7459833833539073,0.7460271398449838,0.7514813148834889,0.7537587812844888,0.7459476367672421,0.7566172681046236,0.834211796557254,0.8254659611723864,0.8263493496931961,0.8076624922358215,0.8193025370603737,0.8233854525786367,0.8162783870685536,0.8305264808316498,0.8268167317354442,0.8285015376425193,0.8351818857979051,0.8237496614707315,0.8276758401383627,0.8193010130347885,0.812778703502091,0.9179663526176685,0.9336237672088934,0.9283312072155557,1.0243511508639351,0.9908578570011154,0.9719041858697063,1.1014778543256445,1.1688810086960177,1.1861744214005152,1.312937747227095,1.405918587850957,1.4128443089031688,1.5603184546632527,1.5810809079643404,1.6470678472589904,1.8834122403469522,2.1117235776922945,2.1866556693427315,2.447619904448737,2.9058834015550934,4.085092406554492,9.41775829884924,8.899554672596219,8.500050333835503,8.057707277553066,7.689652545277969,7.2894579290328805,6.810917298012916,6.502744453811729,6.0710105583026515
3.775,7.230560242850309,0.04829801854813325,7.203424299909074,5.67268468137411,5.311774295591024,5.01213752957809,4.697607897056882,4.368901631427492,4.023914691487555,3.810699023758578,3.430601874236679,3.203041476437529,2.973160699089226,2.826707448123109,2.787573692537131,2.5651583659119197,2.4608590174841694,2.301593505985342,2.281302934442767,2.1206229033653914,2.1372368195515796,2.009490246400677,1.985845463471112,1.9451669222399062,1.8423471625501893,1.8482348662940105,1.7655479218557566,1.7126389357652523,1.654956829567022,1.6945902967528208,1.6220579080102384,1.6208383278309855,1.5286282276041783,1.5491543785454238,1.5445377258090507,1.5420328983196487,1.4463012197231102,1.4759791268694136,1.469205730401097,1.3788917245567396,1.4358847202765557,1.3478567716613317,1.4181220399141496,1.4182918257809392,1.3777550530393148,1.3688249660472815,1.376425293675547,1.3790501996867106,1.3964873154623674,1.389654376006635,1.3779669323420576,1.365990955100216,1.3567127693423418,1.4528035462654634,1.470188313439649,1.4664321305091261,1.4823002068334665,1.4751917699467028,1.453063839096706,1.4844650619345694,1.5030053882248902,1.4925428079616132,1.499017681450068,1.522794068200444,1.6064584933325565,1.596748033211488,1.6115187983829127,1.7946451761322266,1.767424226131051,1.7976231642536487,1.85215045193392,1.9345750158586823,1.9279795715265104,2.0288597890037274,2.081489809786395,2.1827374226550718,2.248925827552422,2.346519264488093,2.4251791518513297,2.59730219333229,2.6719682319671096,2.824827909160052,2.9986862078231904,3.2381743138370025,3.4687712976523724,3.4804161990132467,3.797293761390203,3.913403846452263,4.145364530472322,4.3260389461429,4.525843420092135,4.900414717552288,5.069918262732161,5.337886656625378,5.6540313587153195,5.961048453104168,6.328969059445525,6.755027679416086,7.250300112181722,8.120549063895899,8.830235682876387,9.837514416441364,10.345610039084269,2.675210315799386,2.282954409666641,2.046843288269043,1.7704738210073785,1.6532746317552234,1.606486340322188,1.5435989939108694,1.4594116146935103,1.3690186549324674,1.2871709246962726,1.2210363812132767,1.1287822318252243,1.1392311515175986,1.0412327340547936,0.9607804300484094,0.9815036411735443,0.978139688204217,0.912748792655581,0.8980416395813713,0.8308623336508834,0.8510016530528982,0.8958432388009445,0.89325443103504,0.9029051265791908,0.8954637440069527,0.8145722872806003,0.8188646652774583,0.8048098699428022,0.8097916102317763,0.8100807830058739,0.8165345691874113,0.7964917974671598,0.7153746449012501,0.7357331061456341,0.7325977024189256,0.7416815914863303,0.7333750642995388,0.7330980007262277,0.7321491048908451,0.7361456545889342,0.7422908855095588,0.7175579712044874,0.8104408837671565,0.80940955827135,0.8164992643062969,0.8107099095898552,0.8835773358466292,0.8885142778374361,0.8882957729481095,0.9057472177331582,0.8944605246475733,0.8863962160981655,0.9020571616136734,0.9834569380704182,1.0501374897214808,1.0421247066555472,1.0601499061991833,1.130430705884577,1.1353381808921905,1.3216715654399014,1.3446648152464846,1.338049603388579,1.4863364989164523,1.6064607710709817,1.7645651357935286,1.8053613857449569,2.1844718728718773,2.284984099283543,2.6073019033456277,3.0557076624944295,10.071685031861408,9.401034709822337,8.964187371114138,8.451653879413389,8.124671565570797,7.693353817701936,7.208759684139136,6.851141896586878,6.4257400451331295,6.0138835308001015
3.8,7.220541138028192,0.07662290289185401,7.088927606576245,5.709735975369637,5.312589752681494,5.081801934509868,4.583720322308839,4.248721077220466,4.072786109309162,3.6196587070073116,3.330287290628041,3.113196599793554,2.977983355472348,2.8630543073155534,2.6671587680304265,2.5167700744194463,2.517853574322207,2.2838553089300713,2.2697968106024295,2.1456556797524295,2.1354791965917213,2.0039337642356956,1.9791973186517082,1.9597489543410196,1.8513354473892307,1.7727061074715431,1.788585025225365,1.7876211639036073,1.719772042027543,1.6520942558049456,1.5748977710702572,1.65507009635783,1.5598222344233486,1.5719522458508113,1.4981577731839324,1.5165290826699043,1.4143444755616121,1.46839260861474,1.4786477875497306,1.4429289298416095,1.444399172334577,1.4600621848432336,1.3927229595706743,1.3797793458801357,1.3851802054770053,1.3624561479747197,1.3859674111187072,1.3936984101687397,1.2929611606201459,1.3991762321058236,1.4091847473653316,1.3892048143038156,1.4248244272451491,1.440505613839508,1.4404560106266115,1.4581840310531788,1.4573139040263334,1.464999358963395,1.4678161412439448,1.4576660720052963,1.4640383855331984,1.4664238670694631,1.5358786923153753,1.539345925719126,1.5305851540281958,1.6418949358541706,1.6954328185162122,1.7022724430963854,1.7700053997182013,1.7733653401478076,1.8629818752111904,1.945896640064735,1.9224102793554487,2.023357376649821,2.103217226007858,2.190150320577332,2.2703546083075588,2.3474152680187377,2.4190922251578195,2.6032232790916603,2.6621278973685083,2.8272976996030987,3.0910023192478926,3.242730781706112,3.345898180906614,3.5651291694288654,3.733938680640486,3.970964240397628,4.153600115107517,4.427794005348534,4.519873110798359,4.70238272094473,5.056232829332267,5.348271762173286,5.685710503306282,5.916898134411451,6.334276789927909,6.731346899005885,7.367558815239267,8.140116307665304,9.013034407796507,9.703544741517378,10.333884600650746,2.6023447687244516,2.2848032849736075,2.045338461336586,1.8313371894539279,1.5992611421127763,1.5344333781752266,1.4718804260475575,1.4613175581270927,1.3731436693389045,1.2719060791251626,1.214701394746634,1.2178822729797636,1.129036413064692,1.0377980356579486,1.0585531231837826,0.9624798533277802,0.9739666354266765,0.9685361392588073,0.8899742724873148,0.886567819980793,0.8833240198734958,0.7857980755749069,0.8140179422317246,0.8180243950521962,0.8146433573109512,0.7909991640522364,0.8153678486217756,0.8110344919716634,0.8110685314427897,0.8160186786399783,0.799856350984825,0.8150612157933892,0.8135214173526615,0.7927384447766902,0.7988091815791369,0.8010407038088628,0.8104572394137375,0.7894616166102622,0.8078767507477516,0.8115576997169256,0.8276638309033533,0.8197299315230256,0.8048044212015465,0.8149681060511627,0.8188058922287288,0.8087612147239258,0.7948964638435448,0.8793553634405039,0.8875556845487164,0.901790533180843,0.8971752708401037,0.9814538773767759,0.9681588303053427,0.9655686916872327,0.9714045421718543,1.0506151918832929,1.052811098408742,1.0649557165471324,1.184320821541198,1.2568392838094353,1.2453974863890696,1.4575742170497532,1.4943872470513928,1.6088389406777248,1.7145577310034392,1.9367246370492681,2.1697907494907804,2.4410040440034355,2.698590262092265,3.234949533458728,9.99305869100939,9.390288924647828,8.907936123747398,8.449191261871286,8.08260504163996,7.592385146053847,7.237385736314872,6.88235539802236,6.4634824369406285,6.1174714421315635
3.825,7.169837000627579,0.08259715683227647,7.10594076724131,5.679298338674285,5.217394134325404,4.89130748510765,4.576963258877656,4.245458381075446,3.999620816077794,3.594689545416898,3.367151543135422,3.1298553398313635,2.8992128008750626,2.8283954896360535,2.6370664967425324,2.4991276746363855,2.490170093510332,2.323534574797847,2.2355815085657604,2.160671225773115,2.0678344717336468,2.070443939737048,1.9133046440427994,1.9181142662790331,1.9199503336012187,1.7618938262854593,1.7190245239143707,1.6561033667989808,1.6917050870735242,1.6436331625155414,1.6239054148856875,1.562985320076314,1.5667518332796977,1.4715704967356251,1.5241407362360389,1.5354907043769643,1.4762004364198,1.4752328039447093,1.3992026145304914,1.4016271946988623,1.3847307774764248,1.413648003413641,1.3477778152066253,1.3414864246179612,1.4168920580271418,1.4269242246576488,1.3553984782359534,1.3590590225775592,1.4152083807441707,1.4129008470474913,1.3803109406942207,1.380701224237554,1.3953691219614528,1.405666615788392,1.4070168233589082,1.395932105814611,1.4000731913056659,1.4045470051515683,1.3834927130110253,1.3993553451138558,1.4576822384162955,1.5911711516101117,1.6002040706674177,1.5618941709174479,1.6336493291071628,1.6408573425939603,1.7114716879953848,1.7161047591671925,1.7196988946869909,1.7929611073285954,1.8853369115907725,1.882052690079004,1.9630481498204138,2.02119432812048,2.1331892364292937,2.209459347446345,2.1974998084868416,2.35913761114456,2.4739742348890226,2.6196304067791525,2.6988322702695346,2.8833066273781087,3.094706929967308,3.153931840022286,3.317684837494508,3.5130876303918463,3.726067476541064,3.89365028976044,4.117558122447306,4.3228303972675866,4.486629845791216,4.721231093719271,5.048530505097599,5.330030940221419,5.569357359323814,5.934729925999187,6.305149477822965,6.75025652329907,7.497162594889427,8.371283089738188,9.222534233290768,9.834011039171305,10.349939481033863,2.8665197017353274,2.205515489698011,2.041204696960606,1.7860146289743517,1.6469092104773035,1.499650026627623,1.3777686354461063,1.3126304539812317,1.321127819707748,1.337513743758076,1.240985412205943,1.2162038730328917,1.1364360861797598,1.060905138807065,1.0765758596198776,0.9814367485992384,1.0041757600064676,1.0005207667134834,0.9130715391326664,0.9058489314612004,0.895246963146305,0.8314752337931479,0.8151629540508174,0.8369136193136081,0.8348655547808397,0.8216208400831818,0.8393370008381733,0.7493002899645252,0.7720285520436022,0.7453087647823639,0.7425105602807124,0.7436247091679731,0.8268632527279494,0.8317086509911684,0.8222126001428064,0.824767948304895,0.8262523064850118,0.8359403686697129,0.8286647145373566,0.832162435699943,0.8233701342717032,0.834446477400097,0.8303915171258197,0.8238574969453227,0.809887213951777,0.828482396070147,0.8302456336724985,0.8077992203894953,0.8371594391171477,0.9099256882819372,0.9182857479427058,0.9081214611081129,0.9969048760532718,0.9851618229255893,1.0813381451901716,1.0939621047477284,1.0681933369512566,1.0835960132681357,1.1514838245414225,1.2021270610896033,1.3551591505732943,1.3578160843903455,1.5435964447681334,1.6130068405928815,1.8181498257664688,1.9084601635194658,2.1515295036230695,2.5648280491901154,2.8844523229757457,3.4417527965932577,9.906703887088064,9.446725861018592,8.971645698042,8.594017995842735,7.998576561413335,7.715925324223331,7.238977543861054,6.82125037272989,6.3193584512316185,6.043190998209956
3.85,7.147846740692186,0.08466895875972434,7.122953927906375,5.5857032611101,5.202646343291806,4.7476367488960305,4.397551628798645,4.221515542670078,3.7143409079837193,3.4692301982832507,3.2324280880976564,3.0538123250073275,2.899974610541305,2.795691475695085,2.591038498846937,2.4783381335503516,2.3956426613973334,2.290690479281378,2.1927490101965956,2.1905882768058773,2.047181354489501,2.02339759171264,1.9554037691764634,1.9069537570004915,1.768086457242833,1.8702320124494718,1.785837319502515,1.6966448911498668,1.6073188016965034,1.5676098585672618,1.5738255465743394,1.6147999329277731,1.537062314936323,1.5634897940939338,1.4688887521036111,1.4682700167448661,1.4595914956312868,1.4416291045763594,1.4215549069338176,1.352567614478962,1.4680083328261804,1.4656177185294514,1.3786813626754932,1.3875927624755193,1.371819972039546,1.354069797501442,1.3559955046116423,1.3625756661420252,1.3869213476425417,1.3901754344832256,1.3803718706179116,1.377853808029719,1.367231326868336,1.3642374179277807,1.3809535202661054,1.3599052389512445,1.3589310449901557,1.4556272031940922,1.4797923491242042,1.5471385763619523,1.5463818490642727,1.5348663490635637,1.5638453115690019,1.5415149925319542,1.636213476445429,1.6142443468386731,1.703473114403225,1.7151246595196037,1.7163857091699715,1.78925136144043,1.891994601944935,1.879851046802864,1.975962993216721,2.0452845152773302,2.1466347631290854,2.149279369669279,2.2388588812846955,2.4232073706534596,2.471341335029137,2.6543117967682033,2.7307551196947277,2.998770295304355,2.9672692580244604,3.219499384037495,3.3669887638164724,3.5416503113767064,3.6751959529515057,3.827584974979811,4.084599325794173,4.207301329503912,4.523328019348943,4.671516934717293,4.990860774198968,5.31229600907747,5.60723083198052,5.902712478438018,6.4278275884429945,6.967272009297119,7.572930355741598,8.486003527945313,9.33142604410097,9.895184135274071,10.481598296727139,2.7095603712231187,2.171511033621934,1.9430275939753539,1.783490010096583,1.6029164687983934,1.522551750500329,1.4522975982069355,1.2859105404266613,1.2221584342828034,1.1524687852183202,1.214120989434381,1.2040448938480879,1.1223220286186666,1.131398538038913,1.0573112117223533,1.060944289728565,1.0460231994165035,0.9821783495156561,0.9583172099864804,0.9059780024659376,0.8828168743396952,0.8876118518214955,0.8865341190750745,0.877576961863772,0.8076066015920136,0.7982399309593399,0.8111762362878108,0.8034175884933575,0.8221991916725995,0.8150561328009005,0.7865627388080092,0.7904776447320311,0.7422704945047536,0.7197658981266774,0.7392527465277919,0.7308896772501172,0.7418431224720448,0.7277969143065994,0.7141837766218984,0.8114701538372545,0.7948308576101827,0.8135085147284097,0.8133768177113645,0.8909090000843716,0.883153680289479,0.8770781902145353,0.8764367222922178,0.8733254635364804,0.8877009108138668,0.8937627850239537,0.8786838070214554,0.9683449195079514,0.983409275096947,0.9455229138482207,0.9675188520947294,1.131900786976239,1.1760052781078494,1.173746059958089,1.2113456924263346,1.2092505041524813,1.2681382363199563,1.4628408122098862,1.537132660362927,1.6990721269716766,1.815997572789462,1.9986937759116643,2.243696596660586,2.5513618955983044,3.058520870581866,3.599850152745667,9.73841599452486,9.253667583377679,8.850452892157326,8.396721397259597,8.011462249535382,7.545352637844668,7.160881279799436,6.789029386430852,6.3357016641531665,5.918940731158921
3.875,7.141618353011556,0.08171458057721279,7.148473668903971,5.414245457856775,4.913310646837712,4.61985163900838,4.2401779474787205,3.921208411691798,3.6658726497600904,3.4163989463932185,3.182861211450337,2.9477009644532717,2.7852882610679623,2.7158597693110846,2.6029818332155377,2.50841098951184,2.344885973930226,2.2895054521886493,2.1926135574109553,2.149368429663978,2.0286819859628173,1.9693646816337957,1.9621525983428374,1.8607218831489754,1.7741343181128353,1.7101648844454695,1.6711309425015015,1.704360737079705,1.73492694247162,1.6268696835488046,1.573526822519982,1.5037380975409196,1.5059586620182541,1.4685080634913052,1.4527607115225099,1.4679914440105135,1.4628790786375097,1.4488550427000273,1.4424251474769274,1.3667324642317915,1.3723023980169442,1.3702470778104645,1.3660297684509481,1.3622567377138646,1.3635413431602683,1.3819134874977907,1.2980344399844441,1.3108269439421323,1.2953649716268614,1.3024687630114316,1.2891026452572238,1.2914750721695218,1.2957488699812032,1.4589325669319015,1.4698289046622106,1.4525248723553288,1.4609494607056028,1.465356461519616,1.4881621067575714,1.4913650360442825,1.5043633359312722,1.4983942427298085,1.6030127446636624,1.521247374659585,1.6124021716270671,1.6206418526310558,1.6903919386416968,1.682229997405927,1.7859447630883725,1.794987933995432,1.8483511836423425,1.9370685942204027,1.9412983005308657,2.0387253010441597,2.1023055966132036,2.1976001350993926,2.3312153202562826,2.432915376635343,2.586868893088672,2.65975922967543,2.8292621041681167,2.8751394074296575,3.1693790216505695,3.2267687436352785,3.4096750366570623,3.5325926138943893,3.663439501448411,3.8873726046155714,4.057387100785687,4.338840597930319,4.4743714773788605,4.765356077895724,4.968700831953772,5.247256084858534,5.654078047423593,6.098528066757405,6.58733127110105,7.16908928067531,7.972460597485454,8.937474021134083,9.606368628682592,10.150010048386441,10.589028410485284,2.5359135067045595,2.0128283508572227,1.8495687262333946,1.698571822154786,1.6391071637531758,1.4490731440257243,1.3837298745208946,1.3210324711438948,1.271938480480074,1.178195196488064,1.1063327711400874,1.123802906534254,1.0590645946857207,1.1433603562539225,1.0461895419421585,1.0619795408144255,1.0581504786357883,0.9728105463348842,0.9781100762568777,0.9828734539989634,0.890937690118172,0.8898026906602028,0.881484486763182,0.8935702889678079,0.8885298911152802,0.8170818126275821,0.8071836146246782,0.8065751257397612,0.8023847712016423,0.7941838410126439,0.8185958494227604,0.8150355706084801,0.8136907814588116,0.8022744100551096,0.7969971779398421,0.8142799883751294,0.8160529330977496,0.8312524485035614,0.8184463038566419,0.7912325885323633,0.8229747078021595,0.8047562119833653,0.8137460337393512,0.8169579926212684,0.8846824891970063,0.8790201740601887,0.8858726274888871,0.895042910668548,0.9836925569027705,0.9685025954007463,0.9574581381763483,0.9535931132118916,0.9766806145042976,1.0484290008675499,1.0629063604688467,1.0449363834766776,1.140770068049826,1.1306426444636606,1.294785340875415,1.3315737437977997,1.3245509618779068,1.4714027837742565,1.4451991609638306,1.7123597416763696,1.8807167068002109,1.9609474509335922,2.4485739681217766,2.9427867800761147,3.4873233549390124,10.162354818754224,9.592280803196813,9.172293157936185,8.705611087934802,8.255212738916397,7.854306252949792,7.438733366256942,7.13169140927211,6.594516384970148,6.13042717836132,5.753184517534406
3.9,7.143137027230538,0.06553945958190115,6.927660888737327,5.079567758952184,4.807299212439074,4.32550877914479,4.069001506453901,3.6836995092839193,3.454572101255774,3.2677766375682684,3.1704765841610425,2.918008394264186,2.7495375439322705,2.6784184603640386,2.539349448323948,2.423547529210541,2.3500816697624214,2.259645976703712,2.1546579720041503,2.091611020287912,2.0690989091062133,1.995236674039371,1.879729786106679,1.8000687659559846,1.8489811702706274,1.777688586473015,1.7043410523926907,1.693987537692223,1.6063760342365865,1.5360672367107622,1.5261143420523688,1.5428294159824634,1.5381607442018759,1.5341872301376753,1.4549592276892747,1.4581609398639852,1.4759810392719555,1.378600348666054,1.3585218968162038,1.3645260334709317,1.37856058439581,1.3614970559733184,1.3669192583332592,1.289969345159676,1.2996854595359844,1.3030669454666677,1.3157871231241247,1.3220190341092188,1.382385591762061,1.3842227409224712,1.394499368977389,1.4066519677151585,1.4020246011059918,1.4304347255846726,1.4201396214590423,1.422610960199753,1.4691994814041651,1.458041991498773,1.456753998373562,1.4485428284580861,1.5179392591967618,1.5276134662956107,1.527156260116965,1.6090085080750376,1.6119306025176947,1.6174440280281783,1.6965401304578087,1.713699161257706,1.783909702500363,1.8582668728396192,1.8608797130268095,1.9512420297783795,2.0359055300366102,2.1043829365501243,2.1817550468605686,2.260682925678772,2.4271063858550987,2.4900408909651706,2.6604683920134704,2.6995619371678394,2.884830804429894,3.0348119407752696,3.0720028401568014,3.2473457383618927,3.465437417788992,3.580261521356223,3.7625673124940593,3.910824863141295,4.184092243589867,4.316006918737604,4.5523474395645165,4.8202525507477,5.121046390312573,5.378045567629008,5.742354903674619,6.231616834144424,6.978279655638493,7.855536125026444,8.652624534238504,9.300017882678999,9.788790411171759,10.414098887403952,10.791859905729076,2.3693196732992137,1.9526143411979289,1.7904540440169152,1.6348263505112113,1.5299449125594926,1.4523551703616862,1.368029092624713,1.2908015442481242,1.2135561467943956,1.1274883495787043,1.1373607854690355,1.0511760316572165,1.0879156785097497,0.9927445142774024,0.9950769104141768,0.9058346814159649,0.9767721552263811,0.948524177157221,0.9714854574160842,0.9638403659672788,0.8898275881404393,0.9103196698449751,0.8850398615987762,0.893330564909934,0.8843564609869552,0.8822402186555142,0.8302841697359088,0.8045959644682137,0.8081397195536798,0.8204752984061111,0.8216101914365512,0.7901067674114991,0.8047205629212724,0.7989840515089256,0.8196906864068655,0.8179780325309229,0.8120726995200176,0.8191605085663933,0.8029514787315597,0.8126097847148281,0.8035111765169037,0.8188255772687308,0.7987172915716408,0.8050624383689599,0.8079995665235488,0.7925505546248155,0.8746930748560624,0.9038504798639032,0.9728819624113993,0.9723532766697849,1.0005758508600902,1.0215208075523499,1.014069981577721,1.0281815996431756,1.1375227207330856,1.1286581263536428,1.1191407138979765,1.2194049569502219,1.217420091702567,1.3771248355665955,1.4385687682631394,1.5026612357025553,1.5606569638370307,1.6151290548704675,2.064343286492511,2.3076393094392587,2.5780033748767037,3.1000124204831723,3.9606888382309102,9.819196114285694,9.424895304978486,8.990103189920537,8.426207927374087,8.09562552463385,7.608450743796888,7.262407240548322,6.8184236241177425,6.242691341405433,5.904196105728612,5.620721809677573
3.925,7.060208735605766,0.05179549192275748,6.980012628385004,4.9328108842953196,4.475844811941061,4.033608000467983,3.787928370161124,3.5389467300303714,3.304412344529141,3.0805485979727223,2.8821099320419057,2.874315377476903,2.6450522816558286,2.562596482943139,2.4964294221797196,2.405645090861556,2.229404791727205,2.2746182878300916,2.11652652070058,2.0378063910564146,1.9729579391368721,1.9232715486483063,1.8626658359560424,1.7678032387404505,1.765680567077965,1.7234240706875166,1.614246160602383,1.6276595821183062,1.626805429497053,1.6165573755489793,1.5511232569752638,1.5324826382340144,1.4577735394349316,1.4454825744099533,1.466607444275964,1.3872556054386174,1.3579376395086544,1.3671921450535949,1.3641172535727515,1.3623984076292601,1.291323290267904,1.3065407473001092,1.314067196479914,1.3966160535470453,1.3967124003695444,1.3547348937288386,1.3728340221105664,1.340944643430076,1.3635256363858614,1.3739550771165518,1.3688949887583888,1.3700381326000697,1.379672686171855,1.361076176865028,1.3836847660365703,1.4532159648561127,1.4488739399304207,1.4648557882785773,1.4514898122137634,1.4580969901951484,1.5437923463426413,1.5312224869887683,1.5470370144908907,1.6305240435799702,1.6166364399151623,1.677499028941321,1.685452900813916,1.7675640617666624,1.7693279784561076,1.8594227665101144,1.9429834835651887,2.013643381762782,2.1184822651749875,2.170662438735914,2.2689558032519512,2.3421839255125136,2.5066149703578318,2.5183413794785485,2.622946048734478,2.8313018216391335,2.8536053265303694,3.0714438844712477,3.105856111342392,3.2502798330431637,3.4991259543963587,3.6334453091159773,3.7713554542098273,3.978077768657373,4.130470002640429,4.445541463237029,4.578926565568119,4.863241657044693,5.192525165908132,5.575625739632204,6.069278522146015,6.590752354747334,7.654066250811707,8.463101332786618,9.126873215225787,9.56944772459077,10.19613574170437,10.648944940334465,10.996395572085484,2.1321016517058493,1.7787397572514694,1.688160706152116,1.5423948843549682,1.4503527963961693,1.3675759562560659,1.2808557090674269,1.2125237892819305,1.2133777963615164,1.1263332806216924,1.0455120090740435,1.0568490157084578,1.044690918150081,0.9792158502619529,0.969533465399,0.8948317069232691,0.9002630280236451,0.9055465444574848,0.8915077637934061,0.8934831494134287,0.8861000609711992,0.89550063317148,0.8883565160375997,0.8848868012577746,0.8915872024919874,0.8779583384344031,0.8100943609423746,0.8136534813571765,0.8050205776922231,0.8066423095586943,0.813460148276886,0.8075391679257856,0.8182420662592191,0.8080382558533025,0.8099064103841302,0.7997177416196056,0.8169427467626489,0.7936494741714404,0.8112944184931602,0.8424149028438606,0.8060727394344727,0.8001388134215173,0.8074724493362586,0.9090220635204593,0.9005449775998591,0.8916267380943614,0.8876319754906168,0.8861574360428384,0.8822480319667086,0.9006741663329347,0.9765822214127082,0.9740925407124597,1.0601330378587646,1.0899998860587434,1.1759203950732326,1.2230006066016716,1.2388214445571621,1.2395205447995508,1.3355713513607141,1.3908839290920443,1.39277259739669,1.6098652627565628,1.6788462979479355,1.8839735700562472,1.98379508937447,2.5202584222718287,3.020538696912218,3.8426620845307844,10.001075721673304,9.540845456064156,9.144963666804042,8.59367296677422,8.327903300291483,7.843435790283069,7.41865192945538,6.982731129051734,6.454922026107376,6.087713593013972,5.618254353102484,5.3129312457197
3.95,7.031949150948494,0.035168745133716726,7.032364368032681,4.4092622338978,4.20267200012215,3.8281114460133963,3.5255975972664113,3.3458784437699682,3.2119949945446793,3.0397345111421195,2.8428874619347173,2.7478300618967264,2.666629581828452,2.482062414880826,2.3488081689910176,2.38837812686454,2.2250169411094265,2.098491614373322,2.061960128772257,1.9601869460971437,1.8943445617235535,1.8361624740747913,1.806866339701149,1.7344116614661604,1.7328190997658377,1.7363274079211561,1.6443484359381226,1.5579860704880983,1.5667500606835274,1.573307685685956,1.5063264873254794,1.4928050484707542,1.4251735109715635,1.419249617513658,1.3533470237364393,1.3526412328612736,1.347211120963039,1.3830806415876828,1.3783830370567622,1.376660545483223,1.3945357073230298,1.4011591330482656,1.3404721892474611,1.3214001484470228,1.3495062857271412,1.3381151264257267,1.3365929529341223,1.3344686689228502,1.31919963169255,1.3452436847698175,1.350946881418956,1.405816922644722,1.4166012142864695,1.4367688967936338,1.432173819404841,1.4409554081625,1.4262389156816242,1.5010724465590637,1.491427166010364,1.486212677475329,1.489271744245719,1.5761766256588066,1.5693471961482768,1.6518502333548042,1.6552229714967586,1.7240616759326144,1.720376775187927,1.8188601069871606,1.8928296283624593,1.909347872276659,1.9908891108602265,2.076557124250142,2.1273544806568303,2.3002741732202563,2.3732420827334773,2.365255976377766,2.484736240427733,2.6277076338041065,2.6340924937044385,2.871713650582716,2.8807471236410778,3.129897385834145,3.256317555397732,3.358150010804648,3.4695216423107578,3.603584473078632,3.8898292325161443,4.095087479804046,4.258108544519115,4.619344009565577,4.924366197328877,5.2106493224796235,5.575455024234777,5.862356763175923,6.629189794795072,7.4444459357371775,8.342928694684131,8.977944910343124,9.471269055409358,9.994919870066171,10.491678989227434,10.879639296941459,11.296469139937983,1.9981477261739125,1.6629312137911232,1.567789664884732,1.4784719331864082,1.4143441647583541,1.3351836085331783,1.2541774403518053,1.1772915252500917,1.1743158256865298,1.0883651580596125,1.0672526736919445,1.0064754516505907,1.0053701260680326,0.9291547225643366,0.9302249363463638,0.9235762994994358,0.9191030865057793,0.8262610527045723,0.8430694476448048,0.8390745321420477,0.8363798913798709,0.8565822685888664,0.7758713327377813,0.7567309285360361,0.8562680938851477,0.8278931912747134,0.8287493727266172,0.8434747631759435,0.8365293617134054,0.8427593422176658,0.8594893569732727,0.8373099904792876,0.8683690032963591,0.870743286616515,0.8624429401443694,0.8304263801928579,0.8636446460355894,0.8379340104409376,0.8430118559001301,0.8470916620998645,0.8667103962521203,0.8368805871578261,0.8353066423326958,0.8551524194567829,0.8349001619880844,0.9329109434471825,0.9275181208395576,0.9215726931859104,0.943866229245043,0.9416072402958765,1.017329558122316,1.0177147115942284,1.008874386833808,1.0984830232798095,1.0935493981211724,1.2587080090421208,1.301470729844424,1.3806997760553572,1.4135949223352426,1.4095194281999937,1.490851700996687,1.72981767305037,1.7724322781547721,1.8969428717322054,2.392010732099065,2.9087407726727976,3.5407667449858082,10.174705251336805,9.73097324371362,9.313760685953547,8.824949528623426,8.334563199485212,7.870004618404592,7.564929164158592,7.052306661989822,6.666209142573683,6.173740971799396,5.78609765056479,5.298846000185451,4.900437443198281
3.975,7.034029917752162,0.022143898261802894,7.084716107680358,4.319198378304062,3.884697832668336,3.6766555122118847,3.397976690413724,3.2234259226554394,3.039179164339648,2.994521980214614,2.770174389750632,2.6855489471898406,2.557898476438844,2.518243272747596,2.3836334447381713,2.1826669199217252,2.1998848625521945,2.12192920840864,1.9761994671195506,1.9504772310257033,1.8591650009012655,1.8650290329936534,1.7753442995813429,1.7747001588694524,1.7289879561117651,1.640597704692872,1.6537233599887795,1.559728366962418,1.5100598678961497,1.500457737933797,1.5147420205578788,1.4296708646317937,1.4465545602864245,1.4412069660051268,1.4662211081358232,1.46116917096008,1.455958111141295,1.3801307106710143,1.3746068415502655,1.385517768461183,1.3846438916807826,1.379939596454356,1.36969428980813,1.371993825142388,1.3671006662422975,1.360356998772454,1.3881330300629875,1.3926863133177738,1.3749406369331802,1.372395835140612,1.3659242609316131,1.3703491717155263,1.379302137776639,1.3680305926392393,1.3840796035812268,1.4521868786428218,1.4531006773765245,1.461111056873271,1.450193935295341,1.5666576847216012,1.5211411991647128,1.619601689140614,1.6288500635549568,1.6079977334052926,1.6870762702629867,1.7874799758019748,1.8008767366245577,1.8634749095875636,1.9482696868122107,2.0271094190421954,2.117933677379186,2.1921366362619783,2.177348707062126,2.2220126463145147,2.3301475681658115,2.5331593133574346,2.513950457484125,2.655282364574516,2.8029073381441445,2.864437263498228,2.9618713873444062,3.1824672346084197,3.3429656876392846,3.4250189485250218,3.573686741094542,3.7238938504094725,3.9952968069908814,4.096429248318562,4.430828541073147,4.698241684590204,5.043121551499524,5.348509819696398,5.658851427378613,6.267927390601215,7.11663698384009,7.982793384548342,8.793168101807044,9.271629639450415,9.756661246219407,10.176899378373951,10.650953659266655,11.072248821849906,2.383253313159284,1.8949313365461955,1.7763100694181626,1.4688043012943661,1.3905344579982402,1.2855737976169308,1.296104579987162,1.2068497726640983,1.1417378969529215,1.133871000389701,1.0563618304093378,1.055417295759755,0.9753200555334499,0.9781463206989893,0.9752072590640989,0.8967429860741998,0.9089551396564237,0.8779804116097446,0.8952923307816832,0.8213304117970335,0.8206460068601442,0.8111161358322064,0.8101921154243295,0.8249843688812095,0.7964187464365655,0.8175783199014587,0.8110177390304519,0.7351162202769579,0.7348867357101944,0.7264864464783103,0.718207141907057,0.8218525505842569,0.8021164784930298,0.8265420714363286,0.8161716028279763,0.7960377998320188,0.8197706138236516,0.8121653351820547,0.8157923194721284,0.7939908433580098,0.8994709383999506,0.875058515181001,0.9023012537805342,0.9080175879870601,0.8976334591274905,0.8855391252840321,0.8831852320233755,0.9809860207068494,0.9928071155727056,0.979075199307479,0.9686497416619965,0.9736331843639896,1.0427700715919017,1.0602248025226524,1.1351014829191246,1.1435592094022253,1.145924523587747,1.2092038858489862,1.4066484851043977,1.45363638072564,1.4728088916588389,1.5714670647081255,1.6309047121878792,1.9038177495885817,2.0640851935105107,2.528925556238248,3.3049669813607148,4.9034551463805975,9.939298511710614,9.619636426983893,9.034183203888547,8.645758532615188,8.156313145986118,7.799827079587909,7.356695639491575,6.789349025070581,6.315937367543033,5.948398324374768,5.453986501368363,5.091577266856353,4.6056368962613545
4.0,7.043019666952158,0.03770339459868326,6.807109578945704,4.0634105236262545,3.836679494369438,3.628157067063959,3.3823070842646294,3.1856814246268925,3.114745753999039,2.9933336773978456,2.797382452576494,2.6993774498261787,2.5467179423409396,2.3396592800033855,2.399013642090782,2.28501312067248,2.102082225095436,2.02443733626097,2.0118249154455827,1.9789824463547645,1.9044276032064134,1.8236713341678714,1.7483643713363555,1.686858836107901,1.683705382370789,1.6123663682956524,1.6151470689473653,1.5432741842222628,1.5287346042750565,1.5564227987524575,1.5351395645260884,1.5451287929028763,1.4626663416380392,1.4616795908804996,1.4689312019602248,1.4559123675167007,1.3802490073958145,1.376673108787479,1.3831939327906027,1.3872643229026111,1.3456830116702905,1.3752392846209769,1.3859210239029292,1.378102719297869,1.381620645408345,1.3672318232492409,1.3756371978961095,1.3662542633784993,1.3598087963524048,1.3800592722345848,1.3855766764183082,1.3817615674908978,1.3672546377343564,1.39027486407777,1.4665329267167315,1.465602775301869,1.4649961456737675,1.444464639410842,1.557091495890332,1.5363973911267574,1.5338061944494505,1.6463220015336446,1.613040487739073,1.7073778092094973,1.7055461697019123,1.7836834623696929,1.859918316661983,1.8727517900667088,1.930320935485471,2.0290719924062297,2.0375048997518324,2.098018463155108,2.1982197093182756,2.3138411656260547,2.384678946107801,2.3921187069732137,2.5940691919713754,2.589981946926339,2.8181519190259223,2.8126455420286347,3.002676918593247,3.146939992353385,3.255775467691811,3.396770019555881,3.5728496421215,3.743939219614596,3.926362854510407,4.153053151455071,4.360403662141021,4.726995607905941,5.030476633957428,5.334507463063593,5.90480376488347,6.6650243376509914,7.6483084737626434,8.233256506787285,8.808549396417787,9.361797060951805,9.944222588053284,10.28161558732545,10.632448316686373,11.053503193488671,2.639132245245509,1.9662406396436065,1.7028805830449156,1.5350287483484595,1.387740950564272,1.2879552503143186,1.1997776056529763,1.1417966272416102,1.1192145645811977,1.0595395365431373,1.0690402521203413,1.0523741448313495,0.9740545154938927,0.9561716870434513,0.968448119617736,0.8947899334856426,0.8720942221805752,0.8922639518920756,0.8849848010157777,0.7930709973073883,0.8091022509418371,0.7925380608237705,0.8144273602040704,0.8146591222062782,0.82256523328671,0.8140279739871202,0.8010471518190393,0.725013273889278,0.7102970945768399,0.7296826719572588,0.7364265739064799,0.7106587142288197,0.7347023552280324,0.7289733728785754,0.741116838145737,0.7297135126676275,0.7190242343796096,0.8050685684816307,0.8076579006339712,0.8373113456879233,0.8766385345870226,0.8805470896037486,0.8814986590504095,0.8668618771917136,0.8897227910921666,0.8910731051127587,0.9689534020027832,0.9598556384696991,0.9681631082218037,0.9752084097261,0.9833797661327555,1.0499951800803735,1.0475943234505887,1.1396347870494228,1.1150627727505358,1.1279169078555797,1.2010967476373342,1.3010242377018042,1.2918738644054963,1.5383455276337643,1.5721686550328997,1.657255578832234,1.7694566255236854,1.8494138277326433,2.1523858323609795,2.5153732016358115,3.80208225306708,10.327541118833892,9.884702737894647,9.423191460636096,9.039902967028901,8.562434235550873,8.052905173780193,7.604962651930806,7.1566339340111105,6.746325998405337,6.173476381456471,5.781626041421121,5.2519562286176855,4.777639228818003,4.5309917919913385
4.025,6.967765523641991,0.02951448567806761,6.8962822424561745,4.03372901142582,3.797584275493198,3.5432773656723593,3.340097179206262,3.304339278031244,3.1876848685773718,2.939668206332409,2.890324267439847,2.667518357039632,2.5673429959114915,2.485895717225834,2.3279396701442208,2.1776172280669615,2.133978774929036,2.0996375670869383,2.0043720526719007,1.9529351099801235,1.861908922054404,1.79390967075006,1.7973619507435934,1.6815694710491738,1.6116240286127896,1.6184176136010084,1.6345882276907664,1.607709730486121,1.6196069466502525,1.536218732320645,1.531559735456545,1.4502266607354746,1.4622850355969697,1.4644874718590417,1.4563892480223628,1.4652833881067264,1.3786871514383932,1.37255522504351,1.398463518730925,1.3895668166164892,1.3875670609217905,1.3849980454515323,1.3738048162732954,1.387814571559577,1.3679567763818299,1.3648193385423624,1.3629178892182598,1.3700996743890008,1.3763514732094262,1.3781128369404745,1.374313156615169,1.3687320595342969,1.3807397094408023,1.4439913199825258,1.4372992980369523,1.4601252485462153,1.4737830565793681,1.5150630874536857,1.5185334172177527,1.5359509716236455,1.6149277207063715,1.6195638046049385,1.7056710812319866,1.694376462944773,1.7935361804291445,1.7721429749188875,1.861484710798327,1.9482434862870985,1.935935626081691,1.9559140352049122,2.0552688252291698,2.160513461335554,2.1860925843601255,2.2321935952634715,2.343637239829388,2.493079560219001,2.477751196727615,2.6619278698645017,2.698164013366006,2.8347333079848305,2.934984761986661,3.0805490430084173,3.248228612827683,3.4034974170836025,3.544235872610064,3.7277408311691107,3.9433638291436837,4.210950600190703,4.405074242058632,4.724758920511082,5.031082731809041,5.5332725459240235,6.12018729511518,6.970966033265863,7.798352723703505,8.450127826410014,8.929591385449333,9.386110910367014,9.90793009453217,10.34540493547835,10.76240599533715,11.049681061267298,2.7074037329446297,2.0596783572725434,1.621286877178156,1.4807717829631286,1.4618181566572757,1.2204948449599333,1.2220869361510216,1.145413622792264,1.1169013608650211,1.048884297182551,1.0381624412949617,0.970639569509353,0.976027693060408,0.9677604341081065,0.8964198813221601,0.8806360919691231,0.8926916256956938,0.8862488098684631,0.8095464821915392,0.806260287907248,0.8124393279952439,0.8178509046615982,0.8049912880448566,0.8120044748647879,0.8033224699375394,0.8115096876087358,0.7298767977714014,0.7168685669879288,0.711421952299482,0.7290062728076042,0.7200906988322645,0.7361654422832805,0.7099575354776756,0.7346148489663706,0.7190900741824213,0.7227270798497277,0.7268573284934517,0.7364326933854393,0.7274710152549759,0.8073219871313005,0.8042208532378724,0.7874454237271508,0.8036122329268439,0.9080162033668066,0.9211967565510207,0.9283734952829339,0.9040424731273352,0.9478089554083959,0.9546329979858864,1.0364964124599012,1.0406926997161474,1.057764458182554,1.0468962069967886,1.1461952488183416,1.1433491734597074,1.2123160492296061,1.2055630947182858,1.302256145525453,1.3825407977891544,1.3781388011882794,1.4715669815778096,1.6846906144210385,1.8129569001115557,1.893230667439439,2.251362092242968,2.3885684362511057,3.965427220975672,10.32212157231694,9.812488222613231,9.390776777783332,9.008562997140064,8.54621829287578,7.998559012716734,7.599443100347224,7.046039301013198,6.608691747546766,6.139745127554667,5.639672038229441,5.159271768112349,4.728181347597377,4.495121489055536
4.05,6.9552157435102195,0.018931762279640746,7.030041237721879,4.15143772543393,3.8437337628788977,3.5974414147724225,3.4700841761768824,3.2886965778226727,3.0450120453339093,3.0462501673564018,2.7941925314761358,2.67913311807887,2.586652427925666,2.4045812454886435,2.2693925355188616,2.2818571660368536,2.168728022636381,2.1122935525504465,2.0127094558175975,1.9281155263784435,1.8723068020717166,1.7960249590714539,1.7236213657476802,1.7923058682405932,1.6918327695411493,1.7015675843759237,1.631779322480294,1.6039770376086984,1.5399928790614863,1.536606275383882,1.5319342867659849,1.4580479917907783,1.4668636224513587,1.454334866248322,1.455794230713406,1.4500088935916016,1.3567702344707826,1.3726280324223001,1.3722234836875498,1.3735931107844677,1.384146040756479,1.3589893534080975,1.3903073427793766,1.3831633692801806,1.3700413470051238,1.3797998789405488,1.3766680428636215,1.378757329093375,1.3649578373188054,1.3712431665372518,1.3850966339139195,1.3800204308418587,1.4736789492064994,1.459451258564202,1.4713858753315872,1.45068626770537,1.5176886171489425,1.5459726462308088,1.5441108745947516,1.6086452830737394,1.6067287189834913,1.7010960900021255,1.693671312051576,1.7894594018205616,1.7682994597285433,1.8567193217895925,1.849131076485508,1.8864078134064517,1.9571050757494335,2.024515951565429,2.0976850546796166,2.1100164393817087,2.183136921734986,2.3410691652817945,2.271623935438673,2.4637902416559014,2.4405148702381223,2.665748243196547,2.677952916789616,2.838733306367257,2.905703611622152,3.0797689924112124,3.1389107921829913,3.280624232664759,3.538693096723048,3.7231168395420715,3.898877815193841,4.2226265720321905,4.334637719822292,4.714061143384314,5.178268219074888,5.578104878895577,6.3286540926438395,7.1511119700820025,7.899200685393398,8.442582899812676,8.911434656335949,9.43625159607817,9.863759888767373,10.328287831401619,10.64736670564321,11.066532252790715,4.367295827729456,2.338641331810079,1.6698904355858235,1.4702766953272264,1.3976896534635164,1.3324731601691788,1.3100983541146733,1.2232506385844346,1.0585027513463914,1.0386391635176775,0.965108018919976,0.9610981482304023,0.9734244420681561,0.8797073313635514,0.90521329484211,0.8977845778889806,0.8721772673064361,0.8130703220592336,0.8119452130165687,0.802227984938887,0.7932479279397675,0.7924272834951164,0.8043761731794674,0.8285795694901897,0.7331322285532119,0.7332048731713526,0.7107525961066417,0.710523965815603,0.7330787551778981,0.7345430038048101,0.7183354658184644,0.7200432485826466,0.7370611586020468,0.7199150223543934,0.719008506144354,0.7364587550636682,0.7485363449772368,0.7178900556873731,0.7244982154785627,0.8005260201305731,0.8210744988413019,0.8091477692123653,0.8033664997476339,0.8233365185769368,0.7977279429141377,0.8087995661625138,0.7956383719692438,0.9697626172600555,0.9713219713135937,0.9755154945192629,1.0361729353692144,1.057822467392758,1.0956080668426262,1.1708991617098026,1.1441511542413414,1.237496278872755,1.268278299664478,1.3421218186210249,1.3179134454621195,1.4195449260968611,1.469114048151971,1.6163925745328542,1.8417295426716087,1.9633239015563408,2.1310927892978166,2.538320079347048,4.113327054710861,10.35531440815984,9.789224046842476,9.348598472233729,8.985701880376695,8.499702321926186,7.969978542377356,7.498057688776856,7.114035544986156,6.528655050957363,6.150307522743585,5.618043515702974,5.098179597574013,4.668116364398542,4.44576742508515
4.075,6.965529553290164,0.010685052687838842,7.119870548812536,4.154766903936682,3.90899756074703,3.6968521207716187,3.5209539911269414,3.247276435157022,3.161979168316672,2.902429891279551,2.8041686496212743,2.6837729123855043,2.5065880690922273,2.4560974353195193,2.3373961554633484,2.266067019089062,2.1843516591575614,2.021704770257775,1.9622539592224033,1.8758297507205106,1.8425251703858752,1.8617559337404863,1.8303925722802454,1.7656960353719462,1.6831904840512892,1.6799598769216526,1.618523805440184,1.6107590435616626,1.5505702274583928,1.5404565866219109,1.5331819452731803,1.4398324470318318,1.4454868606199027,1.4604051994367198,1.4310471567927512,1.4801528507904247,1.3825512432170586,1.3590821288691204,1.373489970179437,1.3875709266269443,1.3982125177388633,1.3783606506726822,1.3837980540258843,1.37915090821988,1.3715084962250486,1.3666700412389987,1.3822151358494115,1.388978809882602,1.3697528174655105,1.3890758112948691,1.3876466348006782,1.443170520498127,1.4481596149691272,1.4636291040338285,1.4582821194424889,1.5295543180054523,1.527095294801509,1.5220803397116327,1.608741157280568,1.5997898965672002,1.6148554289806276,1.6816537146799866,1.6840023302972096,1.639105656902517,1.721303637632776,1.778812788749502,1.858334940536714,1.938067286695136,1.9603467493424809,1.9662400092473713,2.068646469478857,2.123218112340156,2.1474879548587795,2.261275602957223,2.34471103403837,2.3714418830311423,2.4962433254178684,2.5782166428189446,2.640164865604485,2.806660484008984,2.878643036576678,2.9963017490108554,3.138003073896785,3.232586010292967,3.410859921546114,3.7122143642582888,3.824360312764023,4.125577314161124,4.34660302360724,4.640494318984667,4.988839046154338,5.598790651346185,6.458101626738089,7.256444991181057,8.00809508946104,8.483945035487933,9.005013756969003,9.386169265177225,9.890132614038924,10.189298326227151,10.624910918356733,11.067633822635974,4.604738651417706,2.3665589153784,1.8455548867668654,1.5703144809576375,1.4586277096841598,1.281611924407357,1.237407599877812,1.1459457041581982,1.1637297422628445,1.1356823565871088,0.9604943956344707,0.98060976833516,0.8870418573211253,0.8851024318891246,0.8908653549454773,0.895723721413415,0.8336816475315955,0.8063715296360146,0.8086529705958571,0.82091100039516,0.8066023523927512,0.8053470482504886,0.6998623948546578,0.7218457049463776,0.7311895651433203,0.7202561751345972,0.7227010886757677,0.7277316469508267,0.7348352201440487,0.7123433569682389,0.7302915984230909,0.737824894965975,0.7079498848688826,0.7316494661961899,0.7295734355335055,0.729233232524998,0.7249412231435045,0.7205354035500197,0.7249773436625474,0.7312470855650733,0.8074055212039803,0.7915153133672627,0.8121559674938434,0.80094794610306,0.8137514953861154,0.8088459710649026,0.8162993722019886,0.8989750401493983,0.8949456685975407,0.8808307762111879,0.8798687984208647,0.971808310110805,1.0340621811617638,1.1414766532471046,1.1590960437231685,1.223880512763632,1.2105203682047294,1.289451480250659,1.3615457380811622,1.4602512076977603,1.5250186711793798,1.6214016331402217,1.7227338593627308,2.029123848440395,2.2077831623154314,2.536109899128467,3.507640335203132,10.365405777089734,9.952545034347338,9.473360667064338,9.046253439860761,8.473257131963367,7.987929898872524,7.527252952293926,7.150341912250894,6.484122998765957,6.175439522884692,5.484635692526165,5.007612398979919,4.820894498558098,4.328754616771227
4.1,6.986673898810136,0.09054806961507104,7.072978772997215,4.194431473652506,3.9154180735095743,3.765414134747405,3.6534076836167815,3.4047340188003172,3.163571096855448,3.018645437321544,2.873923717377803,2.6678332603244814,2.5890539315690972,2.516527496911167,2.3638575781520292,2.2625254677413897,2.1379257026816814,2.006527611807231,1.9558244178734345,2.030699118194145,1.9459116132793968,1.8602830597331113,1.869257722577589,1.7926365735128122,1.6883304910472863,1.6910633305518021,1.5999235321362955,1.6339703099182719,1.6043169994359077,1.547782798900293,1.5331430142090374,1.554791700396578,1.4521500892647394,1.4500759830437564,1.4616190652171086,1.4742735289484215,1.4449927448809856,1.3922151296735437,1.375770954543475,1.3770712745893716,1.3694609147313166,1.367742552038087,1.375015981955863,1.383597756869337,1.3848860966032417,1.3567171004020417,1.369925020936463,1.3619912098413982,1.3808135486211917,1.4508850714838795,1.463777486422549,1.4416686041232796,1.4685062761175718,1.4571105522183185,1.5270737552119307,1.5255694018115118,1.537557802748752,1.5393758829033595,1.6299423074091541,1.6110522294360907,1.6182057544284196,1.603938109296587,1.6799871453374642,1.6994372067441212,1.7848602962825748,1.8748931992982405,1.8545447240315334,1.8391421843134559,1.8783927151721866,1.9886070599985761,1.9889436602421429,2.079226746191544,2.1753051902390994,2.2042362938986844,2.2767292426938357,2.369916440038669,2.415242828370553,2.492238579047107,2.5799239766611346,2.680698325558638,2.8431639315071875,2.9267359724563398,3.1076750933177943,3.279505459254104,3.369467838059896,3.503261774023441,3.7462310957151317,3.970473183122737,4.348613795707067,4.713647777683081,5.024872656903504,5.590331369266225,6.453928732035533,7.105211183764467,7.813420301858239,8.302427012924387,8.95481229879773,9.399705517331661,9.7768423110392,10.158891335896957,10.439483303918069,10.869529027038526,4.967167314634689,2.994988757521758,2.1714421743874115,1.6415447544203587,1.622494258498532,1.4231510416966942,1.3072190786872997,1.1380814648780826,1.1349364539592801,1.068073471259413,1.0522250044328199,1.0392196620601544,0.9779195362056049,0.9673963148584744,0.8794904531747587,0.7972337167193877,0.8011767344440203,0.804278769826117,0.7907989640794327,0.8091226797471255,0.8158025934073917,0.7109315642854066,0.7233680938419393,0.7288209774372125,0.7093701443746172,0.7354274350314522,0.7269825714108921,0.711911855260281,0.7256858829196332,0.7209013887884187,0.7404504955866966,0.7255930715274997,0.7388722420820336,0.7298947140886901,0.7065038202700825,0.716986775742016,0.7299011597037635,0.7306446968873523,0.7220438484636758,0.7217686622515889,0.7306709403947318,0.7313198693423961,0.8061596593195837,0.8261107904736336,0.8097074813758957,0.7956431187506909,0.8030041069110951,0.823885046323777,0.8946365129727114,0.8769525110848693,0.8743429959146982,0.9417905318936595,0.940641557283629,0.9824534051584255,1.0573444681693647,1.0313145061082976,1.2455874176056445,1.2872432894378025,1.3138768444338567,1.3930253395778998,1.523767476841435,1.5948167068510781,1.6890127280433271,1.785794038431532,2.167184440359358,2.3954130952715853,2.8590890633818136,10.487270457014551,10.097384737797134,9.554333014659015,9.111351532340201,8.628433500899055,8.222967642705475,7.639722628926079,7.138021802275627,6.6663135418368045,6.213138926613513,5.686043247283338,5.246244815759405,4.789140345282205,4.543623130007948
4.125,7.0002459417456855,0.10114921959024532,7.136296077815103,4.308151253806456,4.034585685274949,3.8224678954078275,3.5348054264519795,3.46415749207709,3.176893248220915,3.0835783536314905,2.8619468490897266,2.7619022167680187,2.676230172879872,2.547717640143608,2.4211478214605164,2.2745868701507272,2.1748673581025195,2.139528677501017,2.0815201102522294,2.0213582483150274,1.9372810693992841,1.9545724038997454,1.8484326090264687,1.7673345984526023,1.7923480527102087,1.6976201605839,1.705089211858854,1.6116554669006533,1.6081066023893102,1.5306608378955002,1.5437460658309374,1.5314376828260627,1.541192908318951,1.445382189826348,1.4577889239399835,1.4603277305676798,1.4679499430866312,1.4546118137407278,1.4379459898631433,1.3667984044267056,1.3866778200799592,1.3955848743679145,1.3698840157692251,1.3813821592048137,1.3630512554394836,1.3732939344713706,1.3793655694928215,1.451166894675269,1.456334129166086,1.474775572702867,1.4596434671649106,1.4564465273652567,1.4595689412906687,1.5376510898991864,1.5510659228247676,1.5329985214242166,1.5306654085180216,1.5605764540298666,1.5530008972020986,1.6204445022765515,1.6100431799960426,1.6086861700612247,1.6855064938257136,1.7420494402581364,1.6932243896543482,1.7482229668737437,1.8204624810280567,1.9155222811467534,1.8848959364679705,1.939043138239087,2.0130369440976335,2.0516285264762724,2.0923437940893734,2.2186740355906727,2.2267750104113553,2.31438830211306,2.313958396557387,2.4656267240959333,2.5218097806741278,2.6462433191430077,2.7483037817948506,2.834569219795213,2.9133648447497302,3.0321137971277703,3.339131401265953,3.5337655580881697,3.6774629594228796,4.032490455289671,4.164691596209544,4.451305702941704,4.847512679812473,5.400231002662341,6.253246789390404,7.100047845888964,7.749030417349601,8.160257476029935,8.764361116551353,9.178720884950543,9.505307973748176,9.955342504865346,10.272419497604043,10.709769540954225,5.051741090144073,3.174394679343045,2.4075443049380922,2.0637633570500875,1.7863570038898682,1.4777462716957461,1.408283858799995,1.2647983977919508,1.20879966511704,1.0550757659479397,1.043950268687525,0.955493342764713,0.9658135521993945,0.9660585251984279,0.891604815547093,0.9180534150457151,0.9376779131562247,0.8411671311593439,0.8829956652111468,0.7156610903676219,0.7251531383659637,0.7353338549071623,0.7249774644619392,0.7295142917719734,0.7425590093931789,0.7318869457021565,0.7473327822558609,0.718178898878174,0.723337146742839,0.7293012490739901,0.731849364504237,0.7294389875522509,0.7374922217564893,0.7172993315009418,0.7299372853860061,0.7388103381012903,0.7003411413637406,0.7239954581536143,0.7182381726064594,0.7356937363310696,0.7409131867542452,0.7312008410381291,0.7449902388029109,0.8015795388894907,0.8051934586981355,0.8095100884685354,0.8162455103114654,0.812633329950363,0.8074129703848002,0.8811017910979866,0.9050737907609294,0.8942593930659308,0.9585469970005434,0.9689620924293858,0.9733379216842971,1.0658699705606054,1.0479456425010742,1.1252153860558947,1.2934091086114856,1.3804364728751055,1.49449745909544,1.536073447093981,1.7213508588803335,1.8035170892144967,1.9567559389939586,2.3567937090790743,2.587788113704492,10.657729979980697,10.220522952439232,9.871871591931377,9.304386529733002,8.78186516221655,8.31972520812109,7.829962198529577,7.378969957804385,6.850430457836095,6.338244813742829,5.930503858316246,5.432579003608037,4.907177655258112,4.531277689231027
4.15,7.019500226509868,0.1061044637591962,7.231272035041935,4.463586396215298,4.262269336539739,4.0259803473948965,3.7094592097527657,3.518034824624734,3.390600835902007,3.1670346804255374,2.950422352594269,2.9163879119538882,2.677752675530791,2.583270578271718,2.4007123424549284,2.3279042527113374,2.3471439203462294,2.1903543007121513,2.1069567963612323,2.0219158138774453,2.0391387075205567,1.9406369930539702,1.8695697976237537,1.8094011392940939,1.7931776523260057,1.6917134405201364,1.7072591162037178,1.6219259683258325,1.6232103742750705,1.6309938285786945,1.5532194312523584,1.550047171194401,1.5293984927421302,1.5316539925403265,1.4386187567120954,1.4586569124280775,1.4365166594886356,1.4499766800398064,1.454666916788085,1.4569425527250466,1.4487580251565502,1.454594751850778,1.448670893159137,1.4532571566402925,1.4485197338757079,1.4651903661608572,1.4452823975586713,1.4707888057202916,1.4607879258707457,1.468856276529528,1.4392229589893757,1.4493595199108131,1.5349077629176646,1.5367960819450843,1.4417568014552273,1.4451643989886522,1.5350273129664367,1.555583468172365,1.5720696401404923,1.5637582509649757,1.644069938298165,1.5822826971436426,1.6371507039620468,1.6352286156913074,1.6746729805359768,1.8058727011984423,1.7651418013403462,1.7769494555073762,1.89237103020813,1.9490254019986617,1.947965608717049,1.9919364799049863,2.1161907561176223,2.0970476817855936,2.1884582096372203,2.2287750039202,2.268240454330897,2.3448268443284843,2.5048229781890745,2.6481855426012526,2.693285434606015,2.7369025892926584,2.893611410089783,3.065356822812266,3.186138052704126,3.3345186119971912,3.655952382429706,3.8602124893887377,4.107616644697934,4.486699349887362,4.884235106453519,5.466973893731821,6.225488161648753,6.971986731103318,7.604883330783973,8.035199267310935,8.568451231797368,9.02378413852344,9.4034462332944,9.818738408763604,10.085635820876023,10.597611048274144,5.539850729798066,3.9366486179074016,2.6857261935549968,2.1103910724934742,1.9280169206035376,1.6377502705193168,1.4921709902151283,1.3371024384031434,1.3202854469704786,1.115019623580065,1.0779978171846196,1.0840732504941224,1.0496079580318947,0.8927093374458699,0.8912554529229925,0.8822210084685943,0.8878459238725475,0.7926351184065665,0.818874584500377,0.7969539610450563,0.8017326516772569,0.7714935362409402,0.781624605839047,0.7551784591976674,0.7688552015885822,0.7324261803630253,0.64302404806368,0.6576048504295626,0.6369964837808697,0.6401959589088728,0.6420037713944129,0.6566872739727011,0.6614294403467016,0.6482114883531003,0.6383962455089152,0.7297919169941309,0.7248558451234164,0.7278899592571678,0.7322650074301683,0.7381996091038817,0.7369526420523284,0.7340285035681955,0.7374288205862599,0.7240786670340488,0.7267826927455258,0.807200543425179,0.8069590510676066,0.8065909062081358,0.815605387253808,0.814779613007873,0.8974089384366108,0.8920796692724702,0.8927984937667367,0.9645420652578375,0.9715119771804112,1.045162193091191,1.0473192476349527,1.1296840175826788,1.1134884048099432,1.1991353521257127,1.2946615742150243,1.5277067547741736,1.6426779221734509,1.8086198555088913,1.8733362262601183,2.0891298181150906,2.506027497017012,3.1479363458144114,10.40465819089041,10.043793844651322,9.410188324382394,8.981606053864475,8.528110965639502,7.8996510254145065,7.465686139695629,6.994461504397418,6.56106850481939,5.830890000344615,5.359114949990288,5.155504772573174,4.669318113487267
4.175,7.044944715560376,0.10715579487073452,7.294589339859824,4.428193658582422,4.139207109878952,3.921662304200726,3.8177361818030646,3.4910033162516374,3.3487106559299558,3.114398451330833,3.070698973039355,2.827641134462139,2.7002945732964547,2.495956382438467,2.431688922276655,2.438666258598806,2.3514126194159086,2.1864385140872127,2.0980353065273127,2.0237991083577755,2.0558926745688457,1.95527115178683,1.8751501835884417,1.7798700289119687,1.7845426608899342,1.7153935053382983,1.7071318020141835,1.6118967631458458,1.631971728219004,1.6320690570200633,1.541235338010177,1.5318443351493227,1.5345467362568508,1.5352329218895375,1.5655091843950373,1.4671900307454868,1.4436288108215676,1.4832354681058955,1.4369824463253689,1.4675997049382323,1.464674069498368,1.46974016149253,1.4618351378440362,1.4388624189489554,1.469916257230979,1.4495966431428018,1.4555867290318405,1.471999097369266,1.5013992850288091,1.4965033676226593,1.4245213922027244,1.4297441048128245,1.4920731817419153,1.4667899444083843,1.4955559680561494,1.5694036823218251,1.5352017042896116,1.5410656201803874,1.5557835417832429,1.518988959320149,1.6119290119463705,1.6354356442637525,1.7181405702354153,1.6540554842180633,1.6247211361725133,1.68876094957907,1.7439427309115252,1.7496508556559307,1.7888029870756585,1.855124679091946,1.9148292590811304,1.977857672574338,2.029987426832104,2.064164483842024,2.175304399206872,2.1826986564505364,2.303095694140793,2.3660621292875073,2.4385121544917703,2.493702681348716,2.6159232679067004,2.714633630145883,2.867902734938989,3.023023468384558,3.1532921156673126,3.321703248251377,3.6121661281297937,3.797418512055234,4.143941819698267,4.463842675307829,4.901896744118877,5.499899643725992,6.22253407986274,7.016764747151022,7.514164222314188,7.9591763945963265,8.520861174007868,8.863359733707938,9.366959880125902,9.71432116150993,10.084417629447618,10.459406598718864,5.119238039442724,4.0675375899957436,3.12961213342195,2.3263531564716566,1.8189683581038643,1.76669466368586,1.6828803544886508,1.3903218100755075,1.3317632219243247,1.236244116108407,1.190175605838419,0.9863680742393555,0.9757570655135743,0.9853457122158041,0.9332912553320166,0.9666135499860504,0.894105853313169,0.7938285493631174,0.7998382247153295,0.8149377083191506,0.8129874453754734,0.724669731237273,0.7210914671687855,0.7332727951415805,0.7201546440800385,0.727664461535538,0.7434595951113496,0.7211942320666527,0.7309150603238501,0.735932760626452,0.7213958736860366,0.7252622691919209,0.6621642220065684,0.645609847413308,0.6608177464926539,0.6666033406500629,0.6278096489888468,0.6648754319815922,0.6558931601131204,0.6459559786381561,0.7196192016410831,0.7418018829879616,0.7382042522529849,0.7311174955088846,0.7263528102265758,0.7139579697743417,0.7374200761028368,0.8074806785475074,0.815013000752574,0.8155741143100764,0.8181839123534346,0.8795086504344583,0.9007732243800715,0.9059477666183214,0.9798690506718283,0.9704998038099585,1.0610718714046246,1.0389205538161006,1.1340840385453301,1.222861501605444,1.2925476493081531,1.3765484133161257,1.4640456882495199,1.7350439959240378,1.8989501769194508,2.1003108605898313,2.3612452538049076,2.88048928534423,10.383009427097834,10.017086824387315,9.478932034177445,9.087656097757046,8.632590277992607,8.13315871085221,7.5564654420241775,6.891429123239241,6.505486802490545,5.912406133759956,5.565714072239767,5.013724471350849,4.828840994278505
4.2,7.075233735108597,0.07774307254926248,7.3846021836028335,4.454007408426834,4.202185544775924,4.007335877435145,3.6865310652576175,3.533683935330478,3.2607725386958673,3.2022000762767133,2.9745021058994454,2.769225546669496,2.647528401058126,2.6306129917250156,2.5630661193168196,2.3889479611178337,2.3134842546668324,2.22870561822667,2.1545957306493055,2.0515578031483948,1.9786467001886765,1.8988161824878236,1.8984478858601723,1.8239721352402547,1.823891075224847,1.711844188569901,1.7377972060637896,1.6418267938278361,1.652550122642432,1.5897027157950292,1.5825010471129655,1.5815207035686059,1.5848344439459134,1.4801165777078134,1.5201070618622743,1.4998446763864282,1.4815135339235543,1.505636768825207,1.4855467283890347,1.4695312146956212,1.4598471437685259,1.4642141986401924,1.4725364762436715,1.5047074315905316,1.511031807097774,1.5280242429083473,1.440763561076451,1.4189947591030434,1.42433110941597,1.4250956917582114,1.509882800073843,1.4982294382187629,1.5065180540006964,1.4895781839983782,1.4457590996301908,1.4906187283007024,1.477778176795292,1.5293044551874668,1.5623202658992594,1.5615976448173952,1.5721281413866406,1.6037820858457437,1.5862146459588737,1.6856956501856672,1.6719237547578567,1.709212339528312,1.7251918562988517,1.8401646715649023,1.8239466074516797,1.8979495486936773,1.9376587748420382,1.9038393975812338,2.0262870021164794,2.042671746329916,2.181031040451945,2.1602840046569236,2.2645958749713273,2.289152141070094,2.4531114895490114,2.5286510869485506,2.5789741806742428,2.6933238924539578,2.853167919266511,3.0187800226297217,3.1234958069773198,3.2787126808037743,3.617696626891909,3.759498336875044,4.120288199533836,4.736545651262196,5.116672857416325,5.9399833025319575,6.6233274730738705,7.211374282576753,7.6542414007614274,8.10154738216922,8.66985840908866,8.902575424869367,9.290469942314374,9.77678564479405,10.154785074462259,6.142826149387318,4.5455469828413895,3.594633793655228,3.0180761718838607,2.1873106872734898,1.959223914123597,1.6300416993502713,1.5754609910533683,1.383319570506871,1.387761247496464,1.2744044618007038,1.1887957029073757,1.1023126215706054,0.994940970275745,1.0006847145983109,1.0095363482690873,0.8594772257840133,0.8348102694981677,0.8594579647548102,0.891931734454932,0.7998001658100153,0.8079775145905963,0.8513147973771961,0.7088141583230575,0.6741300438437199,0.6875503159882358,0.6848403840596652,0.697122280535544,0.6987747738708945,0.6977103130195735,0.6959174941814547,0.693886624128471,0.6988847551105952,0.6899723991356057,0.6765888259203836,0.6949814398652046,0.6782176211131735,0.706730882642635,0.7669843937301805,0.6789584484255633,0.6912582437131221,0.7087192615246115,0.7012576897656406,0.6989730729868325,0.7054850409399472,0.6889024975618382,0.7076063838332082,0.7742182812136211,0.783509532833764,0.7697124376222644,0.7753439256026623,0.8577416118303036,0.8486500209359801,0.8365013895896877,0.9353484093744647,0.9310418442097428,1.0066021376513243,0.9930210291196844,1.1033390567214099,1.078335507504151,1.1726081250017903,1.248994072202349,1.3250110514429487,1.4072857466200235,1.5705243849988961,1.9352764069299173,2.145158950921809,2.3624836743707442,3.088678389189252,10.372314780059662,9.941854887275271,9.513009447940847,8.978013117542115,8.537010274550225,7.898109819256451,7.3636933362205585,6.87033160709195,6.290930904323267,5.747473936531063,5.42255896368485,4.984481930593631,4.7793285215313945
4.225,7.112263990847958,0.06429764800514694,7.427876334880218,4.453634860258134,4.190477720739561,3.833897996142888,3.6648692510657446,3.438043998936143,3.271832332036471,3.0717070169317626,2.8947473952702594,2.73541289055103,2.7346159484711614,2.5795799545502134,2.4986226065862267,2.350253831163336,2.26080577222283,2.1872447470279175,2.084887732386945,2.016993206892926,2.014420426380025,1.9434961154838803,1.8662607241055063,1.8641722264083072,1.7752617294052397,1.7604804252474648,1.7038916285179742,1.6812772098771944,1.6811816825464705,1.6059827958085768,1.5932121882833734,1.5954693503193502,1.5650222087442667,1.5785750917665065,1.565550408396204,1.553209467421487,1.551378714957767,1.557157947954935,1.5458089815355707,1.5460790531451296,1.5536366003409432,1.464700223096907,1.4590257773827189,1.460703872069123,1.462542642753942,1.4640518373066937,1.440198416985001,1.443986995129512,1.4320658730600009,1.5051749630299842,1.4040653291830199,1.4219554696092578,1.4955899353582034,1.4778490357867922,1.4742916197601927,1.5614756814224697,1.4540991606825395,1.5353273488044232,1.5406787448745995,1.5357602114254054,1.6636964464095363,1.5509348594701977,1.6060948587972494,1.6874371959292085,1.7554211051584723,1.667583950885773,1.7382420848881617,1.8117764164326853,1.7931735827817268,1.8407409520585973,1.8816544380997107,1.8835830137650156,2.017786410914432,2.032050914542095,2.1344725422417516,2.136928235197262,2.2632004861621375,2.29126556159345,2.410149277458955,2.580358164070279,2.689091903867134,2.814131291910135,2.9097352036712545,3.0023404609205824,3.3383604495670918,3.4716153592954155,3.610858511246849,3.982304605777763,4.411904470364357,4.95594568400578,5.5509432972766986,6.291836345765003,6.973599410386694,7.394674041540744,7.846211046176003,8.282333907432022,8.663868329880112,9.021181836874957,9.412412895006822,9.808724321106489,10.25298586347072,5.206031883540023,4.190738763402146,3.2666419218103613,2.962242979811672,2.325357108957482,1.9706261956309608,1.7851139486462424,1.491720116129885,1.4260952278454595,1.408663302337978,1.2935170048010012,1.21710709012622,1.147636254420038,1.061459062426137,1.0788957154975742,0.9723463896755951,0.9073650707918586,0.893397207361068,0.8857584169434363,0.8917877267302543,0.8164875061530199,0.8100032619644042,0.8078267111116129,0.7903530638697417,0.8063881708571137,0.7259389224609382,0.7191012342901149,0.7493411775745635,0.7230905868321519,0.6429625990932939,0.6441778826183368,0.6530748757868438,0.6456966247090178,0.6644655990124512,0.624065341135725,0.7190871949622707,0.739866830700053,0.7182806227610502,0.729814415619385,0.7257586343744424,0.7418128024703785,0.724820623562154,0.7148461057597759,0.7342748664726396,0.7404769123668391,0.7727969291901573,0.7597125783088963,0.7644918886282568,0.7110239336984219,0.7280591641263838,0.8097960308394236,0.7850947897743007,0.822715316962258,0.8647969900355651,0.8938829570951534,0.8680055841470034,0.971043529902105,1.0571336884936955,1.0634354483469552,1.1247481316005994,1.2162296367731633,1.2985295818157894,1.3655945230352462,1.4610627508021372,1.6134115911478946,2.023702417465084,2.2096670844749187,2.5371992850600735,3.2620271390359883,10.322705491137688,9.769327818670376,9.205736684916348,8.737370894429537,8.253567012448526,7.730990288087387,7.231655425119379,6.5764731048745695,6.1426800166644275,5.6148881008291935,5.211957655854125,4.937650418913176,4.708270184312034
4.25,7.148886956767345,0.0531015193800719,7.456725769065141,4.411355248872917,3.998146196463931,3.8493343264413875,3.645005566628717,3.504861712777626,3.249383246853173,3.0281785996248645,2.936680507026603,2.852311981715886,2.7041135871627042,2.5105887313131126,2.434511979055106,2.3703476660326444,2.299832824061671,2.1794051955414018,2.0848140475804247,2.0109273427065113,2.021550789323501,1.9523061683369918,1.9187135891011253,1.839611707218731,1.8293985264019108,1.755011944386071,1.732305085271454,1.726931783698224,1.6621159236519698,1.6356964916853578,1.6517281150619294,1.6457268300233043,1.5431606642823792,1.5603080486466898,1.5347723145391545,1.5622331421945792,1.551793138294983,1.463306846709269,1.4599871487727614,1.443130454507676,1.4518138673600856,1.4315060488390188,1.43556714077048,1.421381372805794,1.476489816351561,1.4106154210078272,1.4075544766995096,1.4180051200813162,1.4749762538523328,1.491396995044347,1.4771314175956924,1.4828382576220283,1.4552982322494012,1.4574843143102933,1.4679149417315287,1.4997246575820522,1.5269810633909693,1.5332082903471256,1.521822352565534,1.5681421386716083,1.5709691550136253,1.6020345676159657,1.6028961931339758,1.63355216994385,1.6580446083718567,1.6503258525912745,1.6862677804458897,1.710895702241452,1.7222092438186036,1.871538367101498,1.9031720887623678,1.934185343249692,2.0533914498047126,2.026318146487462,2.1647694224968883,2.1127925504329044,2.2541599482268113,2.408712991302477,2.4356812132917067,2.5172240154081065,2.6754086496954943,2.786668004408681,2.9626145711518914,3.1534326048808925,3.312985585400737,3.4605681863615168,3.8283588858326905,4.180390816093736,4.52621453598643,5.4013791697036515,5.882118225719495,6.566843627111904,7.1284738451618415,7.451284058576017,8.005455220455842,8.355372435399412,8.741882706496737,9.101970986469292,9.546183569815328,9.900318266208247,5.8104023112149745,4.623853258563152,3.774494021086088,3.0952664158371395,2.801776092564377,2.183404424252895,1.9665599767600814,1.7120959677829453,1.6340433801550949,1.4230789203701888,1.3656455722888883,1.3104179674119953,1.262595049029285,1.1139818259064245,1.0789779818876966,0.9932206422187877,1.0148443862956515,0.9578792968852505,0.9828560760012154,0.8166223443438032,0.8463562400633399,0.8284957301961694,0.8165038186308604,0.8620234577119825,0.7709728561090584,0.78579606649844,0.8235858092282009,0.7576754807847353,0.7564833440715788,0.7598728667154315,0.7427476598183299,0.7537004074897866,0.7458650683269457,0.7619415321402732,0.7569311179361494,0.7484653849389779,0.7353560651957362,0.6556224450975716,0.6803456483297948,0.6674147544680663,0.6581039793416833,0.6753723901736105,0.6828911117835222,0.7477825457970845,0.7366257702759657,0.7464777404642389,0.7510088669837961,0.7448320140389482,0.7470951389601759,0.8250738814872389,0.8498063053060539,0.8224555419282146,0.8418189881391358,0.7687656623715865,0.8694310949524932,0.8457607127183107,0.9272320506090688,0.9314933112669942,0.9904983020752858,1.0510669035251712,1.0662765021838307,1.1451265731320364,1.2234604847384278,1.3070327370207402,1.4868501632661077,1.6297327885832935,1.7697661414619361,2.270193967038932,2.6395463658229126,10.656362227627662,10.131452760647486,9.618222937860986,9.23003020845468,8.659115505131926,7.997888032368468,7.571527555264747,7.008722295456845,6.560008868407955,5.9882655738752355,5.620344534888618,5.157716066479123,4.95054747035583,4.730770198585326
4.275,7.185170907651762,0.04288310569217919,7.485575203250064,4.281096943963003,4.084667275165139,3.7695452740748236,3.5953208759010993,3.367965385714091,3.1882296005163115,3.1013943590250723,2.9814190651592276,2.8130847749904886,2.6555725643181534,2.556893623968672,2.468384640713395,2.328942573283996,2.25224107420472,2.1725194889486263,2.1367288251738463,2.034076284228088,1.9762912012754876,1.971008531363078,1.8879850225126869,1.8821651178376098,1.8031842305772887,1.7961932296170775,1.7217535602566283,1.7187330294003715,1.7211553754305136,1.7076167830224507,1.6918533710601573,1.6365983985401114,1.62167392595633,1.5095334607274284,1.5269614825563425,1.5198572088173719,1.4990187865775024,1.4889707686025573,1.4864921916733373,1.49904756901318,1.4697576107582444,1.394371344954272,1.3994401207831482,1.472637464053417,1.467140869070312,1.4858487136146903,1.4233773624653818,1.514419403176574,1.4524791165133821,1.43311124041778,1.4142314976585453,1.4892634547850416,1.4997709287339311,1.4061209311164657,1.4700714605240193,1.4637385266938379,1.5433291253927695,1.5398041762878416,1.5407453511137195,1.5261359740205271,1.5930734547905756,1.5222806761099164,1.5847769322597323,1.6414742032459688,1.6020848423791703,1.6510775764325833,1.7314181996449907,1.7971418182857986,1.7541829415788854,1.8371401760967137,1.8679141592076962,1.8641439329074072,1.998150825936347,2.017396371038981,2.088974007121054,2.2110091578046673,2.2166038312453593,2.36813839960768,2.397830045666053,2.4893939196832324,2.6768781970309825,2.8302632081201247,2.9868031860828834,3.0912046543540046,3.44836833598646,3.560229696778703,3.9758157541430146,4.329030819870161,5.0724336325629755,5.546750806794369,6.160613603123118,6.761597373607991,7.157352069749631,7.690613899267481,8.005024631482273,8.510791656045006,8.81151002371212,9.113539787028506,9.475444823330017,9.93551722769696,4.90484628928368,4.052115589638395,3.3043808556609005,2.9356842421255243,2.697484136406266,2.197055423755759,2.000099457769827,1.8090922533258893,1.6921531039199935,1.5058839833731568,1.3754876112195107,1.319999514144894,1.1993231504070678,1.178972533252322,1.183465448621482,1.1419582309595553,1.0519192969146058,0.9677871725317142,0.9788771189602249,0.9219357584100939,0.8494788571572811,0.8434148717387326,0.8710558498907768,0.7325595285226688,0.7536073116352225,0.7648970602354094,0.7487044047850123,0.7496707277442851,0.7564283145633998,0.7388284865362665,0.7436727488880368,0.7443108324152319,0.7355982736438393,0.6626680532325225,0.6743049483620442,0.669294816379342,0.6684288511677301,0.7410610358869216,0.7358213149263242,0.7534339928351913,0.7506777987856635,0.7520399757174969,0.7448261802128879,0.7441424287812639,0.6509381017148208,0.6801900901923561,0.7550199631551058,0.7619770923104168,0.749057282065759,0.7505384336059499,0.8246440727288258,0.8207777851293337,0.8139974779876412,0.9062261381578853,0.9015890074817114,0.9995245224326564,0.919050137565569,0.9248868173624958,0.8997351041071904,0.9689168397532757,1.023055146832563,1.1255423676256582,1.1828949921896217,1.377283226195132,1.432204790745957,1.5955430002405169,1.751957649506683,2.0050943437825617,2.7309765374077424,10.571289813349688,9.991883621957886,9.561010381464433,9.057012888449115,8.543586321049228,7.886002655675898,7.418237612265469,6.957379420931428,6.2922988064862615,5.885640608641027,5.531386054576751,5.104693478880076,4.862736840386203,4.5747016653703385
4.3,7.220558942346161,0.047564227152299306,7.462346539666057,4.3797773751365865,3.947313810013311,3.819111440678237,3.5401314374473736,3.371691332816542,3.3027459775267842,3.127205624722041,2.9419712338012665,2.8127890596621854,2.6638471602526486,2.6032748694908032,2.3980894780210633,2.3436487627077254,2.2506725269921457,2.181524373147215,2.089123799939512,2.0969475473255685,2.029762243989674,2.0020445295226135,1.9234948946172996,1.9151888587409043,1.8530855848471068,1.799802608920816,1.7884671151813618,1.7366295056493604,1.7308424802803555,1.707741713100948,1.6208022332348049,1.6313152629524947,1.6271190861824418,1.5374870371192835,1.5414466567974223,1.5187212407446646,1.528604507957916,1.4455844674920943,1.5026673950389688,1.4823576870339656,1.487072005570861,1.4652131419857735,1.481968938381684,1.4675457148592097,1.3829815041219817,1.446999129314198,1.4676191706513158,1.445003960407262,1.493599847980171,1.4034042847177728,1.4195154938289722,1.4682873925683237,1.4722809870119005,1.4545400166780325,1.3903631573084902,1.4411831016593228,1.4572592042406394,1.4454936440685235,1.4406812086393403,1.5037769351203962,1.5696306463875533,1.4948334263833758,1.5751636439356516,1.5859202848077587,1.6964048607388682,1.6262599990953324,1.719701918054867,1.760196098604191,1.6958784892962975,1.8079130105177887,1.8406041526260657,1.905173464124264,1.930257975119122,1.989507615480865,2.0505652811920103,2.185095636396295,2.225827177088115,2.358275579054239,2.462628537341882,2.491329555827022,2.6019522731660576,2.812806697829106,2.9509095223926254,3.2970985301169637,3.415761632121965,3.561488946741019,3.9820812234088923,4.5809191738274855,5.195728548144009,5.83790034648673,6.4245091934414305,6.841979216489827,7.216682199361142,7.646069656996464,8.11772222133382,8.48958316979383,8.764520110343305,9.10957122193868,9.569367121745953,9.931046543160301,4.706989741122133,3.856742685189753,3.4271422915001146,2.8790350485089604,2.671960034332424,2.3636000255615395,2.0261345061516294,1.8420012853864836,1.542119449772782,1.5203188402801755,1.3472887851210393,1.3640138174109548,1.2097118748038933,1.2110797710183565,1.0569467471853737,1.0486374904028493,1.0359737452886204,1.023577169756577,1.048202338394031,1.0500352144057599,0.9147856880385822,0.9107488850644072,0.9332187423443986,0.8795663252047728,0.8076894695082448,0.7981785313883942,0.7986257382520353,0.7833532165805039,0.80766596885184,0.7908411035688837,0.7273614982460112,0.7287318052407049,0.7285895504092655,0.7250541647346345,0.7228476251941172,0.7329884103878703,0.7237254496123071,0.7231376722372733,0.7245462950690383,0.7321958806176956,0.7190005352542566,0.7373804638094503,0.7102389910399042,0.7368221346046757,0.7252229903740072,0.7125654061948844,0.8089760485507957,0.7959115903801566,0.7894713528813186,0.8197704367697694,0.8150638583874088,0.804158068459089,0.7891530413699162,0.8068410253005388,0.8639922739522272,0.8821676138519732,0.9722314486077901,0.956879173576148,1.058099422479964,1.0456946541178622,1.077099423912113,1.0681029481207527,1.1556105984741314,1.301660366419864,1.3577712196025193,1.5521634155759656,1.7675733224648575,2.008450641864843,2.766261657205126,10.54376756666747,10.096370806524947,9.532262224085517,9.078533201919937,8.524373470096037,7.9409216246128915,7.355385489893406,6.871836597901715,6.335468305626383,5.89097410610836,5.508946533166235,5.185994498983979,4.823920709742743,4.5524395217816
4.325,7.248140090937917,0.037938521388096696,7.461388172511562,4.287694715149966,4.17879444753139,3.805119483047348,3.6083488391736314,3.4412681962076155,3.287567287291313,3.138519348855599,2.981807003371528,2.8233972331099775,2.646405538178795,2.5581179274331034,2.489547622926972,2.4391245423670407,2.3429855279951806,2.2370647715939,2.189150450607463,2.0780207999727467,2.0770270981919206,2.001310554254666,1.9944330527353396,1.9443235834757466,1.9229528332702148,1.8500648099576427,1.848284026922177,1.7103711147683647,1.711504410962055,1.6385419121647637,1.643641557872724,1.6473392088838776,1.6469017678733036,1.5267484234938544,1.518507766074619,1.5123784018118431,1.5238337772828627,1.4851365556357452,1.5029268547205292,1.416247974703395,1.4259568308883792,1.4652679727314168,1.4695470914859938,1.4640959360278225,1.4267170957605528,1.3744743987367367,1.4323132805956156,1.4158014809348332,1.406694318961815,1.4019456722971029,1.417103200760819,1.3922709641332878,1.4531754158686794,1.4846416371023186,1.3811331556926838,1.412247245307634,1.5040583412591455,1.400583309759382,1.4187320677930466,1.456242287776078,1.5326976400684376,1.5417331920494026,1.555701753195686,1.5997603925426163,1.657273870945281,1.582911075308253,1.6866627938950238,1.7424294913178753,1.721631579427066,1.8399791572502089,1.8079449900712123,1.8614595385204604,1.9699947936867737,1.9701893099925407,2.025026900905967,2.1486495392410356,2.1650762357999205,2.3130857587486986,2.450338450767994,2.513120533235004,2.5959909140536728,2.7071392633530444,3.045427783163131,3.2649268938979286,3.4281414486736006,3.832041898139648,4.26232352864645,4.8109298319435965,5.306350187658938,5.805443342546434,6.4211623368148025,6.810779118823768,7.231647075743084,7.66665171137079,8.044676764708404,8.405197794508254,8.705898132628041,9.065150279889561,9.398608456646384,9.964461858262704,4.327500161662994,3.735498174647733,3.330893833917497,2.8153390870175494,2.591803383073269,2.330599371768263,2.135169057660094,1.7580779170898968,1.7186018360890025,1.5174044413872645,1.4191746097321536,1.3677470404873147,1.2701425983573078,1.2012863467869679,1.103739397196117,1.1015355888883072,1.0580795259097486,1.0152161737336325,0.9910872829381947,0.928575097088967,0.9687701665669349,0.9481077724706901,0.9463208893096372,0.9367021403834436,0.8487475278225554,0.846538736202682,0.8255967496916976,0.8077297885001835,0.8167288805844647,0.8067418961836206,0.7532509532129464,0.7653875590433611,0.7858217419565928,0.7765750534443655,0.76896043131353,0.7731998382064442,0.6895569251139957,0.6984142870891347,0.6894579526072812,0.6898605092894808,0.74925533629056,0.7749844155913564,0.7632687266350511,0.7736453135805822,0.7734257769009159,0.7888823392316586,0.7778669164573141,0.7898495359157683,0.7758940457827269,0.7674165488078728,0.7793277361589079,0.8290587295066981,0.8489465098976521,0.9130667745928729,0.9210976662502299,0.8464670410854302,0.9204761112088344,0.915173820132706,0.9456756776878571,1.0183280436103093,1.1125361460084588,1.1946660663909212,1.1992947502772564,1.2058103128585835,1.3171647697430073,1.4865033172047413,1.6695221227592305,1.901255923222179,2.3386377495900796,10.534915415283477,10.044744769262893,9.606780007746428,8.987532151104602,8.540983194368575,7.962864562969447,7.297621570070994,6.853122122504443,6.365061946601782,5.926708973972739,5.457534119859957,5.250056737286902,4.948139319860994,4.58920950565964
4.35,7.272486077391896,0.03224164623193559,7.460749261075232,4.27793592909073,4.1416921780362195,3.8425274270289607,3.648123378996539,3.5509775601537976,3.298089412632438,3.1555420923881647,2.971603300723509,2.813354630962619,2.7497383431784055,2.6084762789889275,2.500257757111316,2.4127418659128934,2.3932494263654536,2.3178028741881196,2.23101967029539,2.1398226153140882,2.0714305902839323,2.042262555086438,2.0578235400489255,1.9521934961348215,1.8517212571352222,1.7597935611908897,1.7732898211314325,1.7358378936139178,1.7747180604716448,1.7167924959615415,1.6466329517161877,1.5711282679851786,1.5708410914245643,1.594910461607822,1.5582126188752101,1.5468200198971336,1.518767627481716,1.4976922151883114,1.4859828786635723,1.5246922863443833,1.477772900263928,1.4141723290623505,1.4088713668890864,1.4723014130378083,1.461227961677121,1.4681997037962073,1.3595955325667355,1.4270641022242279,1.4264451149442108,1.3969766231061436,1.400005446580923,1.3644689533962893,1.431071551667787,1.3208831967478505,1.3593039258142168,1.416720461620357,1.4626650632822762,1.4591550311541321,1.4413695241364302,1.4736682625739579,1.498895584426119,1.5030595692144395,1.5245682269081668,1.6001569188836537,1.6464745151211477,1.6071724582413291,1.6068583325577936,1.7248067747218394,1.669618627979744,1.7632689100335837,1.801590031433412,1.8365449500744315,1.9008408826744836,1.941838276862553,2.0594217081530704,2.147641336345799,2.2073842559937873,2.302650520095161,2.4722199935811155,2.5056388578272535,2.619450824047586,2.739867290977337,3.0632725740282427,3.2472824843748813,3.505453982289789,3.790835745189242,4.267730457222943,4.856694532080475,5.514845690864405,5.8478214094017495,6.360294694949257,6.733020677164667,7.237692379639412,7.564978416640549,7.933277145062326,8.295595155118646,8.581334816778904,8.920980885457432,9.439272514528712,9.773628093980868,4.368727723075136,3.758303650742612,3.357949591534588,2.8050168868601313,2.4518534177103994,2.3873573736759313,2.030739714350343,1.8880976994380463,1.7250889453251284,1.5402432593712712,1.5773983041358468,1.455943009101046,1.2869788221843173,1.281723069832466,1.231717267811893,1.0928561958738885,1.1572470136729733,1.0895372217622605,1.0244218442087745,1.0346437470545642,0.9459014535174975,1.0104093769943152,0.8595774704985913,0.8408227286267992,0.8513307385296985,0.8247038488679992,0.8558262748318491,0.8468412152376358,0.856935896090593,0.8386554410108679,0.7638628772160799,0.7444113128406172,0.748487583779247,0.773426812422303,0.8571680507568962,0.848074742876432,0.7589384054311212,0.7685527212916068,0.7627867534896464,0.7533892451275256,0.76836611207221,0.7625653098434805,0.7664662574439325,0.7818506696606367,0.773908237717027,0.7494066680889877,0.7567119385401482,0.7682999658407623,0.8454177022684188,0.8451936335513666,0.8371085723627232,0.8515959373755383,0.8724335583685348,0.893520812502204,0.8793726396075071,0.9141897346144262,0.932417981839749,1.0183309634210749,1.0129740276931265,1.0560207637165815,1.086998335153595,1.1468663136781407,1.2391063504705264,1.3003612035046552,1.3942902716819128,1.392457737679355,1.5160995362809404,1.8334275240112015,2.2409825322145167,3.4226201757993437,10.03426690436036,9.595277583404506,9.116303519246433,8.567970642914446,7.958433798762262,7.442146489059908,6.750352904707767,6.293332480513304,5.943516233825893,5.612167084093703,5.318852978084907,5.0035120478428965,4.753355542003436
4.375,7.293965962195348,0.026295266568494558,7.460110349638902,4.538350019548949,4.171135264780068,3.9123569264031266,3.7470521269396393,3.51759789142991,3.3796402070768403,3.2093427527394374,3.026756901082246,2.8997698452678526,2.7412058812173807,2.6503259884430976,2.5867782548008162,2.4746537301009255,2.3945078482055724,2.3038843417841615,2.2584847357227145,2.2201349233524694,2.146589645504133,2.080697206117656,1.9923195481678746,1.936828472023435,1.8863772202572615,1.828368212363949,1.7997165760287872,1.6708619381032437,1.697351152698311,1.672079588099844,1.6190905347877818,1.6165190435257504,1.581204990159998,1.591577341768569,1.5594463251775725,1.5735209616101948,1.541968911937528,1.4623024836186378,1.472890908923384,1.4188254765755781,1.4953399463457586,1.4918870964970656,1.3756672911890355,1.3792388127448352,1.3810699446200052,1.3424569564945321,1.3329441883358475,1.3424290548260875,1.3749179961738685,1.3069753442157024,1.2965916235845916,1.3515515336389223,1.3539227336291053,1.4326160568691113,1.426463651925039,1.4075425252200957,1.413911973897773,1.4101965975722988,1.393565018288049,1.4448296384246029,1.451550401571949,1.5111797122493238,1.451434528568768,1.4885672143795987,1.5765803161236642,1.5961349504034463,1.646116721124372,1.6541489552851678,1.6566980344577324,1.8004989473140565,1.807609381265832,1.847561726595586,1.8633989024403117,1.926632781000447,2.012902694194914,2.1317716858068168,2.118087662108312,2.3150361823050036,2.4431506854058602,2.462273365698972,2.6760240551829835,2.891388582913785,3.0341586822138673,3.2775116382631837,3.4457545548628787,3.893101519481862,4.468242854953996,4.975581581230845,5.451158761699832,5.953804471890466,6.354215166795294,6.749109352382378,7.1259233886387054,7.546640174147087,7.803708856752761,8.207798374947727,8.511344751237132,8.941279540328527,9.333920804721695,5.2159975834444525,4.163858419282026,3.5119689120689292,3.1970832275832,2.769349734383784,2.5891435040246304,2.2816713863639064,2.186235905468942,2.023648859749433,1.7112333275451426,1.5910902639693976,1.4331792686378895,1.4709871988661032,1.2933066760010625,1.2975267033911235,1.2932925843900673,1.1855174710721312,1.1086702457130193,1.1098210414965028,1.014940149712894,1.020696886956317,1.0437183884051373,1.01573117685712,0.9063780134334183,0.9322439463670761,0.8752000840939873,0.879109229093432,0.875758085699899,0.8472635476670519,0.8396509120105955,0.857705741231833,0.8366571187313548,0.8498859962782438,0.8454616296891466,0.8414529276025672,0.837562458178888,0.8285665303739126,0.7526921359804696,0.7681965570860587,0.7600813447585015,0.7378717593335571,0.8375905425823935,0.845593658799326,0.8127860818834562,0.7625328269022099,0.7583833225278477,0.7504317893211839,0.8348045495010863,0.8610601195179166,0.8553246698810744,0.854056072121535,0.7756814166607792,0.8316580959204566,0.8282921355973418,0.9174177644590455,0.9302602724396212,0.9985076149288371,1.0183703089056848,0.9292489630952402,0.9799210189682025,1.054887469674146,1.1531318063074878,1.181723080758088,1.1350960772513217,1.2235813098473898,1.370222544471314,1.494053931045173,1.490782224761364,1.5958391574975175,2.0030490759104365,2.6447391192484937,10.204502766192647,9.700574005182697,9.219774738229079,8.581708729232446,8.102839307123888,7.428367605185221,6.949018578637972,6.516361854857317,6.04084130661311,5.664414822065832,5.336526437550579,5.012783543959844,4.710669161695959
4.4,7.312776923092188,0.025880121429866954,7.494710285995344,4.5460633202099245,4.214574235683346,3.994287005754907,3.829012155132831,3.5970591120637603,3.364849733760578,3.206328348138797,3.0604805493401104,2.954246863392977,2.7775952906686148,2.707473335960708,2.593066570322826,2.4816108730823396,2.409012748880319,2.3346264360431093,2.2758866477938584,2.26759920290975,2.11524727387717,2.0367218747042948,1.9751225864973045,2.0099149767239424,1.8006110481259285,1.8525653927188557,1.7771925215605198,1.8108414521044782,1.7459488461365935,1.6642318152253492,1.6884294866150709,1.6014410484978712,1.5864628656003685,1.5700833209180536,1.4783742844747598,1.5355652506074866,1.4775590394437608,1.4661918770785802,1.4005263900602793,1.4053083405690348,1.415191732083291,1.3645004617173173,1.3615191572008258,1.3560753426700178,1.4129238617745363,1.3295032920107888,1.3340213710574398,1.3001327461193788,1.397399498548437,1.40218479686603,1.323208761742951,1.3678937843928924,1.378004745243766,1.3659229400000164,1.3140812278187366,1.3387322178633798,1.4011778663037504,1.3977783315623604,1.3572984558122598,1.4672185187159132,1.4451861722836818,1.44353652728573,1.4227888200391667,1.4717313250973605,1.5456268173216998,1.5801901407793961,1.6337350539800184,1.623941465672832,1.6458921888763076,1.7614320241527337,1.7766373408541973,1.8197241607451675,1.9003425347886163,1.9081456069864922,2.0012605871843494,2.1225541973491295,2.115601932114345,2.3113711609101,2.387378704181894,2.610721181322074,2.663093977080282,2.8198256225555163,3.0890981992957074,3.3115779796806843,3.6519524000973886,4.114409293125795,4.470047659714939,5.013871798630661,5.46604846338183,5.901473082893028,6.236059171062326,6.832070134686952,7.093921679943607,7.378701975900989,7.739197564596754,8.03931553120847,8.378070606308366,8.80386384781289,9.240094777316202,5.040712088591604,3.993393668496368,3.535468334603992,3.063719710223831,2.7724346286429657,2.441389038683398,2.3119457635924676,2.0790166886569734,1.8904700761186646,1.9048673913765506,1.7437454567114805,1.4471799580356186,1.4324293393429384,1.4353131422543135,1.3428489644209347,1.2766273605882883,1.1981800512172889,1.2307742663371923,1.1047042374346794,1.0799286273900146,0.9914754688020266,1.0168190765810308,0.9845987721281629,0.9195278881893658,0.9145146462227771,0.9330054282971006,0.9495290294444385,0.9438167590743631,0.8148910028191146,0.8380910784070547,0.8330012204402423,0.8187542755630861,0.821204556520419,0.8237308621404624,0.7501440646706583,0.7672980461330476,0.8484819056059526,0.8334812847454705,0.8465500061828716,0.8335787234287143,0.8032226172900067,0.8349002113338457,0.8135474872927467,0.8216952958296929,0.8331993137184628,0.8257906397471397,0.8336657432689345,0.8233051453033656,0.9114385953092125,0.8614913451990257,0.8488418114969408,0.851633261580152,0.91209964658788,0.9099161423372653,0.9215667152944237,0.9124752409898106,0.9190620736599274,0.9332889100503755,1.0204943743752024,1.0732694477917957,1.0980586573122473,1.0850399231996484,1.0855626454096465,1.192678590898729,1.3124720440416286,1.3218903008152383,1.3566743089249653,1.5514472138281334,1.6624231617182743,1.7542538690310376,2.273301142758153,10.279253473022303,9.697092351289546,9.278309641000595,8.63872248590711,8.040758304023615,7.602013524557531,6.918645530554673,6.464035181326672,6.220107199642986,5.787267887203829,5.465796525530959,5.168189826457978,4.759126273403059
4.425,7.332938117690507,0.02293890993085449,7.4841315198062475,4.6287555339392545,4.295989396530921,4.197795483270527,3.9010843088360865,3.6686856935100445,3.5138900471295984,3.2665214552071435,3.1268432877116634,3.064846002933432,2.857244910171841,2.7781667418437013,2.690164823840487,2.583515240274272,2.4822253632431237,2.4438385606220905,2.3795409596640047,2.2306473744444504,2.1430672215675677,2.0739416658471086,2.082373782389714,1.946839467986378,1.8910739645949763,1.8479599819853962,1.7566941105864162,1.7530809288719373,1.7443614935183704,1.7208024629226257,1.551464715925318,1.601084801568675,1.5595256249721061,1.5590338693612475,1.5132672308887463,1.5165963547933314,1.446128707037244,1.3852964176671796,1.4007800352486295,1.3963076052110701,1.4491638986445816,1.3759643558418848,1.3834089229238538,1.3420856884770374,1.3449418511001787,1.3381656969872768,1.3065029367724454,1.2948912802365078,1.3045351025426348,1.3720798049431246,1.3653123024402363,1.340976193787175,1.3162401465317157,1.3823102250619552,1.3074713636728923,1.310415693218475,1.3538956154136284,1.4136825758730263,1.3365227578214156,1.422192225857696,1.4608373547903097,1.4736583036230184,1.4610960498139018,1.452535178871224,1.4788804759188072,1.5295859322787728,1.6107171855417723,1.648764131353218,1.610015059495829,1.7554706485522205,1.7119517901011614,1.822501452720798,1.8248074805110417,1.903880504986614,2.0029799811070275,2.098531720448603,2.065603010900271,2.279612922215651,2.410284691510463,2.592048703643535,2.682417044753035,2.951290387585823,3.1027081273943553,3.280340734045258,3.715219563202742,4.064414249229992,4.599046046810977,5.037808125289953,5.557201879850065,5.806896693170433,6.164730065601245,6.592974113350146,6.955428021631313,7.207139360360543,7.539733417333091,8.049924055465997,8.300899616499116,8.680897847375192,9.062536429862089,4.907037817615954,3.8541500610631427,3.4355479070544566,3.0536120622049454,2.7873094051478735,2.4910056470100743,2.263054606190251,2.118868843069378,1.9400601195494038,1.8657494000684969,1.785293384661863,1.59450167328933,1.5330575554386532,1.3241701574585054,1.3331372421431211,1.2859390487743538,1.1483266873085034,1.2173778115821963,1.1347256308544749,1.0599019624759212,1.0616449826619667,1.0616975860748976,1.035793868436575,0.9666769943698532,0.9404103180863695,0.91979843067918,0.9144995750431751,0.919861128359245,0.8600128785057224,0.899091430725215,0.8688508453677699,0.8847848414870512,0.8840001463852191,0.8671520361292547,0.8073901872504272,0.8000873068817795,0.8142708156911496,0.788340230731178,0.7716840728061017,0.8815959985513944,0.799629978092704,0.783394166828856,0.7873225666084008,0.8105557158675748,0.7987997005293124,0.8671378683102614,0.8901961229164798,0.8745985748129042,0.8802257950697978,0.8816952427186244,0.9172636452709375,0.8819907625241956,0.8773058117023678,0.9570324245983772,0.9376058716649662,0.9039168852783979,0.892586068748237,0.9882126511131619,1.054231820152712,1.0568586756885918,1.0598176142374547,1.106197909316756,1.204642436815874,1.276746995151563,1.2387012412013925,1.276233979426762,1.4144449794343434,1.4075970765547927,1.6012153640747822,1.7907734297624334,1.8867664352889135,3.0178892394567076,9.86969437541256,9.431223160672737,8.831677516846646,8.229046364611229,7.549549390335119,7.066452447183505,6.636060159644153,6.284209005659452,5.957362255002921,5.657083563262561,5.343748608224635,4.851606028580491
4.45,7.349587985091274,0.01900221249351021,7.468263370522601,4.744246334063153,4.3362863731626975,4.224414822314588,4.003131410631776,3.774001218030021,3.577833682591615,3.337550151685676,3.162429869136659,3.054313150460873,2.9639311581711243,2.8734907437228623,2.774176641313402,2.6469723062810986,2.586365831035309,2.3891420037534448,2.294366088820715,2.27773047272888,2.2033994524393963,2.0399083877906814,1.9982464124803645,1.9559186313021046,1.9182729547622406,1.8257648990682065,1.8132423431002884,1.7265375042843274,1.67811272396739,1.7224709573153016,1.6831765619203163,1.5853477368474227,1.5412827232287976,1.5230840003345902,1.4645646166159862,1.4907419941870081,1.4628848585917067,1.3710135248020803,1.3793271365876139,1.4199285621099733,1.4136824395934737,1.4160256110991989,1.2938921055292099,1.3045036178251377,1.3866063026303708,1.349971122672054,1.2673240781866153,1.2711166193880092,1.3007951084287241,1.2976340225456902,1.2845796241330523,1.265349771925504,1.3350924461833602,1.3469447867617013,1.300066956115498,1.293358490892051,1.3984145055310844,1.384744862035275,1.330484585984599,1.3579767906346605,1.4240029220844574,1.4378472897582253,1.3614978551812449,1.4445035457552213,1.5194596133041824,1.4775823466577132,1.5284629560536964,1.5837597336972438,1.5756304402403838,1.6927188313120658,1.733763819974725,1.7997115351610709,1.8183885828747253,1.8560145286606593,1.9530480087614408,2.0942673572370896,2.132537706253537,2.229041956580819,2.382914673724673,2.4266916295255325,2.6258867142213798,2.9892010148994874,3.118252732716914,3.3726338251500785,3.7240429754593416,4.077488245216887,4.606048886005217,4.872312386465215,5.4554835406937325,5.746775658777279,6.096481642619376,6.497912912654475,6.833109511625479,7.113620370542522,7.5454385571152,7.828209291273645,8.174630727464747,8.508462586305921,8.938494227361165,9.313616824212568,3.671773450078258,3.3274883092323715,3.054540367437338,2.696865977985648,2.4871666117806828,2.274349463087205,2.091573764729882,1.9830305643716686,1.8254489427437497,1.7908914591188745,1.7387469159140352,1.6181297467573954,1.4490522854699637,1.4690736620753437,1.4528376183504168,1.3432547052731996,1.1857357272221558,1.1713090561310853,1.0540749807109524,1.0924119583909746,1.0972982986417243,1.0999281050139915,1.0837483251581228,0.9852842241312905,0.9946926025184992,0.942435215787102,0.952138210955591,0.9212003698144072,0.9167301832468782,0.9184483016093471,0.9249373257928496,0.9247612221306025,0.8913218286774321,0.8271184051794163,0.8112154558802909,0.8248700008265156,0.8398824749674355,0.833954518098227,0.837239390147664,0.822263851230749,0.8223457578333658,0.8342303528255839,0.8304129424829535,0.8365583646723671,0.8316583394077376,0.844507197286169,0.8108192588288334,0.8330007667769261,0.827329662766943,0.9186868012503082,0.9042930111871149,0.9849917975811974,0.9815732005885939,0.9583246458375982,0.9345663984044351,1.047525981653699,1.019118555876867,1.0927916481063067,1.0660952744713539,1.0646463864523206,1.1558856215641011,1.145295658416841,1.1365815818728058,1.2944089759931863,1.353365056498865,1.35687621577382,1.44557513308084,1.6408065930303042,1.6459747874239294,2.008993106217567,2.259049275929523,10.062561167699561,9.581722932033104,8.93828406010856,8.408643492298108,7.839906313025605,7.2192315387323935,6.7922267240443555,6.3974113706938915,6.154587423156322,5.70981323226471,5.361573166050361,5.1204001610518715
4.475,7.3629343022031035,0.017846836154874236,7.4576846043335046,4.8185110327323475,4.568655643079451,4.352497163943943,4.12212291648527,3.8595845389766765,3.6432337519796514,3.4568960487416946,3.331041949172915,3.1712843779074995,3.049629735037424,2.925841293392296,2.8150887515429375,2.76519802464715,2.56483387022965,2.431831728158905,2.448418827155079,2.278506947921506,2.1502064952038022,2.1780192229318334,2.0148416646227383,2.0062951161118527,1.9275270915793155,1.8321508965422684,1.8491386568540955,1.7472886553719056,1.6355624736565657,1.6817316972392182,1.6295625516100185,1.5108679455230571,1.5239642635126809,1.4236585592626572,1.4113844407335259,1.4264464108570365,1.460914971379976,1.4565242049322125,1.3810283121638283,1.3402701420905627,1.3575126346849364,1.3511832409369202,1.3108681276714549,1.3079314659237908,1.2995490402679992,1.356715186897918,1.2571155657520483,1.275939400964079,1.336950387167703,1.3066696699757072,1.2921797421275047,1.2642767970125282,1.2684351164812777,1.3575346277603964,1.2362786568285793,1.327792032381269,1.3064650093499905,1.3450846832295542,1.3424065133285545,1.347630542717327,1.4069581348313438,1.3791880680430961,1.4275039378197758,1.4530685086715762,1.4508588996811298,1.480479114817336,1.506661430178258,1.5769584985079401,1.5762468523743056,1.6767374587086392,1.651958549623462,1.72010433869087,1.810727973262135,1.7956506244726478,1.9438911936539185,2.028314895115464,2.0358762339960053,2.2289370882593516,2.3310260879136284,2.4083714163320726,2.632615556638816,2.7748568003934273,3.217573709827829,3.332400393081861,3.737961436328436,4.063155733438748,4.396667761425003,4.962804329654939,5.359958733914818,5.621938725923349,6.066043147474666,6.369525677854977,6.664470277599283,6.944403400386599,7.3664287129693715,7.61927553593916,7.959267651875035,8.294983531615896,8.671937420917178,9.157913318052124,3.8939945375248097,3.4991227475811666,3.073874804487964,2.7525837814491485,2.5177975626609292,2.4460076113498976,2.1577097553352855,1.9392068712951016,1.8024352358985867,1.6489254919814795,1.637133592729699,1.630847828288216,1.4459950415853868,1.5206365968632303,1.4013951757249674,1.3545540092149742,1.3128197782325004,1.1921477768119448,1.1696205664112025,1.1051869267716006,1.0954376026130213,1.0820590494091318,1.08383394254485,1.0043684485330073,0.9847849730863166,0.934125661344434,0.9579863880973561,0.942779102579074,0.9188758894329274,0.895766190267315,0.9160248000158075,0.917243134845556,0.9079274826157442,0.8368781504678567,0.8253648404147258,0.8256661878596212,0.8352945733067425,0.9107763212297715,0.9035962384729044,0.8246096887833854,0.8277315792997858,0.8194364613055807,0.8244667637237201,0.9328050967005219,0.9081621208164045,0.9205703707318764,0.8454029691412493,0.8205457659129644,0.9207489148335393,0.9291651747251711,0.9124198136426332,0.9203381481910786,0.9555867732502579,0.9497115301670576,0.9979777822960602,0.9815621144766674,1.0696949748328988,1.071281481475699,1.0788553966502255,1.1550362173224957,1.2275387220657985,1.2246279439129928,1.2493658660561278,1.3628847163982678,1.269992319373806,1.3906688587833662,1.5254582350841517,1.5109473660895727,1.7824005276967454,1.738057958869654,2.1389859035075944,10.394202129613394,9.73811718317332,9.299352130580473,8.63817749109299,7.926244770446821,7.417836426356423,7.021053767481778,6.538875368822595,6.359450723300917,5.89835833141887,5.578075995943093,5.275989612635649
4.5,7.373346447000779,-0.03567459569611017,7.171921301057428,4.976481418315387,4.707867536211619,4.493222788426478,4.169556318364811,3.9219837973245464,3.7475955975818755,3.5811209942055813,3.360276388154787,3.2664730741295496,3.1187754499172704,3.035574738441111,2.9311688462558787,2.6939319453940644,2.634745277768776,2.507826956783859,2.418067080224801,2.3364280618566693,2.1310237311253935,2.1300786739755355,2.116356715713803,1.9756896369899961,1.8854057793960186,1.857853040174602,1.79030103556806,1.7373926698533533,1.6698738864048144,1.6698783513703028,1.5083158607016962,1.5118468718285392,1.5438306074845751,1.5349124785450108,1.5061469487760546,1.4253838853414347,1.431543243611099,1.4063467262091067,1.376977684518009,1.3493231983815814,1.3458892835776537,1.3827219621183362,1.2971826315595933,1.305939901827185,1.3368362891875716,1.2731680490792876,1.2694147601694235,1.225965425460686,1.3089210139417233,1.312151349409767,1.2671643675183446,1.2755771241836351,1.260940263833118,1.318920709373784,1.218036532945203,1.3220800412263796,1.311571856988753,1.356710743272009,1.2637668279899783,1.3596522654803944,1.334419191090834,1.389547376511615,1.4277896729017205,1.4715877099819796,1.4538027226845338,1.4705891500544597,1.463320348064732,1.5650065469149306,1.5014859986682991,1.6214747407334347,1.648116319308885,1.6828561138804121,1.850630370372405,1.8316368299156838,1.9356988236300825,1.9790810197100592,2.0691779937119876,2.2221011129515245,2.336799274424407,2.460417655314721,2.5760984367015785,2.739521508423274,2.9523951616828676,3.4438148524998207,3.768122645608241,4.088809978323861,4.465914129845427,4.783661527463845,5.173307706105515,5.56733729155445,5.837507579808476,6.187703021898509,6.51903480116855,6.876263484528617,7.189648710854845,7.446223690296861,7.846674761187495,8.122659061593932,8.47603906555679,8.945282827733887,3.908424792967311,3.336056854093456,2.9551553860950017,2.8298714077673597,2.569873249106518,2.3774902275985843,2.176152293433484,1.9798316591940925,1.9532625453914085,1.8355358947797091,1.692023121176246,1.6243870827777325,1.507642642185263,1.4580084622841445,1.4092349101188208,1.3792039243002827,1.3026480263485627,1.2896984868482282,1.2255041246172003,1.2159355072086198,1.2181311097621081,1.0969383471396987,1.089701266128586,1.003633411930973,0.9947114816886945,1.0452501480858878,1.0283363231027884,1.031697922228652,0.9297663081331065,0.9337015725179073,0.904195370348421,0.9307794704308594,0.9201470954072579,0.9040483682782501,0.8245875820164476,0.9151503027791235,0.9278302691770494,0.9134536384368406,0.9126968282658428,0.8475370002196103,0.8417418279711909,0.8401210097566526,0.9179742309536708,0.9064063117674276,0.9131158369245072,0.9186008511515165,0.8443814100598838,0.8968605158453533,0.8986632526580919,0.9137364347376514,1.0015852528214593,0.9663018353376112,0.9495599865120756,0.9503025161853776,0.9825517370019136,1.0755340880098911,0.9992486007988816,0.9832719659134745,1.0778499916271604,1.1350170629203615,1.185383529673726,1.2166070428293252,1.2701245509984442,1.3562412664484438,1.3166337081926272,1.501905087711465,1.476277628481278,1.5659233054635606,1.6566701008442575,1.8868011286106483,1.9857801981559182,2.367827290291335,10.145329205487707,9.4514875739801,8.90748762488931,8.215601916605797,7.62133532775125,7.173190738138575,6.734897272075759,6.523353859196392,6.0409924172914256,5.711176081695823,5.442295113810683
4.525,7.292444902266413,-0.043416237419229044,7.1753296021286195,5.089079058283821,4.872288933148919,4.592949865038604,4.290553617977963,4.046851574864936,3.8356710138057766,3.634036552709939,3.511726700230176,3.3892251717667268,3.1880782231353537,3.1071668916769526,2.8244146632011207,2.7542483458822673,2.6445631584960463,2.5310198462282627,2.4139635416643452,2.2890006014614985,2.2517319416586075,2.127957467530924,2.03772065042881,1.9057265766800207,1.8558682321687046,1.7767142996439957,1.7980590458077608,1.7667068960103283,1.6633058239080332,1.6529654619293357,1.6388969170472842,1.5399206052948458,1.4683083964836119,1.536280798455584,1.407564101907214,1.3934236019525632,1.3930585024437971,1.388616465953746,1.3442888945673321,1.3456489970799412,1.3593333349663503,1.2384740187505152,1.3189676638780639,1.2554452319745006,1.2823881738301375,1.2617186031412746,1.2566018254276947,1.258326195653181,1.2359380019412103,1.2815889108127803,1.2853275232003412,1.2453388749283385,1.250697994630135,1.3155702214221294,1.197933415063431,1.2641694164761796,1.2514906783197937,1.3523033274127298,1.2496404249946946,1.2846393741392148,1.3936074976849535,1.3380102460197019,1.3330980441871259,1.4390754699652109,1.4965812754026062,1.4437451149806213,1.4442936218984301,1.5242606506570138,1.5563933140394388,1.626900006226469,1.69199438876693,1.6273492359298252,1.794182466073908,1.7840463023525561,1.9526934085253989,1.9155031719586302,2.0328021164717014,2.2315717873321863,2.294746255052442,2.4803111830792894,2.5609408743384505,2.8193538760992,2.9896561428019512,3.3811315313431676,3.7461233070476685,4.041923732256681,4.338216164504375,4.754597600677708,5.0733537085113305,5.374510332417053,5.641404271742349,6.036483449737663,6.325309882414197,6.705635683758474,6.960497165553788,7.300401412110352,7.599328480830024,7.997911260324164,8.313053166355422,8.696479623147864,4.006035875232513,3.3696481812440484,3.083957554973826,2.7586191370344615,2.5501783800457183,2.1836679577790923,2.1393010187295545,1.9766228126361263,1.945526362278706,1.8065074216469372,1.6506393606548877,1.616831840559896,1.5118526394372918,1.4895200777411925,1.3974191085755672,1.3452859536893507,1.3127797231831186,1.3201127313459557,1.2324411443338952,1.2402169845112987,1.2053311958842083,1.215414986843582,1.079073857280008,1.092926527572902,1.0939348348800872,1.0638881438102836,1.001563478101728,0.9667084366612745,0.9188375560283678,0.9063652564303387,0.901852029624347,0.9854870613329197,1.0003674175538813,0.9099256998286503,0.89880082029628,0.9133720237583172,0.9116493583525407,0.9225488296420284,0.8872649978270117,0.8884730554529586,0.9103344455525632,0.9177837456356914,0.9282604708957445,0.9192166669528491,0.9006482442463214,0.908429187473387,0.9002826592615243,0.8907800393366845,0.9136020258319049,0.9868485349092637,0.9873266318908146,0.9042770134968448,0.9699107247307213,0.9981695066164844,1.0479565030815698,1.063438676216541,1.0150830523254137,1.0951171108650593,1.1683074143421597,1.1663819143921765,1.1768328932069079,1.2449766149614359,1.2877010108226918,1.3634033307697988,1.34762240674068,1.5398885262876854,1.4428565831527012,1.625178090003986,1.6586266016004783,1.884371152017498,2.0236470535881232,2.098117018033073,2.5002888020281624,9.616183919122925,8.998947996739428,8.456788634239272,7.779932956176743,7.346498167541659,6.986333207150204,6.643627527699308,6.207652245572617,5.814114468669341,5.516178041558571
4.55,7.245884349405387,-0.0483427097116511,7.178737903199811,5.283304337850856,5.078625506549538,4.744477288698723,4.407358321688717,4.15514717693495,3.9760195274874444,3.76154668753035,3.608097670715895,3.4525777143851863,3.353809994325885,3.028929861393813,3.0071491068491163,2.9035281430369393,2.6743848056276454,2.6275595344329186,2.483066604935352,2.3325573512583273,2.1848033921366965,2.1634181493037725,2.0473457962829835,1.8873645256715974,1.8578945522732664,1.7469899846953156,1.7814184859962496,1.7568970925645797,1.7268624267530879,1.6279268081859832,1.5466586004739862,1.5478690553064418,1.4594900025734925,1.446031693028813,1.4199404177248576,1.4031321984737195,1.4016605653648488,1.3109231331126987,1.3364838176672422,1.35154959573275,1.3170442126277346,1.2320256586664595,1.2307461539553233,1.271429249826868,1.2670645118861918,1.2754576732825835,1.2462086632270106,1.232006573288605,1.2595972916516442,1.2770152841080806,1.1816422592615357,1.2244853424436626,1.2409999951760884,1.2245726541524151,1.208838448893736,1.2705470297948704,1.2721581856785766,1.324201990269549,1.230490951694726,1.3151041603377038,1.3044168579629238,1.3501334663880795,1.3865316326584343,1.3333246817861324,1.4222647141994644,1.4251882410274581,1.4760546988552177,1.5282951524483062,1.5446125703563534,1.5540948904662786,1.6960710737815163,1.692009639807948,1.765920637329319,1.7578729208758266,1.9567537264962476,1.8999025663284386,2.0881359558295385,2.1671866263674295,2.2702440871103797,2.4064361794982796,2.6905815061123812,2.832624754504988,3.105364058985409,3.3935000775118342,3.590979131498117,4.102137802634213,4.398910906402643,4.675536449877889,4.880999661862888,5.17998296973624,5.601301056453295,5.851064693581784,6.151684667970713,6.481668736408233,6.804423044025563,7.118553165337572,7.44537080729641,7.737594031036058,8.163864651392823,8.574129957674655,8.976517803525963,3.3909471310507575,2.996194215629762,2.7820827316990107,2.519725856693846,2.342199944499084,2.0362637009915696,2.0706517268984097,1.946933557143545,1.7877956756774163,1.6710961292622462,1.6928440720135858,1.5060540723037743,1.4604336180021222,1.3990724709662095,1.3879461437784804,1.3524487745022533,1.2680912390307284,1.2253596500162192,1.2081027814381218,1.2520243286646633,1.2125935755444464,1.1344282328988533,1.0860896566602407,1.0807483747550768,1.0792793142390007,1.0604088399890534,1.0645137945368557,1.0158879175506181,1.0363815254044577,1.0341267180604026,0.9945246373362535,0.970786698065683,0.9154041812996847,0.897865546665463,0.9070880838325963,0.9010916336221912,0.9260355611428688,0.9071176293150915,0.9027743341577542,0.8952198645296336,0.8921348160661334,0.8992936849980578,0.9090769945557453,0.9723224948072674,0.8889197229398191,0.8905019510252111,0.9178167228089216,0.9909817721945037,0.9965609540007654,0.9694247905869745,0.966369882978584,0.9843987592340717,0.9795296591054368,1.0477659000632416,1.072243915340821,1.0344170126483234,1.1047155893944685,1.1655104822865223,1.1654792647200714,1.1870234353623743,1.2502551191320377,1.2886377901421897,1.3243343394665748,1.3978204887392205,1.4698624248208132,1.5253816705665866,1.6315712770990478,1.6659736014963231,1.761471615975483,2.0363486826612625,2.1808145405446258,2.264834846600144,9.947671437963136,9.380671163269065,8.673264028249788,8.172237049472065,7.621912703747438,7.203479011871434,6.853796460032549,6.438145220539013,6.065424719963413,5.701539413118098
4.575,7.219516966278484,-0.04866700566195489,7.182146204271002,5.536466022797422,5.279819030807907,4.947817677498249,4.668161761947574,4.377028744277608,4.133215663051936,3.8853817957264463,3.7670222849515826,3.597314080101986,3.4147315901291653,3.167399356258946,3.084073688341156,2.851852109573886,2.7984356574938745,2.5672191721508675,2.5622550471634824,2.34533712751985,2.2679069466061397,2.166458436162531,2.0433295065121873,1.9912629887790174,1.8855666397629638,1.8389459737986231,1.8353066112427465,1.7611879762528884,1.570370860463966,1.6077390339811028,1.5504735923147364,1.4444784203266001,1.465647441129057,1.447988295262296,1.4221674497412968,1.4125293675819048,1.3764390284540784,1.3007783228817589,1.2560162167148512,1.355100894040977,1.3234065234878147,1.2441455204362617,1.2333720956839396,1.2701329234399488,1.2812915228944324,1.183352625729435,1.233136724055968,1.2489601214480224,1.2767014540024126,1.2700780243032124,1.1960547011246965,1.2432507731489593,1.2451096418288974,1.2227520859024301,1.2060786994095187,1.1922528667794743,1.2638459604309313,1.3122317745708019,1.2445938629731805,1.2348963664024364,1.3127617686997657,1.351515312296951,1.3303572097636986,1.3425038672416567,1.4179613765264216,1.3674445094896144,1.4336881010687523,1.4366502736215485,1.543400149345294,1.4902920605686956,1.6095417484113086,1.6296085458757583,1.6924200907907454,1.7490113530272928,1.7896579319884012,1.9344095837090296,2.021243407806954,2.1134195797659228,2.2833484472530317,2.484140981430743,2.6658472541955516,2.8909412541252824,3.0667851879053747,3.2539850925180485,3.5423177684973997,3.9487971646772664,4.187627175033738,4.5200075909387225,4.687732618921943,4.991905713926357,5.319314063934766,5.638560555254262,5.982170286540841,6.264210969615815,6.528680950738665,6.777969195647838,7.064140235077362,7.43797482529849,7.841361777014266,8.23912041578089,8.592162531008071,3.5814956102661544,3.153876481468671,2.854509315281967,2.636210996652133,2.4275050852806648,2.202877020321485,2.061157662779732,1.865049316041598,1.8671987999427357,1.6908782708483676,1.6959074531415017,1.639818476805808,1.509199091025959,1.5108903051735172,1.4188551354033527,1.348253438526526,1.2572852421430714,1.2182389808965601,1.2249366182943164,1.149408104031342,1.124342732984368,1.1489317466711118,1.132957077822977,1.1793678921810344,1.0750358050335265,1.0701975442747949,1.0937592037611161,1.0738504757376155,1.017083099564587,1.0200069659032083,0.9812133776334231,0.9807972249393537,0.9836286983553497,0.9811691155454291,0.9752917340883037,0.9903687832301663,0.9132404527959407,0.9915054911385373,0.9180869642604522,0.9145433410022347,0.9020665225180194,0.9052966327491354,0.9843817140856403,0.9760962843148231,0.9065091336230011,0.8890145990065682,0.9137223196980386,0.9784905034216606,0.9884488718278427,0.9978798775872019,1.029605194498936,0.985781760337464,1.068099355220964,1.0725683451639605,1.0617642052503868,1.0783376082046534,1.1113790805373467,1.161432470352949,1.1578531120028217,1.1748569032111271,1.2470571733805456,1.32037888673104,1.2935620326820911,1.3958446273975433,1.4600345947296525,1.4996581550358246,1.6609841836136003,1.7232927078506228,1.7803646112858098,1.9216988947157472,2.1596402870575835,2.161737734213042,2.843956138188182,9.679554088760169,9.040380144731849,8.557544134447712,7.990754248624734,7.4703923555833205,7.030805431703075,6.742923237983785,6.3351441104728305,6.00050499756054
4.6,7.206618852191002,-0.06093911709015451,6.690034070470892,5.826584885304387,5.473836807172576,5.227875678950608,4.875158844176147,4.611589845383678,4.337907716331003,4.087020730513958,3.874727671939231,3.7044427028810696,3.56760748427759,3.381267741794266,3.2301797140019834,2.9537115349594014,2.8670068551789654,2.736370316903694,2.513296213220156,2.423439169066905,2.3048598890003755,2.136394887026667,2.0279469378117265,2.0202583859450565,1.9915045698456726,1.8000450533521917,1.8080015895600983,1.7292027636223182,1.6691341424072865,1.5923526099518517,1.5897639161248107,1.4826710210208514,1.454465698774905,1.4259989526406691,1.3605221747045728,1.3905119012914327,1.4066700518441215,1.4245937471602348,1.2933197687444236,1.2714704188603296,1.2392933624410323,1.2538091576257822,1.2426693258661061,1.2151416870343064,1.2181770959851161,1.2188984663696762,1.1825410677179622,1.1879714025369943,1.2418691729608666,1.205145987675705,1.213040411277131,1.1816494311954555,1.1763890911234594,1.2605929792241408,1.2129564817925527,1.2187203655369585,1.2072916484130543,1.2699557274143463,1.254039868338921,1.2496938287468646,1.3002636530665588,1.2915055583906465,1.2664044294391108,1.2885684004297329,1.3308532236832884,1.3934710989785435,1.39405795342084,1.4100536707881892,1.4784811173297294,1.5175175808147305,1.5566806610549768,1.5794269047876583,1.5942010132214652,1.7673353283390207,1.842436797442774,1.955886231937763,1.9782099038527063,2.0791965902441025,2.143181761802547,2.3287500669696537,2.4654289084121164,2.736158390605372,2.8827855452144053,3.0733367391341275,3.337519791869811,3.756176417828826,3.9871556116662163,4.212070240519571,4.558364728465629,4.824841844108502,5.134497340782831,5.454621424721468,5.723337937463975,5.912470142097278,6.281563810871349,6.4872838792944325,6.793576463180638,7.064058138784427,7.409508863515368,7.814227402640905,8.179632644487274,8.659897901344285,3.3344872999134605,2.9870660481048508,2.643679812830631,2.46027806333614,2.2931453133898825,2.19616741328793,2.0159405060053888,1.911052036084691,1.76996313429781,1.7430848282750888,1.6884561924519808,1.5830816571628945,1.5459598128410836,1.447303777559011,1.3677503421395107,1.2784208548541438,1.2499434309548287,1.2481454780331873,1.2316223728520244,1.145729043919788,1.1890478207972142,1.1874230043981597,1.1727037798453843,1.085984860912639,1.0915802972738915,1.0794051828752593,1.0868557514308042,1.0284771757650615,1.0446590754222294,1.0258839541145774,0.997787126933323,1.0022419862025267,0.9956896058290399,1.000249895901682,1.0092319246017096,0.9249987239183253,1.0107433230965825,0.9874256420255769,0.9954505300896385,1.019998201872772,0.944871864720663,0.9299872748405748,0.9964111119507458,0.9219654975827867,0.9357637366838887,0.9280980916036536,1.01687962210834,0.9904171661751333,1.0061785217565709,1.0231923362313915,0.9857546527011102,1.0723285726540053,1.0814105507138794,1.0938884720598134,1.0703218344335814,1.1174321499116673,1.1754547383135443,1.1851730696143628,1.1763696748955108,1.2548560015934316,1.302252357364271,1.3061669669265805,1.407185247939276,1.3923105940334004,1.4490528395598015,1.601954179779478,1.6181340659093966,1.781697587170553,1.934008372549277,1.9769898725624278,2.111098906836672,2.342552538708131,2.9881364573041127,9.70510668054559,8.980941892792696,8.302149314277464,7.861329310040204,7.411342977764517,7.014612977017452,6.54007532772195,6.219637608885814
4.625,6.9989492069537675,-0.056308786581347636,6.684748616872411,6.260516190970749,5.763334710347363,5.575750028665699,5.139142625919434,4.82479563018523,4.589473776400231,4.358187363968268,4.10759714614902,3.936560003793538,3.78043627447965,3.482114091614882,3.346561625092444,3.1379096096078354,2.9238461560504687,2.684468809186893,2.6879151435040485,2.4395001855469314,2.3547766266108594,2.1566003357043018,2.1640538478542783,2.1010527020326855,1.959809125514666,1.8747962612693418,1.7866208453285497,1.6602485920345784,1.692024039835043,1.622244557859273,1.5858485499481405,1.5837851385362907,1.4263015339296083,1.4403892124607225,1.413078887868997,1.3790703118750949,1.3784972694196687,1.374151218976286,1.2351777466788785,1.2406274173161187,1.3229203158757792,1.283634979463784,1.1858248567329535,1.2651660031183742,1.2492479232100195,1.2404606099101612,1.2045147989574547,1.2019774489558686,1.1611910573144095,1.170916293062354,1.162453988629483,1.1188364494321905,1.2174468568934904,1.19604960227474,1.2304102000557906,1.1619491808566063,1.1723060894741286,1.210798699778438,1.2809263271063698,1.2873925781925821,1.2411597019073406,1.232638968570836,1.334233830323946,1.3308292300961735,1.2682881901865712,1.367023704286279,1.4443622079015934,1.35160560530484,1.4231673735650772,1.5278049851213669,1.4842415819370485,1.5741481054876227,1.7089887950310323,1.6966880173338337,1.8487277136888505,1.803859585928065,1.9390296058297605,1.9804087553360528,2.1768695404725102,2.3259614432618405,2.4224816640061073,2.5617428954182184,2.925247041557577,3.024824616996363,3.2158992461460456,3.5806107097917454,3.839642264579004,4.073553155335332,4.2957955546891,4.5235078853267625,4.760834680174161,5.144673185662501,5.287967138889077,5.6238944939119,5.855168070224764,6.131366908232535,6.424345448516563,6.783648344327994,7.031352640025561,7.407694075790337,7.7739484012846995,8.20542482846605,8.664284481308805,3.1597823021746394,2.880806912872239,2.5362152755830674,2.3809425514129683,2.110607578814736,2.0694144405001516,1.9046548218446613,1.8448929711982522,1.7058321992747532,1.5858390480511206,1.5930584550860083,1.5442352392276248,1.5488088053509756,1.4217002400488195,1.4352173645490125,1.2760902167368795,1.2972356826974387,1.2527867583769567,1.1671710926965382,1.2101274099012322,1.2016179969302856,1.1188461945727382,1.0981563995561983,1.1105083445108161,1.0455135521622154,1.0667916826429584,1.0650676004358326,1.0372198557681886,1.0362751677310365,1.032317388192303,1.0291424935217806,1.0206094426193768,1.0128920945503677,1.0139569068124616,0.9382271349229874,0.9422952418035041,1.0339789985326635,1.0241393370034544,1.0137820321138653,1.0392275640138415,0.9421248940098038,1.030954704927246,1.02301708580107,1.0281284063796603,1.0244591578261346,1.0636263867958207,1.013294884455144,1.0330389094227335,1.0398407511737955,1.0225261981002336,1.0117814920331827,1.1010419074778464,1.0868104516493065,1.0596704606195368,1.1472542599951383,1.2090242107548501,1.2082279204799886,1.2406915729291104,1.264880994180232,1.3336838808549114,1.309460731796752,1.4350746189507497,1.4305711701200752,1.4721569184351255,1.596829944098628,1.5379371987285166,1.6935448661183619,1.897269194917383,1.9460406741252627,2.145360803184103,2.3140208501258246,2.493538573254181,3.179534848306612,9.484457968120273,8.862941123461685,8.283708189304148,7.832707357872287,7.448588636659707,7.0392429541235435,6.596588138099846
4.65,6.871557123509711,-0.045723134560512246,6.67946316327393,6.629225176722477,6.275508267360149,5.846919466829073,5.583069035680507,5.199971683620158,4.862959936360038,4.56971149145514,4.407742829966958,4.199275449594865,3.956075891249688,3.6916907377487544,3.5554235998592367,3.3321524023113818,3.0433492598724814,2.8797243993703128,2.7526293553765337,2.61012441831277,2.4639979092144872,2.2787585006876325,2.2356395239046707,2.071756813235366,1.927794298204532,1.9315368551337875,1.7925001933450608,1.8203306958788505,1.6633221530055327,1.6399177135992276,1.5223065811153547,1.5534493859948613,1.4117602578004929,1.4191838537739319,1.4147383727709513,1.3545080460493057,1.3711466773187515,1.341940331289677,1.3379719592090564,1.238391914927594,1.230946259828014,1.2607295019558586,1.251763070935086,1.1861745581980943,1.1629768933593252,1.240281606928332,1.173370194755665,1.1699625918538774,1.1738313967225729,1.1721654336324678,1.174631110522354,1.2002320745468522,1.2064524604559965,1.1712379713777192,1.160545000690084,1.2338543559113264,1.1913031762540927,1.1800858418066555,1.176787776670678,1.2442606823065223,1.236605917724991,1.227678708836914,1.2618302508427712,1.3320128066224397,1.2558097478461665,1.2597759042160963,1.3743072690061426,1.3991961872702516,1.405902088239501,1.4391589022483409,1.5106847560594432,1.5669382481552103,1.5611492040082446,1.6751412836029633,1.6286988089877616,1.784244052611765,1.8099525491163109,2.0525211339833476,2.045394668660286,2.2027088956007317,2.4498477586744034,2.460155530897338,2.625069247201901,2.702012597206124,3.0814087068968523,3.2353758464219053,3.448141176113045,3.7301004277815863,3.983363293328552,4.225403420753337,4.491762610611782,4.7831855591033134,5.059815078847727,5.299043161732606,5.508752426408796,5.829771694838703,6.08760503456769,6.351091234995862,6.585798379238705,6.890940491897278,7.233310849390688,7.631668302950811,8.11781656341678,8.52843025211351,3.079423400740814,2.8030392777920867,2.529973360397934,2.3526602590430614,2.1192307347585757,2.087777568736077,1.923461352784502,1.9247018761208552,1.809470186282045,1.6018061507964525,1.5752245131854545,1.4798159166033014,1.4493129233034694,1.4013091496800585,1.4646263179980905,1.3340361870933566,1.32305865023174,1.2803753236923998,1.1746575299268736,1.199306009441876,1.1834083737915546,1.1903787950495188,1.0837352380658,1.0755469116041139,1.07263730684224,1.0823465018420573,1.0179524416175993,1.006331220074814,1.004220362071978,0.9933026621279227,1.002435180307555,0.9875832308843522,1.012007509712792,1.0189790956904374,0.998126447412368,1.003541652385911,0.978759003855881,1.000675289259701,0.996707799698076,1.0084096918828143,0.995337661700042,0.99281992428984,1.0911694782864834,1.1000662547879647,0.9934528067453756,1.0062250212349995,1.0724976199785452,1.0846478815327925,1.0977429157373895,1.1073493438668247,1.107600441135082,1.0747649277592477,1.1213093982769895,1.13292873618503,1.208176720437197,1.2412862680889871,1.157196624958316,1.2375520025682747,1.3079765297176134,1.3089169977978377,1.3771821884349833,1.407363289081864,1.4288234921436322,1.608276777575046,1.6026342852078863,1.7203996195001277,1.7132484455245771,1.846023806324923,2.1114119128245004,2.2832960330886003,2.4728791982701854,2.6954749508814486,2.947766867443551,9.619634899151034,8.882533431460617,8.48095988084464,8.036899639608146,7.585067815100122,6.992380643519819
4.675,6.793510176247451,-0.030716331921311603,6.674177709675448,7.1057604018771165,6.685754199382917,6.370406000170759,5.9728346127788114,5.65335582471979,5.249210918148968,4.903572224101022,4.6465048672595515,4.40209380780353,4.199712663680236,4.085532550222348,3.7341911145608875,3.522168045378539,3.263158512530397,3.162559402280465,2.765206766864955,2.6179231774708502,2.483967413053172,2.365070187166069,2.2643760502218866,2.1105197677399383,2.047477469970468,1.904713371044269,1.841811926624753,1.7523668814282645,1.61392838116032,1.6373058125707804,1.6541770941062341,1.4908409567575858,1.5267006018945495,1.4018129998173599,1.393753982407433,1.3818743149855532,1.3435203485750182,1.319052392996418,1.3278796133367794,1.3339301454174415,1.1912642507540254,1.2054731630991726,1.2359718237552597,1.2468403971844528,1.1453427549551258,1.1551969126034745,1.184616569273584,1.2315356035867395,1.1816247862974718,1.159965265116071,1.131396779050979,1.1205005106601966,1.1668284495249337,1.1547710105081042,1.1586395621388337,1.144204808353282,1.218461339832284,1.200264718457891,1.1587096569648594,1.1413138039643405,1.2489478959941058,1.2086144826593286,1.2214395180795965,1.2221798635119248,1.3193574163493316,1.3118622969678941,1.235643351051559,1.3029285460140496,1.42458223001299,1.4339566573513574,1.4659171957878794,1.540267851916696,1.5293144127540454,1.543803347833648,1.686957977238662,1.7222010690220808,1.8076837294737056,1.8446864298184682,1.9693009364279135,2.0751161371804847,2.2308832225841533,2.404777538952476,2.409351264234637,2.5542590457297663,2.727230865424973,3.094200876648395,3.233818271757528,3.475757011309973,3.7658463761005523,3.9440970134103073,4.116978873444334,4.411902950881504,4.57525216993689,4.902018941166135,5.119151949236926,5.360417315808659,5.6400389766890155,5.960622475696982,6.2036486722164375,6.524051727458784,6.751633557341832,7.169000434764822,7.481330806830661,7.942988507550312,8.330469777344394,3.187527809218397,2.7234779365972783,2.5178846365913112,2.3050106335040743,2.1486439545484455,1.9818983869003282,1.9559810609384538,1.7976800013051286,1.8056456573791495,1.6415717311290914,1.6156739405835918,1.554509893671417,1.4597232307576467,1.332050617547514,1.312144923674,1.3214850986808673,1.3313553373308409,1.2855882537450924,1.2146480078914415,1.256956797919193,1.2339717849419214,1.2283576492952573,1.1160245300250848,1.15076021647513,1.0778663024076105,1.088729754029121,1.0691758395211914,1.0562358251192612,1.0697079114558259,1.0845945728731448,1.0638137134838623,0.9726422401377863,0.9772729176446991,0.9895436243160801,0.9846713320756738,1.0497172352400703,0.9558810542743724,0.9844198344943887,0.9894656441266892,0.958632725808426,1.0558707434043466,1.0428411390680021,1.0584739911699887,1.076185556823574,1.041481980062295,1.0603829131412061,1.072596726253932,1.1336131031586523,1.08820384238588,1.0925308018494757,1.1556563507799202,1.2240633098574194,1.2297829228903114,1.1389929729089274,1.2260005830844338,1.1907483233842135,1.206760774176909,1.2917141159907675,1.2923616875127244,1.350926460439402,1.4290031704110324,1.4247044750681068,1.5361814769922648,1.5606418840179705,1.6178570535359225,1.7874260723946176,1.9005142851295782,1.870890480418634,2.0337399526920388,2.2689274470813503,2.4364332754147964,2.584462839080944,3.1068379925747616,9.688488450732786,9.092159063370255,8.518282655201958,8.015112450293783,7.682000581302931
4.7,6.746523786489162,-0.015408488178457178,6.307273357840232,7.7386543403070975,7.315862047525564,6.819032307318463,6.3156561600475625,6.088564365923995,5.630637681129809,5.2960366627037825,4.9750449209531835,4.71458766937851,4.513274239101979,4.2496901274475825,3.950447791560234,3.644881412288641,3.516276431022743,3.279018534449152,3.088307147736446,2.7927982855241678,2.5818079621873027,2.499686273303406,2.3985541846101595,2.245702841322768,2.0415219325247036,1.8933537524216464,1.8514184475453905,1.7398093723063641,1.7323464660256362,1.649516112393762,1.6426907956328634,1.506401132524918,1.5410593677579874,1.4601236859133884,1.3981077678616947,1.3902960381911267,1.3554925882363043,1.2618701575700026,1.3105293148314228,1.3131583294576743,1.3023817523949812,1.220599277995344,1.2216357740293884,1.2341591118132176,1.2325385596505738,1.135958535733677,1.129398577496442,1.1426886675526775,1.1640957665790383,1.1575892105449594,1.133901882073825,1.136031383975206,1.147031970824405,1.1758014277192512,1.0880157587545995,1.1745292802210128,1.1349316049635048,1.1418557655058108,1.1472827978133024,1.1763789244052438,1.1659381983554782,1.1661302443399206,1.2126898527691685,1.2134397961666912,1.1851814164891523,1.2211949323938898,1.3120071838004075,1.2975311506339167,1.3494497193089523,1.3856845625079162,1.4667179960742804,1.418499722226185,1.4624092250562117,1.5615060195913177,1.5402942892205351,1.6232928745510402,1.761430758315912,1.7623375287864942,1.896763759748375,1.9056988748218389,2.100677394630119,2.240368712869982,2.3285642271532234,2.4523305883604842,2.5849786174460747,2.728380402190118,3.0771013426181537,3.1729674158342585,3.380879698951269,3.658557573192851,3.8452046485631715,4.065697184556179,4.271832338215529,4.569564558078723,4.794804835690388,5.117049571378857,5.240224632571945,5.48608526840349,5.733253990833504,6.032370691782564,6.3865697036287195,6.579314677647396,6.941309830911782,7.305932729267248,7.777706187246734,8.194267624187304,8.706724549459718,2.751353089860923,2.5033742955199507,2.3616027242011857,2.0748202427553286,2.0516704455962658,1.9483141190124362,1.7806579297978222,1.6788661458233727,1.6627852209516896,1.6044165239461403,1.4945406077110723,1.5057101199909364,1.4017383734577336,1.3676120367368794,1.375085762627965,1.2989985210725417,1.277961800161865,1.202066883658149,1.226693327976245,1.2318467011648877,1.132613617698289,1.1524769485488404,1.157384338280387,1.1811638579010255,1.186743779241676,1.0419541040594569,1.0502195238036731,1.064959932938733,1.060204970885941,1.057954063047874,0.9702245977900054,0.970335196973621,1.0478913982534774,1.0652953188602077,1.0674753994472177,0.9775646219428832,0.9688211563245634,0.9841586986981449,1.0488023570850433,1.0733777902955475,0.9785227778442032,0.9665527368801639,1.041697092523277,1.0497820117532268,1.0355920715404798,1.1512420487791917,1.0770945948337436,1.0881734463591206,1.1734525171289771,1.1590249402310604,1.2062145451054425,1.1488044714078656,1.1902026983237848,1.2978363332876506,1.3285801744959242,1.3180065588999614,1.320119727404208,1.3124210357501995,1.403651029243741,1.4589382306411416,1.4786875454280328,1.5889839773986456,1.5225456776950148,1.6741826392296935,1.7354254153081121,1.908999555285715,2.0418948784937427,2.1798077969908496,2.455331981367262,2.591906084807248,2.7514062978075584,3.295184381759453,9.671218059618475,9.22902736068184,8.601193775010795,8.136924571954303
4.725,6.567462570659334,0.004507970290351133,6.30037482328216,8.270837921036577,7.7968428130931215,7.368561645824024,6.948410236753583,6.405477916264682,6.088227466390827,5.706059738682253,5.368235627834089,5.05776677071107,4.763115554689903,4.550745333193581,4.147476199973509,4.045591170704624,3.7650422529665586,3.5203719134549836,3.2363953435959836,2.938565329018177,2.761116534117492,2.629675666357185,2.3479373167935207,2.299660829327453,2.0496704869328464,1.99796863352827,1.8835987305446678,1.8406313688070959,1.742681229650965,1.7243150455533711,1.6425211951881593,1.6115246643466687,1.5101492678681483,1.440304820125883,1.4872946135670866,1.396728703648298,1.3916551575663394,1.335928986550249,1.2642335769814363,1.2227069438302174,1.2525505159761237,1.238562522089255,1.2128420780528335,1.197203057905372,1.1521343050565582,1.1658893939356185,1.1292663124930717,1.1397635854624129,1.1336500117358295,1.1739529616154252,1.073937200248987,1.0527460460235303,1.1496136979471638,1.1398607691588578,1.1671976282622771,1.0855352167370949,1.0981166760306764,1.14296605788625,1.1320531054898484,1.166587285021794,1.0905804557594576,1.1451735440756063,1.1689341742969503,1.2298882576234365,1.2256433833971103,1.2091138204058425,1.219254511135321,1.2826796588104734,1.34452224071623,1.3445060546688437,1.3495330839895243,1.3810279359070758,1.391259277138466,1.389848622621064,1.5274116481924653,1.6246066187000514,1.5711100421771458,1.7062572111731265,1.7386020567102543,1.9305972493041572,2.0004805228189664,2.1374957867117623,2.215889889183383,2.2626209968285553,2.3844260018336394,2.607801608018617,2.7637187754358465,2.9605937500988966,3.1290407761726557,3.4611094533859665,3.607142003153424,3.6970393239608095,3.9670837671136447,4.201894132273018,4.473901708383905,4.595466413758177,4.9772213813617965,5.091969147810196,5.406286005957732,5.631153175074606,5.873633779671009,6.223854410281899,6.430295535205552,6.779380901548,7.22446338197146,7.616715487276264,8.064635263429775,8.535261593694054,3.0006299727260295,2.582973458592516,2.3561865687700645,2.2425807397628907,1.9181723976696317,1.904188182125093,1.8287817903969323,1.7061753236131014,1.6576110656738345,1.5714373887299866,1.5692866455512524,1.5574388791648317,1.4520216450420713,1.3893286517967691,1.34527436528696,1.2936856895598208,1.3103848887646696,1.2876882083927856,1.1228272674318707,1.1347651412015252,1.1286577361251522,1.1336010389959321,1.192381401976144,1.1608113690219206,1.0624381348324414,1.0602536224877888,1.0784717418654883,1.076016719761037,1.0889402091470577,1.0565407666721793,1.0533590883698005,1.0329900236955378,1.0674382908557383,1.060309945122097,0.9813402414970576,0.9667480689022847,1.0523651497332531,1.0691829834923032,1.0755604526053715,1.0614545342744555,1.0588571438408294,1.055172067855657,1.0547788499772144,1.1455431631894202,1.086072084548303,1.099241115297241,1.068999782023577,1.1431147392712155,1.2329651859476471,1.2231288317625213,1.2086402825674345,1.1966205896772226,1.2730317551611068,1.2823711514628693,1.3412390854160419,1.407328900298289,1.4000615240494343,1.422964716997045,1.4737660319407855,1.4650803804149273,1.6189616160206022,1.574413891172054,1.7355971812228357,1.7471214697442305,1.8585794840502217,1.904855678913379,2.0098966030319563,2.1556312668474584,2.4099714337988263,2.6023815413606552,2.9740178171523297,3.172344623709507,9.85019345225925,9.15858911180631,8.75506056533264
4.75,6.458521607435468,0.023854187109512297,6.293476288724089,8.842868448854743,8.283437581202026,7.881848603021056,7.3395452085641475,6.954376220699234,6.459579511294645,6.128099418751572,5.699046264175847,5.402025904761365,5.036888044015148,4.839681083146298,4.608956051873716,4.262520735148289,3.9142406177288516,3.6570452498406727,3.355048616328088,3.0750854997998,2.8134271310357404,2.6885904275613592,2.460602693913504,2.3567508500176846,2.124046916716263,2.0159799957824527,1.97992329914827,1.8387631591902829,1.6998012355292746,1.735900624760485,1.5624862194012246,1.5734169642466829,1.5314815718162125,1.467764309686853,1.409200428227457,1.3390466306098265,1.3231810516197313,1.317412866673489,1.3068292128172954,1.2120087473966519,1.236358740817126,1.2434639886933105,1.1229323182775828,1.1372533621325185,1.1364507116601306,1.133217348001617,1.1376029296040477,1.1315651806633302,1.128092412772164,1.1412707502379935,1.1390987993100803,1.041009273893455,1.051445991700764,1.047114269047092,1.1493144339054653,1.143167184708776,1.0704303812249454,1.0363417282470142,1.0589805863848616,1.137630905611359,1.1472286752807914,1.218200899554807,1.1525055656191487,1.1720187711470207,1.1752299201996657,1.2172694072122687,1.211795289716409,1.1982834309029997,1.2326990824710389,1.32444152351812,1.3035087137448576,1.322341299867179,1.3689385817432507,1.5046268875461828,1.506714507119447,1.4975896469983214,1.60037462264826,1.5895231348871486,1.7233478901593124,1.81334337804122,1.9154828595644973,1.9553396691077911,2.142021312707952,2.1723711853754395,2.2538008030140064,2.449543823948315,2.6024950105178086,2.740076162432604,2.9877558601354215,3.0862587583602386,3.3634200149408526,3.431444994775807,3.58130446088657,3.913039268680821,4.138862790192757,4.406058546754266,4.545064502192628,4.820002991034668,5.149288273896683,5.302201568479139,5.593261893655213,5.753372157957778,6.073759840089084,6.400059384346813,6.7661700269852,7.056989265011895,7.487384397990689,7.875779490082748,8.38874179010457,8.915636494956736,2.6884737994060575,2.3074468758338336,2.1072239373098713,1.9630429407639811,1.9020784433699474,1.7842154317910026,1.7261489916949309,1.627132364894443,1.599757905327776,1.5506544868071737,1.4592377677592059,1.4656461861801504,1.3953054997068812,1.4514046208618505,1.3029343550851746,1.3271535861761155,1.2947780568148513,1.2088221435189006,1.1775731093548831,1.1706152175884526,1.1651226830732742,1.1216894902843442,1.135276241134623,1.1284833075931173,1.1296531482169043,1.1311884305023547,1.1338007221711257,1.0483420488374884,1.0550615348143286,1.0427232177288208,1.0580497164144504,1.1294798352683806,1.0592258989230983,1.051805192235682,1.065878984406855,1.0795904365357893,1.058944967499238,1.0517947875623375,1.0500470539676718,1.0409353864658435,1.0580613481901469,1.1298543257364284,1.0558069691571734,1.0608132257058926,1.130502268260491,1.128345367945161,1.1347694123483525,1.1694549264825063,1.1697150963835272,1.225714875838243,1.297407138656515,1.2804960563279886,1.2921019914020127,1.3554508382926937,1.4687026433954715,1.447847638122134,1.522367579006152,1.5717417345185847,1.5344698708637245,1.575596441250027,1.6542573545849522,1.7277961688066192,1.818897222273414,1.903303475250863,2.049488709141144,2.1611580752353587,2.3256603750095914,2.5445213929740307,2.7407498611698973,2.9506331693898127,3.360558019725989,9.906234261407123,9.292946940023468
4.775,6.390817533193003,0.03925050992082199,6.286577754166018,9.243436682530715,8.64796715632759,8.213949380633675,7.741378948021963,7.363207772577406,6.768017655978285,6.498223477707484,6.07462067685241,5.677280531459075,5.325102280675754,5.035925985304414,4.7766280559784,4.415268087393816,4.061301300241578,3.8003217480039604,3.5699879132070653,3.2218027083350615,2.992330368481202,2.771969448564724,2.4488687832992238,2.3032842270135334,2.138866309329166,2.0912407315967227,1.934864522814186,1.802563205279954,1.8037467569811938,1.7112761625584485,1.663535921161736,1.5305961692066992,1.4979642325872393,1.38725967388446,1.3990971668387493,1.3552087008981626,1.2997333237768534,1.301337740545609,1.2969597138999298,1.2213442365122125,1.2208464802673022,1.188649638281018,1.1654752792086374,1.1269055488776953,1.138594332017692,1.1470386850061682,1.1332007668774586,1.1368767919467344,1.0592291823239595,1.0548459594462372,1.0430928471967171,1.1193770432583177,1.070707056411753,1.0459829899197222,1.0516350469764557,1.0479037000686262,1.0497306313865724,1.1294460392309553,1.1389904966373372,1.1361850433353098,1.0415116883765312,1.1435996198812541,1.138330702628972,1.2100164770004127,1.1713409031029318,1.1661526168742737,1.19832276119717,1.200375966213125,1.202323584504517,1.2682528437860134,1.310210044994294,1.300564075512622,1.393473005353674,1.4079956638111368,1.4052858554455376,1.4479403638265271,1.4968841107788577,1.614226287544079,1.6852828388907852,1.6885666560085544,1.8071231320717238,1.8256078346047204,1.9657272341339806,2.1398914957043096,2.257646097752666,2.2511855085190295,2.4320356394876823,2.615764217578268,2.6850728391523035,2.9500244033325433,3.07372697052219,3.246390703030297,3.3362927320668776,3.611946467121675,3.891642519262759,4.029313596057198,4.229403596179091,4.456246243910934,4.751060989570114,4.957336334454397,5.115682979345662,5.4118177561283325,5.7270598063573255,5.982972149694587,6.279810174870052,6.701755197174687,7.052494054421267,7.312965669050927,7.765796496907302,8.270216769860754,8.885055885934714,2.595926624516362,2.2617612980751876,2.1012392106888247,1.9724202219898979,1.806745915721564,1.8368398911898363,1.7092215225258909,1.6637007169325948,1.617383586495182,1.549012017571143,1.458596080199755,1.328613353723117,1.3653971486671375,1.3922879800545789,1.3259697451646417,1.301167591381402,1.208611839270961,1.206647863096058,1.249644863083937,1.2531200797682298,1.1310015300226663,1.1371243201586339,1.1197525087538027,1.1395217143846896,1.0508205928918957,1.0375661105253369,1.0527074990920255,1.0394210042484822,1.1434073143063976,1.1371300551375594,1.1306926937070623,1.0410844734025158,1.0508771016085705,1.0766850454095729,1.144373854014528,1.1296158513863839,1.0718225730738509,1.0509331048899964,1.0507354429592652,1.129948810423176,1.1425666631523426,1.0646771653698042,1.1228123384034467,1.1297034059608961,1.208955725652764,1.1510360777644002,1.1762865816366523,1.1640174200624338,1.2080913127476949,1.2108416930258994,1.2230662827199994,1.2776808102451709,1.3773430939943747,1.40231326925167,1.4401649574951885,1.5071317445911083,1.5383392053908302,1.5323381831913836,1.6424961681971952,1.7013753510370127,1.7237876260116596,1.8698011936718786,1.8341368609289115,2.041667266454279,2.1850992812114263,2.342735161969391,2.4874077366713676,2.6848861584394887,2.9426080708577875,3.2925534250351958,3.8082964588795214,9.674350912282966
4.8,6.3505486606855195,0.04960821330345028,6.125577585710366,9.502604647954447,8.980337935885272,8.557809493809787,8.035184376930552,7.567939443038201,7.103466303928018,6.689692753513659,6.230796293256501,5.861426138382147,5.489628482785885,5.160845101243196,4.880816960692739,4.519092662423529,4.218555513364898,3.887134942719333,3.5103436068297693,3.141723980495478,2.940278060053515,2.7256545691115837,2.423874610656147,2.3918267696516247,2.2318605071386486,2.049038667679687,1.958211664617756,1.7788843400193706,1.7499032168802438,1.6781231829775953,1.6134566144933584,1.4896595258924312,1.5279838952978524,1.4191463953311065,1.3790010297329862,1.3663049178338262,1.3321730991748957,1.264933729594385,1.2695499751557344,1.2256544234294249,1.1850597225081927,1.1726500021098427,1.1764622484517817,1.189762547565402,1.103370507606733,1.0916564693902668,1.0855675510671492,1.0765113521667748,1.014648239370089,1.0036819953087568,1.0874218691017055,1.0888727860106768,1.1030413329863815,1.093709190214553,1.081421908487277,1.0807820324009692,1.08358721019842,1.0887722650589118,1.084583897364096,1.0777907675357759,1.0621118940555063,1.08267838358674,1.0910157624691197,1.1540908114459527,1.1093270966628779,1.114854689922531,1.107229870140875,1.1993170695332596,1.2540283427312946,1.2320721011619538,1.2465620001285587,1.2379467626059117,1.3017090739280612,1.3632989006779657,1.4150286859147236,1.421884762777505,1.5271459725719945,1.5799008196919242,1.6394841173525072,1.6774189661202774,1.7439065344219913,1.8688086548856608,1.9953859034504557,1.97085489412691,2.146870715707819,2.2546254844563256,2.389498205907925,2.5086108695059717,2.6735020038702086,2.8167893320783337,2.9690314690207305,3.117791071642056,3.196380132434265,3.4527982200827956,3.571236115697242,3.895297854257253,4.123031680415853,4.279973512269131,4.462233329716628,4.809050569349862,4.988889241613747,5.220215282238354,5.400718387378346,5.619056238483442,6.0052842572543765,6.278443106245792,6.735047533267918,7.117272748144631,7.427197225128687,8.00734660568026,8.525269891632501,8.975229554852476,2.442938699739236,2.3163882971994,2.121775730841991,1.977139367646977,1.8599729407731769,1.7486750733283456,1.6821111934197102,1.6027903390682257,1.5395180289944728,1.5310680813521942,1.492271890787322,1.4177912426718569,1.3969796459269663,1.4074282218895717,1.3178596852460356,1.3087745093006733,1.3083714588611346,1.2600209151059636,1.2734517835426198,1.1392419080823761,1.167927840777498,1.1887062928027896,1.1978965490582805,1.0918048667274038,1.0800333074855657,1.0924076879529383,1.177524198855354,1.1135210826440447,1.0811104073603839,1.0867058221241626,1.079972552856039,1.1026727270655152,1.0719115680592888,1.1708287325220506,1.118700647460222,1.1300078757699044,1.0901641135737274,1.144418579313298,1.1651963144172914,1.1181079093067143,1.1235767187635894,1.124589739822426,1.1575229118885606,1.1479038702550646,1.1658631124245,1.1870446209005534,1.2592403569731259,1.2621315940000712,1.2510174108532934,1.3242486855841973,1.4010433047490525,1.359996271021331,1.35956994980902,1.4558463475507049,1.5683969411067529,1.4974679981481505,1.6940244573852867,1.668315466688807,1.8035851449434965,1.7836717523668033,1.8267192949481956,1.8928679890959617,2.033604203763788,2.199214994681186,2.311853963493455,2.513665188944492,2.631846853348855,2.7820323620198875,3.2386703307221643,3.6374724589777663,10.12574349271477
4.825,6.260651731809803,0.05718556635906822,6.130095062760818,9.698972756727013,9.137574863067467,8.713990363880097,8.085569055696247,7.637781103087032,7.110910634812748,6.811840371533612,6.295106722962869,5.88717241867298,5.527673699235694,5.285006326013436,4.797577803372262,4.424014735321668,4.159095808138497,3.8513562440133855,3.3071101157143836,3.056661236493993,2.84703056375436,2.7214859163670577,2.39763417739579,2.247691397460301,2.1233911628265636,2.023933996288821,1.8587934837767044,1.7277516970233155,1.6779313504147424,1.621611037984542,1.4469032632784473,1.5069065838375812,1.4532255888934043,1.3335974755181819,1.336741022139503,1.324243365197509,1.2467559411546705,1.1919977117129,1.1839936671793772,1.1931250481487006,1.0956069589249964,1.0939546920556806,1.085480005048371,1.0770671963453695,1.0023806777209199,1.1009887380137957,1.0950657404349011,1.1062731881047991,1.0927688734255765,1.0936668180497473,1.1053101890197279,1.0309833927565744,1.0054788556332588,1.0191228118075677,1.0982014053560154,1.100374767152943,0.9987983543046374,1.0203320328096341,1.0083389430419636,1.1015377918814675,1.089167193083828,1.0203036605418452,1.0263794558191965,1.082076229299001,1.1114982808426241,1.1646323848871263,1.1778530587872207,1.1752741620047469,1.1336556524811445,1.190637122192891,1.288142395355932,1.2952838842152798,1.255025975471402,1.3375050811057825,1.46403098255809,1.4129065975863082,1.4862932905155561,1.5534948075500206,1.526231964571029,1.7008812255773604,1.6679983570543406,1.7916237945365026,1.8288489966666093,1.963698333896459,2.0728009813387795,2.099885696682382,2.2731061251661404,2.3992660115745843,2.506066478746824,2.6415625280989734,2.8730894132570803,2.9824385547501056,3.156819995589944,3.2270718045800875,3.411515275894925,3.72198361396411,3.925398174541585,4.0544382770803145,4.320227249512467,4.51066186401277,4.819907416170229,4.960475476819958,5.2243220579436835,5.446843029405606,5.797130340806678,6.0044652252395405,6.381445782789858,6.80788468775374,7.254482251386141,7.687576527360585,8.214113245780432,8.73150387679599,3.0073849465797995,2.2938650713228728,2.187410598136402,1.9843378148234705,1.8674860953350705,1.7477164455344523,1.7388252253170386,1.7156093461767183,1.551377581643757,1.5855848380749886,1.4227502521639137,1.4323853396304402,1.4680104810051486,1.373778056187406,1.3426199956211482,1.3467003985641133,1.326353545717305,1.25413805857348,1.2443243140622182,1.1732706009755418,1.1703861579344703,1.1966713790359953,1.1938929754271903,1.187309940880575,1.1736464234534671,1.1351645982066483,1.1234196533692011,1.0983337021299573,1.083774065950826,1.0857457440051987,1.088511872961511,1.1842732640238924,1.1167849384550816,1.0951943327791873,1.0897912532661191,1.0687885113371531,1.1788106707668062,1.1736184647266803,1.1335531450397853,1.122471633794265,1.1261524786064547,1.1847393680720588,1.2599135438858529,1.1630589376973652,1.187302129063823,1.2795502379121713,1.2718112226023008,1.2797387889532326,1.3356637948824552,1.3109572168915462,1.3831076077763167,1.3923446481709252,1.4370397286362204,1.500350819145247,1.468849330957739,1.587923254728012,1.638320976644453,1.7378212529721189,1.8016932274598283,1.8867759811957452,1.9282974450052857,2.054341423141707,2.1816991701208392,2.1390022506444915,2.316516201954609,2.4540451711587803,2.62548681391043,2.9660836320974546,3.2283459838741835,3.544846843888848,10.21047834632225
4.85,6.208909092540163,0.06164890347063256,6.136871278336495,9.761997047785767,9.188172912058736,8.653466323427,8.242129028518946,7.781177887793431,7.150987882390348,6.783006274840542,6.3665292040158485,5.89636316476284,5.539128232860413,5.250540926194503,4.824457653811194,4.5013126589993195,4.02962582077228,3.7301289068429013,3.4080921263886874,3.057877248295021,2.7082028715051902,2.516635329442883,2.336129194074735,2.159778987090823,2.0044108530621156,1.9044239926529216,1.6884689675891795,1.6853685343120426,1.6946081166481992,1.5416967922431437,1.5557191034273545,1.4724600803691044,1.3914266085960474,1.3516301058493994,1.2805812125215004,1.2661815734085546,1.150347487473564,1.2067659784999811,1.2051522598506343,1.2038099808057452,1.101255421340612,1.090090658034519,1.1047198943713092,1.0890537099687634,1.0799332447946353,1.0753564680610033,1.007603045947328,1.0075836449313191,1.0144918587702545,1.0228888113733308,1.0859030740419624,1.0078788399124323,1.003272456500967,1.0152395171348343,1.0109476577880974,1.0239498611174718,1.0179828585990125,1.014726461355841,1.0109621418269983,1.0354336794623427,1.0019913585641322,1.0857814097741396,1.0845520406495484,1.087619861577231,1.107807477158752,1.0996621332209637,1.1764890330550197,1.1835315056155653,1.1352102512835183,1.115337616078453,1.196313432271342,1.2737467928316621,1.3483964005082298,1.3340305725300359,1.4326720209865018,1.416056461652645,1.4562845558873891,1.5429255202505372,1.5550601786135645,1.6256596526191875,1.7160409900095492,1.743627523648639,1.829938642137125,2.020391500689924,1.9815092248710018,2.1693404546360924,2.201862665269733,2.360131078726825,2.4982877691411693,2.5841667996039153,2.7441464902051624,2.9600655295155844,2.9711743025601347,3.2088647424891983,3.394671320982415,3.5978252808268785,3.7479357625939267,4.032839495310727,4.144217756903867,4.393271685973522,4.635005427520307,4.971360395546204,5.106532948136868,5.305331793597956,5.541137499913759,5.885266817375758,6.243982485372637,6.696782169199035,7.1403234071221675,7.571740576015186,8.077051876430053,8.631548012731123,9.145803308019193,2.793875389482278,2.2120999052135413,2.141244139234013,1.9111805207063959,1.7932791673695865,1.7247695862408507,1.6985497926406667,1.6217472432388174,1.5030211413808143,1.5007061086944093,1.4569216196846262,1.3983444128552436,1.336420033248726,1.3419235796555469,1.339834211927747,1.2683857706287547,1.2344076676639708,1.2860835222212021,1.2776151589467322,1.1597271887218656,1.1787220588937506,1.1655562357255496,1.18958995928822,1.173380631731288,1.2188732173618924,1.1370199248501716,1.0941057870273676,1.1710221072498666,1.1769639566243952,1.1285001766178269,1.1358536073250118,1.1053058278415275,1.0964784700840993,1.1853378046643206,1.1427833801323217,1.132153178959832,1.0954935604331577,1.1966758852405586,1.185245862726674,1.2458198501539088,1.2540676619529467,1.2432748125114375,1.2093878666303313,1.2723503317756453,1.2674213516837758,1.262015753450019,1.3288866279800442,1.3842144921105386,1.3679057859373658,1.4002280074596274,1.4385194255792593,1.4956609463025674,1.5050147741099225,1.586395738557335,1.591442712675592,1.7079448499015308,1.785849245563247,1.7985546069266631,1.926321974367412,2.0966141461481844,2.0511971262879256,2.1559234523354527,2.349306722866097,2.4414640357557422,2.573081047623694,2.8178261746949564,3.135088444647277,3.5410839411140898,3.950712633027167,10.295264457467763
4.875,6.180155532187708,0.06190540459665818,6.1456862805371815,9.716537117440817,9.128096060745394,8.639346461556054,8.032226027729267,7.579464589368881,7.188197206653371,6.6848151362935555,6.176897043247433,5.83313283968066,5.523506926590908,5.027998794993037,4.6570817007519425,4.378733931165804,3.751039458638862,3.473801019612179,3.1321671673036056,2.842783460819484,2.5218895005126742,2.2918681045125244,2.1520652281684125,1.980160043154712,1.9541239821648373,1.771963111006488,1.653549852739375,1.6529697380376331,1.5168960117531425,1.4479580526299285,1.4335787506684976,1.3583523689375245,1.4034540640601514,1.2310942824169107,1.241915907471378,1.2164609572261043,1.1283573371620903,1.1330648054734604,1.1300821294608885,1.173865095936078,1.169115031978137,1.1814931079973052,1.0678196281357835,1.0650173583359348,1.0413726940290478,1.0662336053703738,1.057815049341062,0.9791090274250115,0.9691404902461235,0.9730470907870675,1.0524142969385086,0.9655313067374256,0.973981217901689,0.9773168180472441,0.9567762312916221,0.9858209413389905,1.059418117348011,1.0714254242614452,1.064812695312261,1.0500590448673786,0.9763743923281087,1.052935003700688,1.0501077716351688,1.12867646194212,1.0732479983956684,1.07701820849018,1.1551760411165983,1.1597690688802982,1.2364577581632838,1.227218999964857,1.2152258507659104,1.2926788402950753,1.3534377424281117,1.2737233551116414,1.3294318655920925,1.480907084587368,1.395076042009091,1.5013486773164184,1.546516149943396,1.54371347016351,1.7082057648593443,1.7109202651393276,1.8222455916726372,1.942205719563188,1.978475170040401,2.0852453128413004,2.2291165629100953,2.286501988355548,2.4649335790084885,2.5959753393214413,2.67055842224624,2.8151136108003114,2.9863005333874155,3.100443862883813,3.2785325787936985,3.5525218225324906,3.69361567752592,3.973384706104632,4.111785735582055,4.316961052584096,4.497567916486939,4.769250059328236,4.999880813801515,5.2874229339093315,5.5123450436313375,5.880321745151385,6.145182406115171,6.558399250638684,6.956022383435832,7.452018216289719,8.030385701813966,8.573110023001012,9.08845384928288,2.8708309290341942,2.555257081967631,2.121024163844009,1.9348272313393706,1.7967442713402573,1.790072122833807,1.698882081125054,1.6510435224551183,1.5256016488339186,1.4964658330569978,1.4080672639953615,1.3756881765770048,1.3835993201692516,1.3049403782946392,1.2671520799470959,1.2645702039014686,1.3117306045118038,1.3007406275447098,1.2064299445476818,1.2013677385176513,1.186361574691469,1.2506422909002928,1.1594374436524804,1.151199494070595,1.1392522518909707,1.1513276967263046,1.142526807177105,1.2345537316521351,1.1820401703635877,1.1650169656463287,1.1503030626685307,1.1425030213966278,1.197410900873052,1.181681997932888,1.1420224166230173,1.1667782949923968,1.2154986391613558,1.2232821104186877,1.2064013923805774,1.1642523379331027,1.2370667765061794,1.2307924185366028,1.2882679838556204,1.3144200098739323,1.323778929589136,1.2962230490259372,1.427510242029865,1.3377755970967942,1.3893718633411622,1.5144411548193748,1.4936509050715157,1.493408438275827,1.6491815683862638,1.6194484378932856,1.7162303479192222,1.6991249591718032,1.838081921401334,1.9129060380887164,2.1344117679173933,2.083861811735006,2.233694472544311,2.31098732433025,2.459592041829485,2.6497778239810406,2.7952836385050497,2.9196056091931393,3.24684889485849,3.706371740556479,4.448268266972707,10.096625430779598
4.9,6.168139613682287,0.08640549738393355,6.13953036993277,9.412236589408481,8.889359578830259,8.485479267711206,7.958465701340861,7.411256868461415,6.92986904628386,6.45970257417517,6.093788270453866,5.657230127425294,5.2335828528220905,4.843866767252585,4.467045104628969,3.9269075838131764,3.505460923343831,3.1321355439205214,2.825499310460755,2.5919888258378774,2.277981805909032,2.1372541016469597,2.077755453292826,1.8959049497057103,1.7915920339945093,1.6864628049382495,1.5979167520209394,1.5078307737601142,1.444819842586968,1.3223461085085826,1.3266347914967027,1.3273002183404419,1.2199005180961042,1.2273118331361477,1.2360827745489638,1.1915019272920906,1.1920585755912454,1.0753514568876383,1.091215766611838,1.0964988970102558,1.0850243596501437,1.070812310011547,1.0173579525533085,0.9865060706335984,1.0083322736805367,1.0045609458218188,1.0008779521218203,1.0043321980566433,1.0062216382485711,1.0042509791846725,0.9898023731649176,0.9979829343321233,1.004243403816482,1.017874050925857,1.0105886244367666,1.0103407177415664,0.9814257256966932,1.0029951972975992,0.9933774301990016,0.9926290629360727,0.9942047076140867,1.007866699637599,0.9950005438308666,1.0822908909470168,1.0740316811510349,1.1753861116080255,1.1212927054292967,1.0998969077478449,1.1898013423645941,1.256587278593316,1.160704338242298,1.2242056610990655,1.2944835523673721,1.3114670543746512,1.2591980188617151,1.4248067718406732,1.4180836650577369,1.4327457816494555,1.5369623927652927,1.557690129249508,1.7315290019826821,1.7212741803620863,1.8033393489370502,1.9469513040355368,1.9036537437524264,2.08123716205868,2.1565636190939146,2.3329976146717506,2.4139959572001706,2.5107277562888184,2.584295351637863,2.738036041058034,2.9417914742520788,3.012087901205489,3.2816293181990606,3.5266079862387536,3.6292391225918608,3.8470618820576585,3.99047466317228,4.258207642914476,4.4653429402940565,4.778343638388663,4.896129325001023,5.2213752415719545,5.490718563018287,5.886282927454341,6.184217385951933,6.55053927320213,6.992589500885672,7.574356970535375,8.061738079149256,8.550452887756798,9.038087050125773,9.510973537971541,2.6478509348684875,2.321174495600767,1.9944933031180683,1.8192537328597271,1.6997470517075595,1.6813750755536214,1.5779717463679643,1.608065492740445,1.5720282924874904,1.4243228790125793,1.4988356491056243,1.4509676042921804,1.3305034819522714,1.350582863339941,1.3314469245346405,1.2470462876513169,1.2536644421331904,1.216819922333412,1.2293684343529272,1.2733671542926333,1.2606197601791682,1.1654557936611567,1.145290149368445,1.1962880128180742,1.1767410849775455,1.1949120659969,1.1536467523716187,1.1601765114083773,1.1573532827463457,1.1718703953113696,1.2458794800377984,1.1714177046080785,1.1830146106896007,1.167903284760182,1.2649221657553495,1.2330498855074257,1.1761496577991706,1.1732378916904571,1.2757930523034813,1.2272658696402214,1.228447467860231,1.3168998062768285,1.285320746434099,1.4161505242029064,1.4253465487718533,1.3192703534396737,1.4239893815770601,1.4814951411106128,1.4988878429451737,1.6092238083931159,1.6444983674048772,1.588267183995947,1.7308080792558098,1.6807287954021173,1.9168259139924715,1.8947362292206504,2.0887725739446523,2.0954085140915644,2.204674276581997,2.3462269667583593,2.4986755761918413,2.585192225793581,2.7589268916489464,2.9189839145608176,3.2370545367557617,3.7082908592178714,4.000245736430315,10.604571650966882,10.057628670821758
4.925,6.160296828806645,0.08380425142027764,6.156043811304326,9.35991236747936,8.688515786991909,8.286669194605906,7.551394547294632,7.165613979794968,6.68158486206118,6.29703255053221,5.860848120314048,5.603930975612631,5.016764365197132,4.468586191282965,4.04984662194829,3.5925502398672973,3.1085746269931214,2.875097963218398,2.5314234945058227,2.2414569490245904,2.073728631840497,2.0474814636698366,1.7297357382390348,1.7588434529991581,1.6158184200634873,1.5810817968490556,1.4278982121916703,1.4207053478296248,1.3130844070072365,1.2841960104835441,1.279672379410633,1.2410674491870763,1.2749613210462165,1.1531304100679998,1.1007133320261844,1.1167983577842886,1.1216911721793301,1.0291967097502221,1.0264913653654355,1.0220534428115307,1.0151271979450356,0.9414581750338773,0.9603740740342908,0.9489185078640011,1.028221859608365,1.032513277822198,1.0162537484010514,1.0179470743820966,1.0310174644598784,0.9405592536665007,0.9469817629175672,0.9343257984311355,0.9502282207647483,1.0147146668550056,0.9461962973451323,0.952230428777122,0.9420273591869736,0.9322801488543501,0.9975499835743308,1.0455625067153493,1.031425572127355,1.0212137463453648,1.0500400706604722,1.0193731536195019,1.0995802946653663,1.0969043552788138,1.111494788773771,1.0598301411354307,1.119931706573332,1.212673452765701,1.2046035369922492,1.2067416760227125,1.2490650145806896,1.3371486989625396,1.3050533663525954,1.3480375953924786,1.461644799190491,1.4200340581400455,1.5796745347815084,1.507478558030633,1.7252644028073505,1.7160734517082432,1.758969159969025,1.9361420616050666,1.8965217767577591,2.0198146189521857,2.1667653265190174,2.213563052816307,2.329075718403919,2.432510958151092,2.575287159187085,2.755094390499281,2.9000796532257938,3.115292222248004,3.3360305140072133,3.3214000590288584,3.6393900407615396,3.7940331525111115,4.032829499698798,4.157184710647745,4.5067735721679885,4.663058033979793,4.859394432280068,5.088388547558299,5.4105956011138465,5.803572911597343,6.1888768511335845,6.490142479628406,7.099684960604493,7.491643002595107,8.073492842212127,8.729189354288104,9.146514457573009,9.61279927581924,2.6397265109633246,2.4346707138792385,2.120086727530261,1.9129736632425434,1.8095909817264002,1.7306298061821015,1.6196608223699953,1.5843410662676674,1.544569573499154,1.4628552097440366,1.4967429832008874,1.3478184056514098,1.3560989256477591,1.3477090110759344,1.3182064914054743,1.2899860255628277,1.2715193993965601,1.1948753889419081,1.179074393666338,1.1794906165852475,1.2730352130794798,1.2402588308577835,1.2379428869656501,1.2009367084095521,1.187188803146099,1.1812944382589763,1.1647962439646236,1.248277749710184,1.1255687313118674,1.1242923324373348,1.20874249490704,1.182295205185951,1.265627779725592,1.2511130047031123,1.2347051115567897,1.2299719796515272,1.2574849942453667,1.2736552076242655,1.2635904764092303,1.2788637746103932,1.2958195992865962,1.3943788827198114,1.3129356913459902,1.394795965284717,1.4477944880572513,1.4805736813287698,1.5235430465006823,1.5510537984126813,1.6647370539820805,1.6215245063583725,1.6424002016893333,1.7303006822521656,1.778478834867537,1.8323486900518628,1.8715610991582976,2.028949712517334,2.175746347379843,2.2149630699033405,2.3646823895532854,2.5516427618358213,2.588583927585262,2.7768941239949725,2.930357867680818,3.270111181003023,3.6147090463778415,4.009236251223297,4.6753663767591975,10.304568875596189,9.81196275554573
4.95,6.16031326943751,0.07924652648028145,6.180813973361659,9.0217425181143,8.427301421809949,7.824449259856374,7.433009243712278,6.903845946793512,6.421560235284471,6.014982959823138,5.669405860414979,5.158787011350186,4.593790066689977,3.954554863879344,3.548463144374888,3.198214079684062,2.8433797008077772,2.473966797650574,2.2021031596938685,2.164017421770328,1.9777156850196689,1.858153460878548,1.7337114226996204,1.5438828926363664,1.5302523154721004,1.4584547488506479,1.3941640279930136,1.3647596003620355,1.304387353478306,1.3616379067002222,1.192341988100915,1.175096584737967,1.0971186651799958,1.1028500785147664,1.1400420976637968,1.1293853628078223,1.0291557484989688,1.0332406025214371,1.0252117376252337,1.0279682033955704,1.0142889529456796,1.039666373938797,1.0296831423410329,0.9634182750185383,0.9346421196307649,0.9462797254529245,0.9315835864551849,0.9510098053302887,0.935975748361345,0.9419260499770392,0.9579187290278626,0.9429903126922563,0.9695416205486149,0.9494360746859712,0.9490198769810895,1.0372820755814465,1.0319056333582084,0.9469742390507919,0.9440938348302188,1.024728525373126,1.0187847102882366,1.0177673936282536,1.0374159679823973,1.031230480293108,1.0350051891554162,1.1030371768404144,1.1118848675191584,1.0463421056649396,1.144905909377691,1.2234804197535591,1.192048079974825,1.2005045154794005,1.2589717332757713,1.3388970891965846,1.3168166229290323,1.3443376662208097,1.4009244817201252,1.43108724803118,1.6024927768721786,1.5450546946824009,1.606193724095286,1.6994319594544969,1.815319767100403,1.9025154205976236,2.0660902855998375,2.0558748067190047,2.090497751864725,2.2218982863205476,2.2585770341391815,2.4628399801215397,2.573396514361329,2.7796078338528587,2.823059232593473,3.0695357439336624,3.155553695059286,3.5196972432731437,3.5661259623219186,3.77596850782901,3.949418827881722,4.159149596826736,4.419206292886933,4.59133967116621,4.878358884109341,5.227366678829739,5.528928052777188,5.877291972068925,6.28189481775444,6.7234187343279626,7.2256190542485,7.793888073477062,8.266189629690558,8.768193421176878,9.24441009148777,9.761952454643364,2.6417534388125254,2.3417616151338065,2.063651132180466,1.87076900664582,1.7494468553976459,1.7238857594655839,1.6667396809098236,1.5130669945687254,1.510683963744368,1.514888324512713,1.43006226193793,1.4338778884628431,1.3850455600520784,1.305024480283269,1.3626186450729532,1.3550877906296344,1.2786046531286044,1.242168032316223,1.2459100671528422,1.2790850460355652,1.1936330063729528,1.1857288591873223,1.187562972939482,1.1854727325983738,1.2672468349769561,1.2625905436839349,1.2514802549301003,1.2153502977849393,1.216456861223092,1.252580144281342,1.2600673738746522,1.1800094829391852,1.196567559021538,1.1927527178932125,1.3060504950236422,1.282062981116156,1.2611274053617092,1.259255577644083,1.3211573549703672,1.383427770507805,1.3848386681635556,1.2950101789510673,1.4203525236040693,1.4253911193353348,1.474926955160887,1.4907444316913083,1.5700378189136368,1.6236348086718648,1.5770564882409133,1.7199555009192744,1.7490356681649215,1.8429038845856094,1.8415905550701461,2.012559550957031,1.9826799971509352,2.0957786978571034,2.2849671876344497,2.332389532207075,2.5182681007029446,2.6233570780660314,2.734372159970231,3.102598210737677,3.238734970737153,3.61286248158024,3.9636550140871103,4.58783819948199,10.591802370224844,9.984231390339877,9.535420999013027
4.975,6.162982171698102,0.07356191373550808,6.175975968553141,8.61344995341632,8.031829694257148,7.524627163646848,7.037762178569711,6.573927842767939,6.182692191443544,5.7082876132749,5.226297303890522,4.711044338592937,4.107446310177743,3.3868876814828863,3.061501787062561,2.718395742318378,2.4466911991728915,2.1640533647230162,1.9838694631276363,1.8324124848459875,1.8273287838046894,1.7186280650882249,1.5643722905549091,1.5149361601367155,1.4752473512474467,1.440755141593796,1.3120047955079017,1.357514894108368,1.3066605736781902,1.2334582828271636,1.2246881347010234,1.0782927941951859,1.0669752004191135,1.0575404057521534,1.074796366877094,1.1088523083270412,1.1005885289611286,1.0926081633953395,0.9795166685524259,0.9974749715174079,0.9872055120759131,0.9742129418058125,0.9797699727149809,0.8910239975682167,0.8948306728550459,0.9061667944135207,0.892691309441373,1.0049545819960235,0.9848438918191426,0.9767564486886524,0.9946114149393439,0.9219501824688678,0.9188509916831638,0.9167920377329923,0.9869755648914612,0.9906916399093952,0.9702152374744162,0.9074351294840158,0.9975073173817358,0.9891939161727273,0.9809053105810321,1.0642005667181746,1.0232953687440427,1.0124473942097338,1.0770598653973933,1.0808764859057818,1.0506851085921851,1.0444397059320756,1.140862991058131,1.1621113603565774,1.174776796454624,1.1706644275061524,1.2498322594512985,1.3288565192818353,1.30681017394135,1.449046180825917,1.468293569187694,1.4345110009969013,1.5083844109124644,1.5951012391184223,1.69635792275384,1.7632078084466765,1.7626307798438312,1.8627642689385708,1.9942456347519277,2.0332456362640117,2.129035276601515,2.2066403171669746,2.350969056801472,2.4141956072718416,2.573207926648488,2.73685964619302,2.9051314365241696,3.0226967568987835,3.1100064740218016,3.3656193364337126,3.5607465260226334,3.742464618285831,3.894281257890473,4.194177440166915,4.4268736567497236,4.567294083686468,4.777132258896991,5.153219747169579,5.582978121767099,5.977857263632698,6.247269230389733,6.840439451650361,7.444773205493025,7.967041995705757,8.538240049239237,8.979129448929736,9.391293112063423,9.769098798285055,2.8352455831169445,2.301314806877449,2.067922555917563,2.0358275933683307,1.7527578834755801,1.672951172877457,1.6905583279703436,1.581298236125817,1.5526107083959546,1.455004420929947,1.3994914104774938,1.3412718733730813,1.3287420478942717,1.386767057691401,1.3784884447970478,1.2537653706833325,1.260801926908569,1.2663409848274194,1.3046150283297302,1.237829854519812,1.1946671132859896,1.1961399547781244,1.2766389337508246,1.1586881553484045,1.1610159582697406,1.2446997394619483,1.2333861763894691,1.2180310240991878,1.2157845840977601,1.2081916687098213,1.19460100128984,1.2382543960694399,1.22014994846223,1.2308360710512585,1.2366004437524374,1.2666591517805588,1.340214432151967,1.3538603133060707,1.3648242818600254,1.304563464791779,1.4077365294175788,1.463285534264391,1.4618122151023412,1.4607358207176544,1.538559958203663,1.5393632543654103,1.5695246499832074,1.6859407765467724,1.7395734034044776,1.8028174374168342,1.9029945081883002,1.909303924489481,1.9567521336349962,2.0840694335809595,2.0636994845890753,2.2745122308241417,2.516762353059997,2.6495632301665197,2.7630938177997932,2.8638880124553605,3.0623535233997456,3.406342186725382,3.5653256190953817,3.8908210509891847,4.771200541344323,10.823092448787735,10.343415496351055,9.69492802822844,9.127345934193363
5.0,6.161241796300971,0.112330661950915,6.503284841059763,8.165783840276,7.752499557010152,7.177703731537239,6.733413673222795,6.2867252757374965,5.760432018808472,5.150080374441866,4.686663080354314,4.0580729309312815,3.444371597374914,3.04951566796954,2.675354617683291,2.4590716470260885,2.1277535921765804,1.9639961602223905,1.826381866329873,1.7604688217724986,1.6038420351090934,1.625474969848607,1.5749202047597914,1.4330589125210553,1.3754961582765493,1.3101950053119655,1.2578754935760015,1.312436574911444,1.1277614444675383,1.1247768682049326,1.1671121436333887,1.1817792765329773,1.1629180348932453,1.0724197723517288,1.074043604697015,1.0185463657583045,1.0286827940308312,1.004960444129427,0.9794641843663333,0.9830166879811486,0.9703777485009646,0.9923589640138032,0.9833565163640094,0.986511270956752,0.968519912255843,0.8830738143588309,0.8994821641049473,0.897885806713816,0.9084536076820525,0.9617745385033081,1.0006525063707594,0.9038906312368775,0.8902033587330519,0.9128476417526578,0.9029520602980559,0.9796343315291124,0.9962744827988718,0.9120384193929921,0.9019402987023966,0.9840849445806649,0.9789414712187646,0.9950629181953392,1.0071888231037491,1.0174684832982488,1.0652754430509908,1.0754319004575963,1.0587188327635146,1.069745684629145,1.1562805311498643,1.1448353981914952,1.1730062163928718,1.172339420751863,1.244214698710092,1.3177111116569717,1.2922601331786396,1.3385920288927047,1.3491100562332177,1.5373822866818458,1.5418961785768521,1.5719498162501278,1.5630782319781336,1.7273431544707458,1.8565207542957394,1.8482442962904322,1.9108591226193608,2.0101843644762227,2.0880073474939302,2.2022981221853537,2.249541892849945,2.4056053054426485,2.505461074731828,2.730527988867501,2.8577583389341554,3.0022523619478654,3.236992250279831,3.3524257441177583,3.5795622779827765,3.728457656693891,3.910778079034948,4.263565579191498,4.38820348448715,4.616278373988838,4.935616770936772,5.344954063969711,5.65717477815055,6.071857618007548,6.545288792406025,7.04183234002202,7.605916490150975,8.197654408567226,8.665110451277874,9.08705317042827,9.61021616925658,10.024535996755906,2.68527112133879,2.324246054274591,2.2251291714900288,1.9917929887507273,1.8116199644990092,1.6643581387202495,1.6066365200857242,1.5722023835702195,1.5626350089550973,1.457088828881663,1.4118029110036188,1.386238388502465,1.3891935191856892,1.3860153626659302,1.3674233140374807,1.344015104921963,1.3277082744300883,1.3216105695410045,1.2359202098587716,1.281575981586848,1.2637757277695518,1.2749326558217353,1.2325036104851748,1.2321565541912873,1.2738615936030422,1.2692303389287796,1.1867780062240285,1.2394519104712804,1.236166282043196,1.2278413419934768,1.3238483113996216,1.288868487211145,1.2113778833337252,1.267335918126638,1.344064039369536,1.347915035293522,1.2608998218415912,1.3195056450899474,1.382249482482427,1.4706011910988506,1.4832471078730602,1.4638287428060046,1.5307935072496055,1.5961248948751277,1.5202652750585401,1.6671100456958456,1.6431050783660979,1.718086800952735,1.8289413523293319,1.8064681883809837,1.9499275772062987,1.9699275243128542,2.077086630373007,2.1744130111862794,2.256144328360299,2.3919702559964837,2.6686256853304418,2.7725712455913007,2.930308844234071,3.049898952905954,3.3897398561874432,3.668387919644,4.02205414913853,4.628663264880762,11.098455680762093,10.450537603125989,9.951241896691679,9.427153531223901,8.691769900856267
5.025,6.1996945044937375,0.11646215042015512,6.487485686259368,7.996685261672044,7.367622412012052,6.906715041866277,6.494648724011533,5.954410001683615,5.4485900604932525,4.628024850355953,4.027391946804742,3.4967294645935256,2.9822463138957214,2.7340358989702844,2.267768240133711,2.2233692933752582,2.0616458868363208,1.9130650825524667,1.7684094707507296,1.6773499214556402,1.5543959242413645,1.4948744841855293,1.4398224440652567,1.3585170398885096,1.300741381705426,1.2969379786988793,1.2172651458997967,1.2507088295529891,1.1981858397082341,1.140832504541695,1.1456504712051114,1.1511629681093747,1.116400645722992,1.0307734624884748,1.0306226601883046,1.0238609591717125,1.0066167163611142,0.9974471918367355,0.9781014962972537,0.9899117233127626,0.9350584982044758,0.939006225114881,0.9495854385264292,0.9551422001707347,0.9436396187957871,0.8566382731050327,0.8736095919262867,0.8817134692286313,0.8633085828220586,0.9703055073610917,0.9632809987508328,0.8835285032107001,0.8769595456718479,0.879127176444347,0.9529094094239574,0.9493764529282569,0.9354066541178839,0.9480242358020147,0.9551652126265968,0.9470651779642453,0.9637557727931604,1.0296261856550089,0.9876669469111522,0.9976423975835005,1.000868065923366,1.0441372651186545,1.1194396940384348,1.035030315289951,1.1063886041874165,1.1655920502387873,1.1856691642965373,1.166432951759316,1.199352669065244,1.2001400416740249,1.281319429920027,1.3552495773851487,1.3560855235376583,1.480935060353809,1.4579823884812788,1.5994433958905234,1.6281263688284087,1.6954797918013658,1.7253400354535053,1.8492324843168164,1.8061427803708519,1.9058364097022995,2.0684463781231126,2.1157401149476303,2.2681674084546444,2.409347065053514,2.625144044495461,2.750078900920826,2.795615855968585,3.031097186368805,3.049646856507459,3.1833116145158424,3.4844419921632204,3.721284341989069,3.9017178559925254,4.092954496369141,4.410094863795667,4.6806273537961935,4.999604128431344,5.310908623870629,5.63846109983606,6.116345367447698,6.618283101621037,7.168829702151151,7.785624004618347,8.332944811238209,8.722311813501058,9.215785506741426,9.647519111092933,10.10396492650342,3.1009612638094364,2.52518543250793,2.197725093320543,1.9664672954103546,1.8738967837533054,1.8351483793712953,1.6770346212676759,1.6440858944275376,1.5526143089087687,1.480177000773214,1.5324633354060524,1.4123906825163974,1.395450736709422,1.3165990124634457,1.3094013806046914,1.3508867504631799,1.2877808488141105,1.2587621434623528,1.3021821678977388,1.3362231113114083,1.2057889887179492,1.2019241408789578,1.3073906531267179,1.2371003605608408,1.221212219823614,1.2227186569101873,1.2071231185269427,1.2781195370602376,1.27858580047331,1.2264843770139138,1.2294996101504405,1.324398049188276,1.3063865262597525,1.3688342027444675,1.2634100662819887,1.2829973142106532,1.3604272814000729,1.4236861786957253,1.3464043880262695,1.4286767050471065,1.471190339918551,1.5452910620786469,1.5454537664076484,1.5725183654105597,1.7157714305375769,1.6092999794081326,1.7202434539728793,1.7446015281991605,1.8371043850687394,1.9591381406043977,1.9822790124524374,2.133103316432735,2.2747654667239887,2.209577163436951,2.3468564410862256,2.528523814148363,2.8150607265186425,2.9613719563420924,3.165279032421825,3.3197530729929,3.7168615898552466,4.04784154034663,4.439801864564084,11.371889776008015,10.802468667578442,10.183803576242504,9.642873985066576,9.027794449978307,8.446789148867161
5.05,6.232359288297924,0.11744492093006303,6.476952916392438,7.636203317292446,7.1016176034478,6.662370832788345,6.145034086769007,5.451474766415049,4.766040930723113,4.105848417476889,3.4256317472943407,3.058861902266279,2.600998475415248,2.3960584257641204,2.1679063167354884,1.9108509282563522,1.8436903230635306,1.7953382137638478,1.7248231113843,1.535725812119943,1.4729481466902896,1.3928051915941517,1.3657285479228547,1.316039949118682,1.2896113499924087,1.207610763838301,1.1897782042141567,1.187811809097706,1.1126678809686388,1.0971117116213172,1.1302860006235842,1.0219564702238837,1.0750282943832885,1.0739783246682864,0.9582689714685058,0.9578436962718263,0.9492271411464582,0.961896825230693,0.9327548935202469,0.9587130088803429,0.8845373812792354,0.8732361483535308,0.9442033626054342,0.95184952126131,0.95538328015736,0.8753100356198543,0.8611737244846951,0.8541290948466049,0.8747797904039608,0.8752336877718913,0.9307915847598053,0.8685450879722102,0.8558053794955153,0.8873592313001903,0.8547009120917792,0.9398647079948841,0.9372682246502251,0.9504697624500918,0.8801687417492741,0.9589243888353554,0.9513613171719568,1.0277886504621216,0.9644347719604845,0.9792182573106664,0.9898461168737671,1.0728890165532063,1.1121591985043746,1.0585498687931019,1.10836904320378,1.0829625496586965,1.0949201128823145,1.1663260908416373,1.2350049293241232,1.2668040451482592,1.2814402292638105,1.2795763944315344,1.351821670686338,1.4342772565156274,1.4867034646811799,1.4782015332737668,1.6113988639999326,1.6186638171724015,1.6944431192422158,1.7990207430397631,1.8556566311690263,1.95107204570593,2.0840613901086233,2.117723001429976,2.296685169113578,2.458728849676582,2.5283061346732887,2.560819493105677,2.785326110212679,2.9269352848874375,3.013162899476648,3.3239645310916806,3.4527438854680055,3.728606479232546,3.956965140044487,4.164193126219134,4.3131149374591695,4.694136282627178,5.061114579265786,5.347244113907159,5.765630180979559,6.073046821290393,6.775508856908512,7.293432901973884,7.953814600515649,8.356380608985079,8.889833751641296,9.38411511306434,9.776650885033298,10.162017528546254,3.3491137472329884,2.494885566562701,2.1872073680289494,2.1474660392106784,1.9115765617809404,1.7930235457827517,1.748969133782263,1.6659883452357072,1.631599310187447,1.536850476496696,1.4272042160063119,1.4002403942696389,1.4418220268719386,1.39155896505104,1.34382170420749,1.2789088915004592,1.324750522518608,1.3001390662605419,1.3263728494900218,1.2661019446733734,1.2784172329933525,1.250014643721552,1.3108546134879622,1.2237932278897465,1.2450413833905418,1.277749870039832,1.2880101418492882,1.2682736944014115,1.2359359672044234,1.2169853517811084,1.2987345587526788,1.2699660047141026,1.2748039276129028,1.2765268168286532,1.3582146710894718,1.37824127712666,1.39724188384392,1.4195073591635068,1.464904891426122,1.516648391469768,1.4684024902106252,1.5402618770359886,1.5867530084867432,1.5932937633289013,1.6316897112607385,1.7634850257410428,1.783596829265082,1.9011101082502728,1.8868145649429473,2.0635119428519406,2.1073201191139503,2.251980250271243,2.288010488733061,2.3818760072593115,2.51994234698515,2.659965698514929,2.9172481803813746,3.208481322802635,3.3510138345877745,3.696528073209758,3.9730730420322686,4.318913002158647,4.931189052395163,10.986514585038034,10.506595277799349,9.903110545942381,9.367482672980376,8.722406383551432,8.24171805785462
5.075,6.259889342458637,0.11360202913887096,6.466420146525508,7.263826748750825,6.817408419985628,6.277078744048444,5.634484413515438,4.752479801964525,4.098751867030211,3.4027271857586605,2.942464498273556,2.574945260204411,2.369815889187167,2.134641704568369,2.0276293246099364,1.9521990869071055,1.7939831748578785,1.6794643777467062,1.520825323071933,1.487681686786664,1.434563770346183,1.4247857989824098,1.2760544613719276,1.25463483827997,1.1677702546428819,1.1706948099086456,1.124774612742341,1.1103229869307858,1.1199893623684276,1.115893305044985,1.0152878981598732,1.0944977223670982,1.0603803081116068,1.052621447996404,0.9656985229342594,0.9421831580389599,0.9676364036290326,0.9604460920547853,0.9577913439014554,0.8659540044539946,0.8729923978940091,0.8827812493864434,0.8801528293437617,0.8784921989654532,0.9286064860218268,0.8823410783900948,0.8823678388839149,0.8838211141939782,0.8600382152756674,0.8841071871313543,0.9492568644135113,0.8899061774744325,0.8708023826854654,0.8692293453350252,0.8802206904176877,0.9517158629869799,0.9456722031746563,0.8631208158845083,0.8666715247399024,0.9544242509649394,0.941677294450228,1.0452261207180469,0.9960002950612736,0.9762220098653767,0.9689563382975878,1.0451331055528041,1.0024841209727486,1.0488573132173724,1.1231954551535555,1.1315701181224571,1.1645683897333785,1.2202829733160276,1.2064617368054795,1.204669897180302,1.3104344020127427,1.3341324461452935,1.4101463726662224,1.4042480595655074,1.4748789131436795,1.4681323638759676,1.530393141017807,1.6069243316002833,1.6336088559724828,1.709212766040788,1.8248607977002953,1.909499154618835,2.0032987224875916,2.1121892573086365,2.1694788745308378,2.4150153833551915,2.4443472743195294,2.7446655025911717,2.7482133405268345,2.8751492620430925,3.1771532189220184,3.2711538667014297,3.437996306945233,3.568228822035873,3.8269475740224976,4.10569303523474,4.331619082372311,4.608921277209876,5.006223371967588,5.442676586034801,5.892424122008035,6.349053573918387,6.972705297505523,7.524749403667202,8.118827947756907,8.506861595689434,9.069056654602392,9.519007729147944,9.872379018654534,10.307595701707886,3.1957367090007445,2.5711034273529005,2.2836694115839147,2.0066995487399355,1.8722461896151148,1.794685775110267,1.7635415345933794,1.647571680962113,1.629592259960714,1.5850333547621556,1.4575232536382672,1.433429792244664,1.3625082737539804,1.418507604849893,1.4151244991833127,1.3039947169413773,1.3156929159952198,1.2991614237141387,1.2854721276712315,1.2803003443850214,1.3035861843070606,1.320558164012587,1.2336757109162597,1.2815929532464387,1.2743560606389541,1.2727187378465032,1.2277726942563942,1.2413454923746345,1.3126210905401041,1.2677602231042444,1.2814322936343672,1.2711498659807747,1.3575077566062939,1.3982044354047543,1.3196746902054868,1.399848443998686,1.3951846217869663,1.502224213060572,1.4685281676841053,1.4538174105311807,1.5844612715980853,1.5943284695619253,1.6336386684084574,1.7247521255497493,1.7831038577241576,1.793973959951183,1.8456393270825062,1.9290635892166113,1.9942882340994526,2.0262844815025813,2.2043543490086144,2.3603247314546687,2.510389928128023,2.478837520905364,2.6344819075601844,2.964691564279219,3.240360628936299,3.357342046826679,3.6343219465684196,4.028901999286257,4.509466527107462,5.100308631750068,11.335633233198477,10.667568489849465,10.146898464956319,9.623585289011341,8.97183682514606,8.431165112841484,7.767130290872079
5.1,6.280771346539522,0.1455516203451007,6.715097508699473,6.9189261178880965,6.330972170008478,5.756309690290166,4.881264591336019,4.0620073686062135,3.367537847515618,2.9994794921610897,2.511847430273506,2.3314918399419113,2.1520955227335103,1.9893591490931144,1.9116697420342543,1.754472509622101,1.6505647083370323,1.618623397674317,1.4321248415274577,1.4313000126177462,1.3648184042531049,1.2875563349564818,1.2730834871429872,1.2936478666322782,1.2138719341768398,1.1445171871851163,1.1300282824646295,1.1300255156988548,1.1019196001323972,1.0160176990315262,1.036124477412274,0.992731372775584,0.9828165978280329,1.0199794638352218,0.9398431250095713,0.9484068726839197,0.941817695301846,0.9432963931139439,0.9586017810326487,0.8747750070572391,0.8654666617602009,0.8730233423695153,0.8508098321649773,0.8844892266219717,0.8665225563810669,0.8622984297416965,0.8748546653130307,0.8663068404986287,0.8698472203755611,0.86704512165229,0.8904685758038758,0.8682240491574938,0.8673008769776491,0.862351762507652,0.8763769663359254,0.9556267419527835,0.9504388177027628,0.8673567765348477,0.8683097548549802,0.9516620353878418,0.9679397256909656,0.8738061549054326,0.9319711242655065,0.9475622474677269,1.0282971034394517,1.0489171323379431,1.0153555142904227,1.0828972761243585,1.0491287625297547,1.0595971240376738,1.1169354177465352,1.1805053796792357,1.188213473239526,1.2990537252840348,1.2336208179264712,1.3459828974220442,1.3201643170005193,1.419379408507871,1.4284613112202156,1.5043734433807745,1.5133525373933603,1.5603173498301124,1.6520916129502872,1.733696186687558,1.838005507016127,1.9679890591813578,1.997586619940599,2.1676003681789493,2.2780152609115336,2.363712605280389,2.4332795429471967,2.6075385754387472,2.724447380014481,2.9838486159256674,3.0907006645632205,3.271555873693971,3.4446452015516966,3.6384784016614407,3.9655129423920044,4.042590673024067,4.395847308014329,4.841998163222541,5.070865239644905,5.549143813379697,6.003275659354136,6.678576579950706,7.153280430345501,7.853540346383409,8.281836927140471,8.861097282564213,9.207294417585643,9.717301043375565,10.02358524669237,10.505302297876042,3.1352213665874373,2.534035974775351,2.268833345024575,2.033175973817125,1.9311775366039885,1.8255574040204956,1.7672796143777199,1.72778222476302,1.689747735413922,1.6180137651227813,1.4994147517077503,1.4586161930728878,1.3764182058602972,1.4282923678403703,1.3300600031553271,1.320583502047999,1.3500184014016685,1.33854970676991,1.2843735570046217,1.331536585740574,1.2233481903531447,1.3194589580456884,1.2804587358373416,1.277321398991192,1.2782419574238415,1.2248752604102797,1.3098604444919746,1.311229583388506,1.2816481996812328,1.276043816717853,1.3637136528927005,1.389817846325673,1.3036582406406727,1.2952375232181406,1.3799888914514782,1.4136570570735016,1.3540766978419607,1.4124748894984087,1.4943568945747887,1.5506602665275495,1.5478632623500796,1.6521164648170485,1.6873317905106915,1.7113667805252604,1.8680949675624663,1.8562355622586528,1.9551721323075266,1.9794486342592006,2.1568233347229375,2.1349362533898715,2.3299173819940133,2.5194852644860775,2.7035328479319354,2.8051836909339243,2.9394362481186898,3.250834150519619,3.5821837401309846,3.5987372904983594,3.9580973523292333,4.462747672019221,5.1070496257630005,11.506870535071691,10.852354035802415,10.303320120764353,9.75111156239677,9.122170971139782,8.580885362263762,7.904961126334666,7.389354537728863
5.125,6.330025278236587,0.1449207836948233,6.697040536171369,6.417482855927423,5.632574578665732,4.809282053436326,3.9075303490267608,3.389613546404147,2.815228585665946,2.5410165951980215,2.3321913891413217,2.1157666937922763,2.0500562147863923,1.7404289998576488,1.753205893513524,1.689767703427632,1.5636407509781165,1.5200859711104318,1.4277932696022948,1.3534846431302996,1.3535245027688987,1.3216847433863066,1.2109788989659775,1.1938851317987438,1.2089308515421462,1.090738836018577,1.1007059368454826,1.0872130489653296,1.00434536174303,0.9852145096181837,1.037688401063125,1.0259817794419852,1.0056743824572394,0.9168103800513839,0.9250334677738188,0.8998275292299992,0.9234752422455376,0.9068481243094124,0.9075004936295524,0.8103327526801797,0.829402891764828,0.9171638098255004,0.9235637827860069,0.9098729723184946,0.8285215357265278,0.8274693313929586,0.8255783374370542,0.825223126962441,0.9217743576541242,0.9165240853955838,0.9082943230347583,0.840672755297994,0.827619279859378,0.9037999923730973,0.8313930808600446,0.8321729954370535,0.8225963286105363,0.9110392394184283,0.9067758168870835,0.9100192098545308,0.9210639288222936,0.9341050001346372,0.9644114157951379,1.0016927644751161,0.957587122333289,0.9478179667287663,1.0333387574237045,1.091339080472717,1.0823626163186766,1.1203518656704021,1.1735266095703472,1.1596920251096792,1.1752605542723344,1.1900978976877739,1.2309583204985821,1.2473692109448806,1.3807583908222314,1.3794666034568845,1.444380018788846,1.4499200303372801,1.50364062484347,1.572682289761374,1.608125361338362,1.7310891917059623,1.7872617726680444,1.892201741127011,2.0842949314223977,2.1275562702944524,2.188717396117782,2.307389794558925,2.477357866736689,2.5709430655834917,2.843022806959611,2.8570060499579673,3.147398907880906,3.3014672451461613,3.5049646243507726,3.7139295054167327,3.889274705201745,4.279785340052812,4.623114062075831,4.9345023455067185,5.3789728739873635,5.842326171452728,6.346585852303304,6.960621028861716,7.633483429257448,8.046809526859716,8.549021207856402,9.153537535965816,9.396286310243175,9.90712536011171,10.249560928938822,10.645311392718556,2.989121356638834,2.4507395001152736,2.3695221686873333,2.0657480462040696,1.9396109031624094,1.8459222154135786,1.742885550091283,1.775010555106267,1.6698713248690367,1.617977461385847,1.6341973088639674,1.5556904249101113,1.4099839237978689,1.4342500037195949,1.3693008445762584,1.345649198837097,1.3379119425767096,1.2862033705575189,1.371018331288967,1.387547363680141,1.329743413310394,1.3112383943181265,1.2920153156272538,1.2691226355167702,1.262338325373302,1.2627135014082387,1.257858048262807,1.2440332615224035,1.300914109027799,1.300593179826174,1.3397389279253735,1.3556445673640851,1.3620571524542389,1.4298181807383241,1.3747174728640517,1.4070074679842925,1.4637770993173709,1.448296476958983,1.4891397282267473,1.561785424972197,1.6565516622736685,1.6494336708832078,1.733505599004772,1.7540130459884509,1.838641647943334,1.9477531977711922,1.9544225669564477,2.119223893383106,2.2588841025878064,2.2748465179456927,2.4995473763579397,2.635674478003384,2.775033960902977,2.993027714735588,3.1372480519190638,3.5179061984150835,3.8232819052690803,4.106637048300767,4.464153710854841,5.211462463663381,11.684458842776358,11.012789833514747,10.512656993495975,9.939535211347811,9.15569847452985,8.61568951805951,7.97036818317727,7.4538549361766835,6.995853062911979
5.15,6.37124692330386,0.14161031506219357,6.678983563643266,5.747694056866504,4.7281335738956285,3.911824056706631,3.2008586014818543,2.819444655297755,2.504579557602887,2.374920689671356,2.1852625030974986,2.0442064994233866,1.8383544932981286,1.8714249025485605,1.649661979446863,1.5858831185883095,1.5109832311379503,1.4696995983539614,1.4975071777700544,1.3352053618521178,1.3052094836365709,1.2770075537892054,1.1769320236100773,1.1846694973884278,1.1421626447032016,1.0634025080597664,1.0773850299797991,1.045891837204253,0.9736666084518865,0.9701287938525008,0.9914782828283973,1.0065296842354101,1.0129265334888355,0.8918109225810062,0.8811186310881548,0.91339792417894,0.8833299098201123,0.9021117961325198,0.8832691878377309,0.9004803738443138,0.8990379779628344,0.8989239823277534,0.8948629280318685,0.9045235675270511,0.8120258782901337,0.8289194044331345,0.8814214581249428,0.886347103253565,0.8148280646257944,0.8187560830544491,0.811638916426963,0.9140192782355929,0.8909720898513734,0.8780502690657184,0.9081518159886052,0.8192879067167319,0.8861801454769094,0.8866478969011004,0.8656830100268639,0.908418478915124,0.9080969245944599,0.9640048264989806,0.97217418599261,0.974062992953378,0.9726925389986499,1.062879346951745,1.0103013044380986,0.9781029900488469,1.0769212821597942,1.048926302552086,1.0514296677047497,1.1226889289524602,1.09077264206797,1.1725025398740745,1.1916654611489017,1.2741552892618828,1.2618273913237732,1.323563183488507,1.3271510674391105,1.4657890999209633,1.5193783072881069,1.5281467729813838,1.6608302189192592,1.7482029963611265,1.8754976332369278,1.9302523109608112,1.9982887366190878,2.0273607357803574,2.2256343287429816,2.3231831610664644,2.4423716488680194,2.6129811505615392,2.8398233429342454,2.987904625438659,3.0999528967809025,3.3558789933409314,3.4989720390831405,3.7408053048203387,4.0456625423292625,4.332870281055425,4.706404141430416,4.989178590988291,5.509479066151316,6.105267595277826,6.743432421351228,7.280930873839025,7.851786854394139,8.31491068569017,8.885839209089703,9.296895376338556,9.73073726802478,10.141251955260431,10.4337395804923,4.004236804082637,2.950830284919725,2.5361095233460222,2.356456626222077,2.084931441995104,1.9930238379554015,1.8386710635778802,1.7480524661581005,1.7301713930399238,1.704894530235895,1.624963417657052,1.5578551662591094,1.4670215144294603,1.4776171724848968,1.4532368049256625,1.4103801650124497,1.4046478262380557,1.4110207846791976,1.3759311553679163,1.2727578379643363,1.3327499974019188,1.317598819770818,1.3330403691366854,1.3410953198387559,1.2741292993270354,1.359475972679435,1.3031133277487863,1.2797914905533896,1.3623445050004501,1.3708957632433183,1.3592877591171635,1.3186797464232975,1.4070897010397618,1.381762452279791,1.3819658823081757,1.4274623208527129,1.5113949724182667,1.4619298096462596,1.5040204251621956,1.566362589773984,1.5461874827885433,1.6566064831364242,1.8117868611757943,1.7356195078470795,1.8473047552490902,1.8706847955053014,2.079924800532656,2.0648318537746255,2.2356310628664873,2.2695732657752727,2.425596657734852,2.61989056856868,2.7184409513154444,2.8995151009687326,3.2245651809789826,3.460644652968792,3.863264532277532,4.083961800124242,4.6016139519472405,5.18542630083974,11.816459273293976,11.164139975061268,10.53029293363026,9.982584870206612,9.277901430891697,8.809166669172235,8.153939234919257,7.584279290269196,7.100105204866555,6.36918805545577
5.175,6.405339608106097,0.1340507645047929,6.660926591115163,4.6193791059388385,3.820403457619066,3.134968832745184,2.7804556866434647,2.576785031973288,2.368589128962229,2.2039911350989665,2.0404773352965186,1.8367225337182318,1.8068510451289286,1.6937023224656373,1.5997508379718828,1.5124363097722509,1.4720566112505047,1.4590637631650096,1.299898473802292,1.2856537359666638,1.2529654433893562,1.1629640537345318,1.1904155555338174,1.1297068915436497,1.0419337405579538,1.0493148729917763,1.0456402671617953,0.953110408697476,0.9569763251077474,1.0081378095304023,0.9805147259208008,0.9904495927536229,0.874279157710305,0.8788605125128613,0.8657722788774563,0.9446252658325566,0.9062361093051287,0.9171402827453763,0.879137335834611,0.8706200479297036,0.8730297718067006,0.8050116626706417,0.8004591935501041,0.8095356181802558,0.809172384501379,0.8833691558291448,0.879271016575407,0.8731528737263776,0.7955245322032072,0.790274994644219,0.8580840831548098,0.8087612984671154,0.7865704145845752,0.806609978178315,0.8935565373913062,0.8662742567418421,0.8824716257649144,0.884214690893952,0.916526016271593,0.9124229389064671,0.9245600671823919,0.8989582668379913,0.9069565704849204,0.9795434122540895,0.9660548473615204,0.9803792809546031,0.9678746583440523,0.9734052909235396,0.9668838048985952,1.0754815724822337,1.0489463729922208,1.0251060109564012,1.080333901320554,1.0907164864263612,1.2058134913507226,1.1869525875311984,1.277189406650506,1.3173641368654292,1.4007774792977248,1.4045262416497397,1.468464725020731,1.5742542228301977,1.643065612161722,1.7497844271763396,1.7822771532138797,1.9126975395911596,2.0445847848598206,2.1644418358977298,2.214404073486363,2.228320516171007,2.473171670150145,2.6821419991487065,2.8043845856670266,2.9552058256493963,3.192229143030753,3.340568446543582,3.5704786246721265,3.7631008882648134,4.122847902776602,4.504581184003543,4.874461165712973,5.32181835768053,5.851663122981986,6.537130426645051,7.067682845945428,7.624343519888729,8.10583391015881,8.689460898990086,9.141651868258023,9.48138995908097,9.935203033320827,10.261629558150334,10.715314011321054,3.7387443056279652,2.7902112729571837,2.645712917277962,2.310928506002797,2.1767657133913603,2.010439932997772,1.9098289122655723,1.7590447060258672,1.6853130204179247,1.7071510572193325,1.628504401164884,1.5366949047304692,1.5568270742820378,1.4825482508015535,1.4639921226700998,1.4414345192562208,1.390740327188719,1.3753488684102266,1.3913389550251396,1.2872384156730259,1.3328908283418825,1.345864059214803,1.2595833274548738,1.2791565260604765,1.305203413771672,1.3942171546746462,1.3076234994336664,1.3197642501257014,1.3430597889190081,1.3067313759751913,1.2937727652565583,1.406145541864283,1.3813016495342392,1.4082544369880365,1.4121797995148584,1.425057994019961,1.4022774132160656,1.5329749209064047,1.5436412527365289,1.5438107186150114,1.669447206147745,1.6990477662616486,1.7563407223176881,1.8564819013807747,1.8694661128909236,1.9982130107572196,2.0694752749859036,2.208700618237068,2.400450035167964,2.405738803997617,2.584422500807875,2.7523705435853527,3.068216540387765,3.238215204175633,3.381118448689303,3.7736567445288345,4.255419034157461,4.615873615092924,5.321658733396877,11.814435199246489,11.308838800659688,10.648381524098648,10.009135382461146,9.392934065791934,8.869293654491683,8.162354992554512,7.648818812250356,7.170015928620242,6.41447677321474,5.501513250421016
5.2,6.433406268613303,0.15835280927779452,7.01189275555806,3.6043446641745756,3.1671447782019224,2.729603394220283,2.5473634574102237,2.335365941612711,2.1565684057348142,2.023376646768977,1.8335926532380067,1.8314901277618407,1.7739012968419334,1.6484069851693128,1.6009606764348172,1.4400283859593546,1.3437887006619371,1.3615810680123637,1.3494181593363308,1.3280536527248954,1.1784716307861327,1.1790538543790057,1.2273907474814518,1.0910438698288962,1.1149947470547212,1.0923845017714562,1.0635594627181155,0.9808558504698838,0.986415285172534,1.022692647376036,1.0295076963652465,0.9483621455407012,0.8765163713039269,0.8766386528087105,0.8894441125309281,0.8517885821275835,0.8427071638836265,0.8660515697626329,0.8531721956441337,0.8462379036085347,0.8324707913566132,0.8484005954806888,0.8450189027645986,0.8494987741924874,0.8547227581275856,0.7588031698220481,0.7430969083598552,0.8404166173008554,0.8369006458159383,0.8410488191303603,0.8374224015473222,0.840607797428338,0.8709159131030129,0.8384807550219018,0.8632155227817949,0.8465193997063646,0.8791710657695505,0.8482621913868719,0.8366640710706618,0.8649189917427357,0.8718258731914226,0.9555545616135251,0.8572692460451697,0.9475257290178756,0.9604223930817603,0.9787488534444163,0.9496269290697047,0.9512309158510639,1.0051132648037229,1.0061674603791673,1.0820980186135676,1.0655949497191939,1.057698669061476,1.1388946541709286,1.130718772694838,1.210463475514223,1.2294107595255541,1.367244616068292,1.4407085207998693,1.425530090233807,1.53416122380495,1.6459798833183037,1.6366911996662248,1.7425657822169704,1.856121862157929,1.9244573605011128,1.989273024629673,2.1313824726547823,2.232143586541514,2.3579104484238194,2.4941699055984587,2.708598007329412,2.8646699457879414,2.9938386651196844,3.189896233465055,3.4066222723590465,3.725313731365824,3.9647649913767844,4.234624450374039,4.689663241520004,5.131462400637803,5.652666813531436,6.462486490973528,6.927169666091484,7.4753130573345405,7.936146175308313,8.486016705655059,8.94972834672322,9.407285494356136,9.827451614203053,10.194776717266715,10.555769505463184,4.290585135157691,3.38814168243805,2.7281163215253734,2.492286782329583,2.1649436017212054,2.0880450636900134,1.9271539570573604,1.9117928886910123,1.8514536764968625,1.6904261019368743,1.641056185942834,1.5628835044788807,1.5854264398022702,1.539644364852503,1.4661765740135966,1.4791183508965016,1.3889081500359122,1.41025770185043,1.4017524655976998,1.4169711052548095,1.3476524746276335,1.342832326225822,1.3357775445477607,1.3463889060778036,1.3739608985874174,1.2702382306757856,1.2693116515241205,1.3611522504609714,1.4003963668878048,1.2867688686778358,1.3974891775590033,1.3839522904089776,1.3256603982271533,1.4110213848753843,1.4196373652452803,1.3807483046475786,1.482590774346737,1.5089726975358142,1.5128312524006553,1.6160888324866036,1.6750027898348108,1.7054113313572992,1.753768433905617,1.7659889428182087,1.913129363073008,1.9606749972879671,2.1346844256866415,2.0716253471468065,2.3068713420462514,2.5080705259352243,2.6626675976327543,2.859664009337556,3.06368568981603,3.2087885662970383,3.5582653945597054,3.9206715693238197,4.270751714198369,4.70425527238756,5.489748556982011,11.892247773403264,11.256563846783779,10.812548641405424,10.039255186852554,9.351510899544133,8.864202834045715,8.265824150948834,7.680971920635186,7.050928509227823,6.342689654528766,5.419965388068043,4.345193933179507
5.225,6.500339695003663,0.15247155825559514,7.0339002378896485,3.1109907130116197,2.831216602668614,2.529292455212857,2.3973912467120444,2.1501641864724252,2.0280503244243806,1.9460610376832355,1.8864438872581653,1.7371724454411621,1.602373138877985,1.576672168188599,1.5028035649614913,1.4340883707778265,1.3558268023729994,1.3252398134981291,1.3017610361335843,1.2161655961567495,1.1682094980329765,1.156110723601122,1.0734840202389804,1.1088166851430106,1.1078562006712276,1.0696403901319176,1.0035033176837838,0.9983028278984618,0.9873956109333436,0.8881937939522584,0.8916906776459661,0.9186457883440667,0.9147738003472994,0.923802156608821,0.8633270103660647,0.883516526149539,0.8780487619041574,0.8767953249458164,0.7910856472069836,0.7934859988228586,0.821294975545368,0.8918161278048691,0.8667109976827243,0.8705854488696863,0.8077821889695962,0.8050508876782952,0.7874505175849453,0.8779401696002237,0.800695050337421,0.7936037193281451,0.8022695168745487,0.7991564361643323,0.7794365204261386,0.8071926018579108,0.8131483647616691,0.8768607740336574,0.7987445280405463,0.8056984701568972,0.8807394685033615,0.8802304858269062,0.8885933918039959,0.8709601246623359,0.8682253461504712,0.8995619427897775,0.8613662380986952,0.900654846910798,0.9907081992424949,1.0144426028673843,0.973579594573135,1.06965960870288,1.0588969687822334,1.109987425069265,1.1214563933987334,1.09359099908922,1.1432275187754153,1.1873898243846155,1.2793918373000268,1.3465837115368675,1.399174675488252,1.4575850426344978,1.4630116817705048,1.5918457830533048,1.565951368896735,1.7780905774657334,1.7955568000617323,1.9148592828362747,1.969620394405427,2.163401158515432,2.1969469671833433,2.3609350447087465,2.547231181084319,2.6978653952111618,2.8503865381807643,3.0402653212115736,3.2592716184725954,3.4418651610197912,3.8203667421480936,4.096396889985741,4.520591879050923,4.96022606927283,5.475588303595476,6.056759026160486,6.75846175764709,7.282310883336203,7.849129044464585,8.355065676474366,8.83726856272786,9.156758554616848,9.595800947966147,10.08345594202565,10.418403672435469,5.244539770880661,3.6832287487042943,2.9629091621589883,2.5972598322582607,2.4297194013426533,2.2624958295063426,2.0876112438706707,1.9629154461747607,1.8123944793162206,1.8144295993114705,1.781672918813069,1.6750294460933082,1.5905025132541033,1.5063684119986704,1.5426954178200851,1.518572212951385,1.4746114500218932,1.4406539240378526,1.437276405682996,1.3664386914971751,1.4525156979391058,1.3820323265861632,1.3872364842656018,1.4049068604196424,1.3556415737511727,1.3818473496683659,1.3151094174667672,1.322686485134372,1.3167450304712136,1.3286600216298343,1.387921261142979,1.37891162865769,1.3877131411697694,1.3888874094764323,1.4187342533358058,1.420922414571816,1.4929170618656873,1.494381867409183,1.5271178246595842,1.5788143735721851,1.6059795067740774,1.6770283807388477,1.7372998912077167,1.7953409873423212,1.9202245921030765,1.8838043559398097,2.0524056474154975,2.1193412073393407,2.2102229655273176,2.448773080622747,2.6140375112469125,2.796766973624089,3.03224579106714,3.343874859140695,3.4824857425400957,3.915158025408889,4.383166447975872,4.912243112937322,5.430470569336173,12.088415568829493,11.42239892085932,10.731988964338475,10.175249991745341,9.414865969335695,8.84624213712142,8.234890247308952,7.714525655687466,7.159306360154441,6.470999869637999,5.286599779547324,4.150544611679575,3.6090147665972805
5.25,6.562577398037904,0.14765165520351983,7.055907720221236,2.9021932346733244,2.5259455385343146,2.5075497356809326,2.256375481490933,2.1172436700672277,2.0860602404151556,1.8796838603151238,1.749755677585167,1.7259216660821157,1.6368838878385457,1.4672534238111428,1.4742083045196814,1.467579792282982,1.3644732455807163,1.3562670070897738,1.1809098054341678,1.1941641589517327,1.189645654171072,1.1929732871366654,1.0774130887948867,1.1397813363942406,0.9717835707305403,0.9576075566977613,1.0111696279353566,0.991226508300951,0.9093656917271916,0.9505341336190355,0.9340243011368641,0.8421393666997657,0.8128049732051899,0.9121145425158734,0.9074041014307735,0.8497570135312175,0.86902751440496,0.8565519295535149,0.8308423365707543,0.8215983349241832,0.8458112063137058,0.8316168643345083,0.8316007880763393,0.8466339499929824,0.8419909945688879,0.7562616678703715,0.7621693507527221,0.8232825324192152,0.835845643715713,0.7314637446582801,0.7365427869256772,0.7452865301985709,0.8245178334470274,0.8208741864767418,0.7275771941764141,0.7576806800033221,0.825063230429574,0.8236967456395072,0.8322012768637495,0.863675118881017,0.8494580375965635,0.8269734471421117,0.8260171678425042,0.8382726527502212,0.9286497265786844,0.9491644947686101,0.9197170030089163,1.0083531085469475,1.000784544785867,0.9723510070137266,1.0608354150537225,1.0535326307444528,1.1195075157324905,1.1154097521555173,1.2165480238984459,1.199417059014596,1.2610783115621065,1.3518035687159016,1.3091196821502917,1.405360081784442,1.4988823183335926,1.5982585277796029,1.6216522245856757,1.635830018460976,1.816010783743165,1.9006023737459208,2.06036877494982,2.1274082185766656,2.2158252011283683,2.3609401349352646,2.566806692290993,2.667839033472531,2.8606668720950412,3.1278868564071405,3.3050856929703993,3.5191990870062955,3.918255319528877,4.3649926845225195,4.8478164473726215,5.3188673504116215,5.925655555964953,6.523680642555419,7.11129389833664,7.559498356537664,8.112846203480215,8.573186621820046,8.978821893039775,9.413388712055998,9.844965765853182,10.145461600077564,10.577443588350604,4.30659695672313,3.60188185581072,2.8663348012090935,2.731110896943864,2.2738108381601854,2.175641866233125,2.1739800046602795,2.015288370695657,1.9001071937409115,1.7316735108979748,1.7220042226392456,1.6953708414151536,1.6775176536828431,1.5835573822344193,1.5497023520203914,1.497747740829231,1.5096549808594821,1.4720473156007436,1.454956452812076,1.3549762532202223,1.4648083138381638,1.3741273844229365,1.3783411464099105,1.3757275539581033,1.3973480300894376,1.4168984017898247,1.3967495832861898,1.3800354296763238,1.3047454917505772,1.3233316060438989,1.38453920778901,1.3754174975473974,1.3830895391044742,1.4858686332385087,1.4580427381616268,1.4697767209332047,1.4516564409233619,1.499139196253647,1.6031916267758834,1.6029389140885335,1.6494435836696493,1.7182714934276029,1.7406309427469147,1.863235263522677,1.8803718142309793,1.9476123943833759,2.076844009646033,2.22937302166366,2.3284261182858574,2.6303173909887634,2.7696574711587916,2.918469221672389,3.3547775646581632,3.4476439562425236,3.84667422371272,4.4559134392975785,4.836064516048429,5.599222706406749,12.149089444979374,11.594889178873862,10.998696296332874,10.349195649264297,9.55514014497173,9.005040465300553,8.452311021253172,7.8986768475520535,7.2715979901408465,6.423392877805985,5.267347160406023,4.328115195551657,3.6719527950508444,3.1271414546082275
5.275,6.62021973190126,0.13796106710847147,7.088918943718618,2.703579601272158,2.476387544499851,2.260099506246656,2.240418806955784,2.0734051672367695,1.895434896524588,1.7841987839755276,1.7306098225796067,1.5949042113758085,1.6223710337645219,1.4731072027463257,1.466385917041509,1.331393899789817,1.358491512852295,1.2829061287360057,1.1964052908101659,1.131203438370969,1.1214890850187798,1.106310819630336,1.065480509212908,1.0286400062482877,1.0109331235943735,1.0061167224158791,0.9218750100359796,0.9037973298223352,0.9899897740055279,0.9283235698003138,0.9294552131333741,0.9138526057495395,0.8637015221088414,0.859449959254423,0.8431421649746819,0.7996008911697456,0.8274922623401739,0.8386331940699665,0.7446438837270966,0.7394896281271265,0.82898251558665,0.8244704527620037,0.75095448525138,0.742909231132464,0.7512681220937859,0.8205962241463164,0.7507474623468536,0.7374562380339699,0.755513332007016,0.7325915866855178,0.7551697478870509,0.7312678789219569,0.735066293503056,0.7230014392787975,0.8215104757301537,0.7331494615831423,0.7389980858656394,0.8377508004883284,0.840659710850137,0.8314285158218537,0.8192333590611984,0.864566114968048,0.8626145098860649,0.8178397085658251,0.8573757246690926,0.9238909471273958,0.9454025733345408,0.921168822710518,1.0159560431259715,1.0022782088324962,1.0600193729830254,1.0622046167783625,1.0448483043207148,1.1352687803868529,1.1502968180340165,1.2031445634996827,1.2778683111474747,1.2916319361512028,1.412550042844009,1.4215392343335411,1.45590935018209,1.4623277414520868,1.5778316837636925,1.6048774324664867,1.8800607158594287,1.8850065157960145,2.0606002851226193,2.1638616308998118,2.2143060065299918,2.3340885113971184,2.5046141075937443,2.716211860988079,2.930715841171643,3.1415343630557397,3.3563259769699227,3.7523339531722595,4.118795453893417,4.46235754453695,5.009541241663806,5.5473600196685,6.204773795173779,6.86139080955423,7.3930169288314795,7.894135895375701,8.373936887742596,8.863953647863083,9.233265966142358,9.666393312368323,10.029637440329973,10.489607413241657,4.998155091419255,3.9365008215953705,3.279723992501851,3.051669466970779,2.642671870211614,2.408784749485039,2.193210025951463,2.0343850118288733,2.011879070199968,1.912797273581593,1.7959891355716322,1.7561567859056668,1.6718320105661124,1.593184085178237,1.5741595372556838,1.5793554690454987,1.5149690879404096,1.5159007872820112,1.4260195777342533,1.4443595438237735,1.3678389296599642,1.4572675533069694,1.4299888529317921,1.3903878462454649,1.3709692694091977,1.3857753124864616,1.373175213663606,1.381616947899328,1.370086210201496,1.373315107913814,1.3806347504151326,1.3911231812484903,1.3808624557578748,1.4593237561548422,1.3644664225196164,1.431836501504209,1.48898606214444,1.4931450846490988,1.587954448946615,1.50894145954324,1.6292439565697698,1.684323370556519,1.6589602094228189,1.794266746046131,1.8224314345723156,1.9449818300971884,2.0781251431025614,2.0903952425448518,2.3388481724819945,2.501794092499727,2.705146297368307,2.9258016524871837,3.0439650762099326,3.4803878984460677,3.7612617952460736,4.399519815634126,4.792248999142047,5.542738357272505,6.815515379330088,11.783856670033543,11.161152899409442,10.475331122305588,9.754397884016017,9.134443181348013,8.545467528081131,8.00370781978926,7.372114492624952,6.578496747066175,5.238761772363269,4.3183978960945515,3.747085309630854,3.2576079181421664,2.8951173889139907
5.3,6.67419376390516,0.15817425486228895,6.927456143650407,2.6729315044750166,2.438267228173163,2.2337343921565345,2.0845963829554566,2.0706447321633763,1.8879427435500546,1.7568256517652003,1.749360785511504,1.579177874192192,1.4942873874666527,1.4724940867823597,1.4582224554516194,1.3508591840125213,1.2393918915799764,1.2821702139752655,1.2727122314440622,1.1291263904821127,1.1281776336371268,1.0255414283104565,1.044342181440449,1.045660016204292,1.0592828347917644,0.974067318842913,1.0152934873221122,1.003128976113539,0.9217674920223732,0.9407811951461639,0.9195533164806666,0.8474010768629042,0.8223730645937521,0.828392385607948,0.8124670013449868,0.7545369713901585,0.8299454396162639,0.8098402879001771,0.8288743913171137,0.743790371812967,0.7531494611502645,0.7422777043081574,0.7317334345579775,0.7387035447985663,0.7369858317156747,0.7440004067531211,0.7325175922482702,0.7598035698114926,0.725538358775567,0.7574263535788196,0.7345478982691008,0.7538542815103981,0.7322616762787525,0.7397635020085451,0.7410919131175231,0.8194112252873187,0.8171575162810383,0.7424854736721593,0.7457142395588461,0.8244911399901971,0.8226082730577717,0.8387914656320579,0.8530870581820772,0.8623121077577455,0.8529448833244715,0.9212684900265994,0.9343073313929849,0.9242711862864424,0.9895439336954337,1.0564455936259176,1.0488304400116066,1.038343207544823,1.0451975068458392,1.1034477440128545,1.1288629429640256,1.2077582843759478,1.1895161120416478,1.331416092302987,1.3691265021888062,1.3467705302828346,1.4259534696882503,1.4916658919563663,1.5679638917891656,1.6865577356599704,1.7314154152320393,1.8248606353307517,1.968947455174892,2.1179101941913685,2.1632920591374147,2.3384384423642066,2.5833129769363583,2.7782547202300467,2.930946797685169,3.154393517040338,3.5457743457975655,3.851414424587644,4.321896425071448,4.792913405934065,5.299968305439016,6.009680677406468,6.707538560201859,7.088253457370905,7.698522888616663,8.162387319145889,8.620612336228586,8.928125943418493,9.501942839249619,9.796350049923598,10.266325950068055,5.372574403270002,4.354116959616185,3.577786992504308,3.10786651434156,2.9447810798660097,2.6938717553664318,2.314002708360102,2.23739666727089,2.115211333384264,1.9214889381729574,1.8619575820900651,1.8383599203717478,1.7401807746292886,1.7426677295580024,1.6186580978068952,1.625583438094426,1.5924270286357731,1.560235773406298,1.5240498917691203,1.430683614735925,1.5034308493635733,1.3725356832920064,1.4507847819222601,1.3722233867689682,1.428915966028778,1.37330733909431,1.3804254717189446,1.3717798619453205,1.4311855649959078,1.3982981242600954,1.3828962553526694,1.37874786405261,1.4326678432654751,1.433807921393287,1.4582610703368464,1.4648534558226014,1.516452012239243,1.4084835543954233,1.5183620267382982,1.6056690176571036,1.603793410932439,1.61181519844609,1.6009358596237555,1.7985319876499302,1.783265609224496,1.8888052992320548,1.9309034930230693,2.045078391974033,2.1869382236670423,2.462954133745323,2.5916300576256983,2.8280257726009506,3.0140099613920133,3.435739237292944,3.786272528254055,4.099213137105582,4.69692234659531,5.3593155432438255,6.468441262364055,11.899372611318553,11.257146592133884,10.599211101965265,9.926577319007803,9.380457449716564,8.70104022578531,8.192558362557511,7.526255962211204,6.5471363034420325,5.384724567583502,4.476612509818674,3.802405356276697,3.4277743995336243,3.075314069903952,2.8412937105137983
5.325,6.704641687500573,0.15252226497729143,6.966554403833029,2.5732889452652583,2.357443123241785,2.1965566593886527,2.0966511008704796,1.9076427704131633,1.8987163784052687,1.747808614608282,1.6549776815579258,1.5929689510366902,1.484266925897684,1.399678676773846,1.3404041535543942,1.3572676630562133,1.2857156403879972,1.203499489649261,1.141105104536517,1.1838729896678413,1.1650240785846402,1.0479931316486615,1.0803912888543545,0.9782606359280485,0.9923493842970791,1.0058222076104288,0.9669454026834359,0.9492680834166147,0.8658754487344058,0.8821651278170488,0.8671677068380246,0.8805990376772695,0.797312375203589,0.764489463120997,0.8481837186621526,0.7970196464805916,0.8158330496583673,0.762067510714156,0.7603750647048398,0.7763829998543605,0.768912880659763,0.6728428769807765,0.7485465752044941,0.7732555684746362,0.7866190068216572,0.6761694100236646,0.6907486075932813,0.7747159595091613,0.7766246315425273,0.7585821685428226,0.6941892569662386,0.765778110454876,0.7678167414524448,0.7654336874995354,0.7883664836710471,0.8040151015750898,0.7569325090585365,0.7545072588355689,0.76410328272906,0.803510648329401,0.8643907826554812,0.8707032718637411,0.8665322107571529,0.8590942136326496,0.9449512764210752,0.9645006069018557,0.9048020063331477,0.9155928218450521,0.9193111724541668,1.0194702754257734,1.0099875457836405,1.0507200074399443,1.0677813283158852,1.1407092455783054,1.181582444001508,1.17641068757849,1.168164393458463,1.2588538797163,1.3037758407803486,1.4244594643725532,1.3815181957603273,1.5124014669155583,1.6683933838146237,1.6772121269118507,1.8427738283644797,1.821051394375779,2.047491645957834,2.114916602330067,2.2131965135047684,2.4140975080321327,2.6208680544532794,2.8016868314486105,2.9852590717866536,3.39831522497291,3.6961471522800506,4.101694607178596,4.408594440041188,5.151774113768905,5.804676886387756,6.48302883620186,6.904763461728538,7.47702243147291,8.036102802411044,8.411733691819627,8.811657274750264,9.164530738226693,9.657269203569658,10.108231906186889,10.505809893033655,4.751304553448838,3.9922226804489593,3.4522323015674625,3.0674052541509815,2.7659632169325588,2.5344028313909597,2.4271304364660033,2.1819863073221177,2.0235752634063506,1.979053110681449,1.8728886039889665,1.8054169682184007,1.773074251366474,1.7319474881711576,1.643274397782464,1.6019094834923007,1.5305369350827052,1.5472563787004052,1.5399027573756077,1.4865226314605051,1.4467796872065188,1.4266407375873746,1.442176771772773,1.4332418519175973,1.4560337641943628,1.3855706467370021,1.4377760218411715,1.4271707607359276,1.3763360213215678,1.443772489135801,1.3646956760073463,1.4446437205536555,1.436971693538576,1.4461046500154453,1.4584889101151286,1.4152042778992913,1.5134166984451272,1.516713948570394,1.5125877681195503,1.5624672768702381,1.63218930003496,1.6460918848426267,1.7581805354310371,1.7236717004383884,1.8576417065253048,1.9000829513729787,1.9947647959553554,2.1556530910488876,2.36451971191325,2.361560504382169,2.722321260523547,2.9756608169729275,3.344755167992124,3.7178151129315906,4.073414099781955,4.697172531070667,5.3214216307645374,6.449467383747005,11.992830308586214,11.435220127978162,10.777172466680804,10.04308503361762,9.503921198926914,8.871005734612181,8.324906181239292,7.732128576500637,6.731772785182075,5.569164352497565,4.481048027224823,3.9008169817332585,3.5045740979252544,3.024897556928185,2.96753868486727,2.6473429730409332
5.35,6.736077711319559,0.14336051026231286,7.005652664015651,2.4066587191137434,2.2372566314776177,2.130939188122748,2.0618729691975966,1.8971224132411215,1.812288693652337,1.752343652573617,1.6577481201137478,1.5089260253227241,1.4916527327755469,1.3992608550706,1.3505955718379572,1.3432403442841463,1.2752865916069336,1.2262620425135773,1.2058307991903068,1.13499630617248,1.1013499173417352,1.0424831313059657,1.0576557307112604,0.9235973371449485,0.9274836519594165,0.9328402041191265,0.8601426791874591,0.8615346826403307,0.8593413339863044,0.8438286510447168,0.8155057633466798,0.8137347785549468,0.8442126753671588,0.7394477168816966,0.7582024261749754,0.8109887041774514,0.7344934502379937,0.7337247342614646,0.7367601946360665,0.748703212801286,0.7362339900110089,0.7478361556545325,0.7505567972354058,0.7258642964285654,0.7740432636700548,0.7761484676517777,0.7369438109503365,0.7623875853374712,0.7471155218027734,0.7485157346051003,0.7322365702189311,0.7557336567339766,0.7442988994462563,0.8207525521013139,0.7450754901810486,0.7523193758200677,0.7426857558252187,0.8425645784537291,0.8333238953706874,0.8175277469180225,0.8211210808991348,0.8300595532127881,0.8066566204588268,0.8637922950314714,0.8694103248693648,0.8655493703523828,0.9295020791317111,0.9113968826914737,0.932828335928907,0.9960961431958274,1.054840159720706,1.0500313504406533,1.0735694015342165,1.1101351886874773,1.1144703119633066,1.121283587864152,1.1471406811387466,1.2524926236004272,1.358822621461989,1.4194405915899617,1.5293474482533744,1.5696150869020105,1.6522694162953178,1.6598810587545885,1.8189708321424458,1.9952789257666959,1.9961668946504298,2.0289908210200878,2.2145560103660737,2.4341018939383408,2.735488412719483,2.8748488381294903,3.225196456265234,3.504993999305862,3.960370941910134,4.474304638735205,4.973363087728106,5.655764869262563,6.314625544376993,6.840186024839658,7.3407511080289,7.843032546202496,8.239767170497988,8.656364169075582,9.031589458479614,9.493100823785785,9.928006211594884,10.381816616613138,4.8208415711418064,4.1052056364594165,3.5557426070262204,3.074359279305742,2.943521404174128,2.7265655465917993,2.4340582865131224,2.27143243327317,2.21998324349046,2.0527560445960327,1.9317262666001858,1.9663388014161216,1.7886637910171264,1.7944447642951646,1.6873595768286267,1.6932786335752266,1.610458109436863,1.6008810466751449,1.5661363131765884,1.5180092826075118,1.4989031048381836,1.511585224891315,1.5034889211328064,1.447563536628298,1.3628698328663231,1.4600336996871464,1.4210366399587762,1.4345301126927195,1.457919822864492,1.3903303351931582,1.4346983454817266,1.4229486253562884,1.4220334748556562,1.4599347150940787,1.4223156160468478,1.5251348273485679,1.5104613281872765,1.4813367862520952,1.4804485854461655,1.565632636840048,1.5342898297982384,1.6059571046816727,1.6051655612776472,1.7618048076966943,1.7870666598344476,1.8674090678991326,1.9212297002932572,2.1375620400201734,2.156164350545452,2.2718076398448956,2.4742863219951583,2.8923654578708367,3.04137018711356,3.4310043103291252,4.03183745890191,4.83005719089899,5.335960675565632,6.425077447435409,12.230762295486484,11.554958364587991,10.966295585835379,10.195894063678308,9.55632344492398,8.964528933026932,8.433642216553084,7.613580132217382,6.5420154636118095,5.599897229719313,4.685653703852146,3.930710296739823,3.5918475933846046,3.1827270057839487,2.9845706227768583,2.746080320803332,2.5920343430848707
5.375,6.769163602120359,0.13125496785138224,7.044750924198273,2.262418240603727,2.286402941566304,2.0822155196538437,1.9453955092656043,1.8933823505881844,1.7287384574922902,1.6760058517305791,1.529649975629837,1.4607809297932821,1.4453562422457351,1.4337922811030523,1.3173167545048077,1.2892434123975496,1.230383049853319,1.1692464054907632,1.0702412994410355,1.051255576192653,1.114117670098779,1.0024067925052953,0.9976821860735018,0.8887249030777197,0.9434393632483691,0.937394607395277,0.8776655118827278,0.9003062539268374,0.8735688323364752,0.7915184102002395,0.8144352502695328,0.7432076609065891,0.8521310358462652,0.8092656427607773,0.759966541999996,0.7547115000538315,0.7669076681639009,0.7840161191280751,0.6942369536903226,0.7448976968185066,0.7520988048835615,0.766644117792284,0.7611893028601422,0.705063770539526,0.7584222641286464,0.7566949108564245,0.772716097149352,0.7702905678642077,0.709076586785751,0.7637436293986032,0.7854788777194962,0.7746988816703778,0.7761618765204167,0.7746559503145978,0.6884082603717184,0.6752614886344915,0.7630652854539214,0.770475754513197,0.7690264248396866,0.7726184130338117,0.7857324658123849,0.8681808530330757,0.7904240852601295,0.8625049974578621,0.9479866382276241,0.9421134052774619,0.9300128510021135,0.9159239151630728,0.9074606618911092,0.9905731865414305,1.0175159091197776,1.0275530572028126,1.031714749015877,1.1108678560954413,1.0778067472713366,1.2434452676646457,1.234559793003959,1.2895228468401179,1.3425752343356594,1.4028882891555015,1.4905563321257431,1.5064336602133483,1.663246808920109,1.6445637422538486,1.7831444587885987,1.9149898734065076,2.016195964030828,2.2670083889556514,2.2683859109391546,2.471279634740685,2.6955404371760667,3.0890110017053827,3.32704209716478,3.822522948170395,4.325818297313483,4.812775040273707,5.472588789497205,6.2333106810614645,6.695877842483065,7.235085725043321,7.675895889722212,8.077345078988285,8.523143618043719,8.876825046540056,9.368159470535474,9.816582134474343,10.243515976865718,5.032882487254418,4.185485118357462,3.681608074491911,3.442110860611633,2.9591443877202375,2.7872083986356824,2.5675442958688866,2.3426069401667076,2.262086328063159,2.1620473004433225,1.9783008486095872,2.0014638301265113,1.8464971563751493,1.8503589121499964,1.7196738940416294,1.733429580233706,1.5866412694392775,1.5561750325980117,1.5855158729168302,1.5774648602299068,1.527141067469779,1.443411378924096,1.4657415626397234,1.458356791146942,1.487580925151369,1.4570572481249138,1.4227889462914973,1.4262476573251759,1.4517891464444914,1.4511772951112876,1.432647619813604,1.4374410570016822,1.4304383423213174,1.4607858119316428,1.4339939509100827,1.5048394885583176,1.523696205984066,1.5141074637967247,1.579786515407401,1.5707639401134363,1.578227922523703,1.6842524763478888,1.5950163220740576,1.662968705193377,1.717792034952383,1.8948692349964633,1.8812075026965969,1.9160809806291947,2.045507721476369,2.240658620641899,2.37118391737795,2.5900800095806855,2.995077683094405,3.4297991185280603,3.9879695785838574,4.581507228667868,5.247113643471071,6.302693500695311,12.295379725658176,11.607445782975342,11.094462628620102,10.313600777822453,9.684158113433442,9.033535802332914,8.504398445071484,7.788566872815561,6.694557252706318,5.66373176590408,4.686659249332741,3.9649419403098625,3.737955986619608,3.3392988839501165,3.1123004684901456,2.9501966730483256,2.7407016499486287,2.563206729210313
5.4,6.803150194572709,0.15475908819908796,6.941650214971504,2.244247530005091,2.244978053527024,2.0881880431903292,1.8528588115016422,1.882613509726958,1.7198855063146925,1.617794190473504,1.6469812753702855,1.525605028015044,1.3826951717516496,1.3120042857934016,1.2895195717113852,1.2531185101924374,1.0928210134189877,1.088560126016317,1.0024746910144258,1.0017247711821144,1.0097699626592422,0.933018879547162,0.9514887886166297,0.9529094330086557,0.8798730869897344,0.8726280440372228,0.8906305083889507,0.8962537831622746,0.7979625037220982,0.8159409518104926,0.795828583383294,0.7806158255086765,0.7705363565684861,0.7801083647946321,0.7629512882666788,0.7722356948518031,0.7616657490556663,0.7760673280377022,0.7537876823161205,0.7086690725274799,0.72097688133307,0.7704096808362408,0.7807960841014688,0.7809221048932773,0.6913708714755478,0.7029070170029293,0.6894923582093186,0.7037464097321537,0.6991848962886836,0.6935930483573297,0.6845643505297603,0.7059140408429292,0.6988253239836345,0.7814871559430235,0.7613311895476268,0.7782924751477723,0.7850173459488025,0.8024961208098648,0.8592317223453216,0.7881565790316796,0.7705772043298305,0.7786857621790554,0.7813685217939986,0.7844708323616746,0.8817955357408387,0.8838183503883182,0.877893939913926,0.8367274382996056,0.8469743278235379,0.931928394847064,0.9450452558900835,1.0383811212448355,1.0637904019143667,1.081491146789137,1.0803415391145286,1.2289773952090801,1.2627211154054954,1.2424592895645503,1.30012383969768,1.3642405288533586,1.4738840588659483,1.4903692466507268,1.6006674583778127,1.695233273729748,1.8414627244627675,2.000319289839449,2.115715568182097,2.3019005807248987,2.4789797133146805,2.708595716958556,2.9319690206138063,3.1915773845747175,3.6622382706060743,4.115583159314396,4.670467825840235,5.3129204643796495,6.110120030949358,6.527882722992651,7.063866817596079,7.558442952382476,7.923877399071588,8.416981081434313,8.77725819216119,9.215996615676191,9.63367331046903,10.089814838256444,5.716674809046326,4.313227497600207,3.8518994417465544,3.558566268521984,3.0594005347628297,2.8968474267758673,2.7135663036754716,2.433571592748183,2.3385360447651613,2.2661671894376236,2.082681725656078,2.0962005113044806,1.9044243700812806,1.926138091156614,1.7029546414295342,1.7809887760064926,1.7179496961134533,1.6607483973916348,1.5783860462527037,1.5117760141616365,1.524313864115775,1.5401102359498071,1.528644546324435,1.527544578517295,1.5074775363918502,1.4232543056018496,1.5056591400515258,1.4188050383756943,1.470088112370648,1.4755175963071314,1.3891089811765247,1.3857869225903383,1.4678873614311723,1.435965274214027,1.4430577772733775,1.4687949812915078,1.497016136416889,1.5139097489101967,1.5214804101630537,1.5215530438553744,1.595869796331852,1.5717505650779904,1.7054803363991449,1.6649116645650728,1.7439000114679521,1.8185991824102117,1.794573104444798,1.9621274252806797,2.0341298395250766,2.1451593971013527,2.3268033526691325,2.5377714985697795,2.6870879468839477,3.4011636449770686,3.6916775234837904,4.483435539672545,5.396019610234259,6.262554318842511,12.31361866405692,11.717648644096938,11.058381718453147,10.410196558000825,9.740383076397439,9.147406663621437,8.61844334669549,7.855324730647208,6.8294960229008685,5.673718385311732,4.837354612752109,4.104335639536223,3.7235529301227097,3.504289878512377,3.116990603040661,2.914990431724866,2.7545123986595,2.629799581773733,2.4503185355156036
5.425,6.821789746080728,0.1503541416426366,7.0137479462868235,2.2509597679597086,2.038499803324239,2.011845632316707,1.9013202156963498,1.7517615954707118,1.7468610034877503,1.6526999445222987,1.5959859299708952,1.4333242891753168,1.3370103167564797,1.269518035221068,1.2055846726571298,1.165086282082345,1.1284327124382396,1.04918193355566,1.0641630434333444,0.9788035190291289,0.9983621760902195,0.9152103716139371,0.9510184218744552,0.9607666679590248,0.8684851492516111,0.8633219503859026,0.8755044474983712,0.8679941428568403,0.7785030828973195,0.7947677985718286,0.8215292248623419,0.798158486534543,0.8060604423131934,0.7726489753979057,0.7680162005800714,0.7626248522576109,0.7781197508026975,0.6870716288826358,0.6761050150388823,0.6934418865191528,0.6917666658655798,0.6937348691278,0.6779532734928112,0.6798060532349255,0.6981784294110558,0.6846901030671483,0.7762358385384597,0.6816332740527571,0.6893438079579298,0.6881717410056137,0.7814400507818278,0.7629870992156911,0.7658133238995067,0.770967017669683,0.6926404560399677,0.6956834418702338,0.680556611403497,0.7559934445582369,0.765678487883579,0.7747244131878652,0.76421650132325,0.7533971107594682,0.7647366200520699,0.7697844899345683,0.8712913809820352,0.8729352589238142,0.9559297679224652,0.9163469254884702,0.947412226882027,0.9520380364537407,0.9481273611329999,1.0385564442908504,1.0326891194633299,1.0490147018026887,1.1668217581034892,1.2236375340346983,1.2028255084189339,1.223260193446212,1.3462020615405537,1.3701288421649405,1.4667314521870156,1.560770467080044,1.5462628142354875,1.7594908999487453,1.8923727698570951,1.9363930071387585,2.108927259561333,2.3640326662397655,2.6402334358491633,2.7828548960855404,3.189245183125421,3.617293571568768,3.98355693642513,4.567655263614188,5.213417608287181,5.939505574116485,6.34232009898583,6.9027123737723075,7.413574457826257,7.810161517289139,8.22704962238918,8.638827453425769,9.061581212625953,9.462815463335543,9.904245178761668,10.41865205121836,4.785134564688989,3.9134403505197826,3.717844507162606,3.1617904189911274,2.9567375132676395,2.740281506943461,2.589871633923663,2.410596342128346,2.3676002158998832,2.0962361012325217,2.1357870400442516,2.0115172576287077,1.9078905208032195,1.8358035510757107,1.8234134080402924,1.7488240990037527,1.7285908081180028,1.6997195371081102,1.6029212275159095,1.5686084575947212,1.494799099216552,1.4484572419729949,1.529794885913367,1.5393226218940605,1.5189197672658183,1.5334516117249615,1.436675130937033,1.4380353650253737,1.510842103983933,1.4369206255935638,1.4900512159636596,1.5000140046784025,1.4191909045720306,1.429289860667784,1.4466260582132735,1.451608078015277,1.5235099421284022,1.513620847187531,1.5411223339642777,1.570133679167399,1.6347766878118986,1.5817771242800676,1.685880685109722,1.756333406947897,1.7377971829024785,1.8157311306070605,1.8887119345171097,1.910863299069413,2.0429408605947366,2.1311129395369437,2.3630845009331325,2.6349145679299895,2.8145695012334273,3.5181802523277934,4.308453492145335,5.036358059665246,6.246349576120916,12.399067352699753,11.789125737628801,11.228182133713089,10.629028137707259,9.88539176108131,9.345823745620134,8.76074876328674,8.069588762641883,6.773282165523688,5.722093095769901,4.83488228489688,4.282895857491787,3.9367625321495514,3.61458749530761,3.3257118792675677,3.148710018411721,2.878095343979423,2.7660418758328684,2.587806811564971,2.4096905062728013
5.45,6.844668806921905,0.1436216362633918,7.061813100497037,2.2263134285100756,2.0527410414863083,1.9421539362805815,1.8955074244016963,1.6844349230538007,1.6586107396367809,1.5429220475310885,1.437737575918561,1.4116544905700692,1.292502231067011,1.2745396835292364,1.227318863944394,1.1089435468694548,1.1051306511975012,1.0291187722584916,1.0543184366657732,1.0411118212267467,0.9586572527308681,0.9578546263508179,0.86652915816183,0.9525009890226904,0.9003656442381925,0.8894587871848533,0.8279274899859485,0.8376099140240197,0.8355194387793475,0.7597426752000583,0.7964358827834165,0.7390323913965413,0.744347989741795,0.7484819536500198,0.7685933636258687,0.7452217348119086,0.7364482225824387,0.7360827469874567,0.7663261429881949,0.7243812718957056,0.737260433032295,0.7434478900343466,0.7500915525516151,0.7440402349171821,0.7360107894079526,0.7301351663886744,0.6442124048142056,0.6593107908189749,0.6469962295816398,0.734184200693876,0.7387875435831108,0.7448724116874927,0.7343331646334001,0.7294449719461775,0.7550084345376501,0.652367631251009,0.7298717868870888,0.7193642976696203,0.7227229524780217,0.7263825611774525,0.8362989723463403,0.8675457506116543,0.8672946627394427,0.8521244996504991,0.8254736766583937,0.823287789967778,0.8829409211444575,0.9114779531633423,0.9038991961038032,0.9043513661382315,0.9232030204713122,1.0259172190930261,1.0176004767134212,1.1078160134052593,1.1861965436577377,1.1829534908757606,1.2344225727450737,1.3116154569531708,1.328206037172924,1.3568135081953137,1.4931385697144262,1.5586522314440932,1.7274179978148425,1.7752217027040678,1.9463130302728622,2.1535904545667064,2.1753829751706064,2.4840757548409313,2.8110492413478703,3.0534990711059153,3.550231846155037,3.9835226271573823,4.37956818052076,5.034612144346505,5.758234909789156,6.185642637053054,6.733634986490368,7.2261594328361385,7.66120047145529,8.118970442324736,8.540521294461906,8.923077153466897,9.384964427608109,9.752452665618616,10.30463392478226,4.63537331975058,4.0461648668270636,3.774678871419741,3.3035106609442018,3.0416121061323604,2.873521497213642,2.5822280376823343,2.459453175101008,2.444289331264729,2.2236111273325894,2.1152550859073713,2.05198070711247,1.9467733452155096,1.904472134138215,1.8729102257777002,1.7083099206285366,1.6986413090886463,1.6505812557271136,1.632662229803821,1.6107840364372976,1.543757958255344,1.4998450320258994,1.5747698850359828,1.5349293903718966,1.442971066448814,1.44494425930278,1.4726522536423645,1.4750388473921494,1.4913205095200737,1.49245072435903,1.4000216047960174,1.4607993064648315,1.4657003256372607,1.4493577993316729,1.486767571799336,1.4176292398496644,1.4504128039002109,1.5263623902542935,1.5251871616533963,1.586423152539573,1.5967452060419565,1.6029544546497736,1.6758667633853825,1.7103730446801555,1.7911858891590624,1.769418349298146,1.8357799109987423,1.8932702122125626,1.9711058803724468,2.194678337113674,2.215574296122013,2.451341040927562,2.7504020079368887,3.168441049212023,3.9833402399416893,4.7874637024111655,6.233274826395489,12.619555727279376,11.912692607721148,11.341039839213497,10.721402705809632,10.049822770806129,9.41134732794578,8.934414923032671,7.979290786907884,6.958690555496954,5.877953344422087,5.027314183586982,4.387842270285228,4.016626905349668,3.796725323402364,3.4782643983765755,3.2852947754246213,3.076273620891664,2.782323513962126,2.6410102671621156,2.507788603911007,2.4534607493026166
5.475,6.87042479448587,0.1338497119051425,7.10987825470725,2.1741750298100233,2.070856844910914,1.884326792249476,1.7393111404305643,1.6447382449297816,1.5519013614450616,1.5069372431527974,1.3894588653201352,1.379517227421706,1.2675659506377643,1.1976635875617245,1.218119884666575,1.1419909273496762,1.127532953339454,1.0277107677199964,1.0826450221433201,1.0760709495686125,0.9601348514283535,0.9729590270282663,0.9094642923330357,0.8312530759260036,0.8243875492146255,0.8488659351601482,0.8707557461832078,0.7612866444771201,0.8466711474025418,0.7674794376634086,0.753945414617391,0.7469516928978426,0.766349204158349,0.7289588224894775,0.8171122314981443,0.745460702690672,0.7431458005841342,0.7296996514116072,0.6424585919808408,0.6478725914390111,0.7327472233689821,0.7407057929595278,0.7144564159131982,0.6615636825797314,0.6352666813634515,0.6722922296287116,0.6356682286786282,0.6501521767567877,0.6719322711586789,0.7292134834202224,0.7327819662933457,0.6453743646891036,0.7403738756131862,0.742733599988976,0.7354205162075449,0.7380384631853301,0.726019046366546,0.7219973623780754,0.7402476310244485,0.7244721103027384,0.8422801009579244,0.8411381876406047,0.8427440739129418,0.8158253236762363,0.8110277388905139,0.8033871678419756,0.887052804846073,0.9286703972488316,0.9078146699648402,0.9209974432753731,1.0498096954010459,1.037619201591821,1.0203303014901206,1.1795913125117985,1.1343073314800438,1.1736257828682943,1.2279387642605122,1.2305944330885605,1.417972975214447,1.5142285890408531,1.5846283869844384,1.595823127416393,1.7583029273548092,1.9127508232584802,2.0101642164590885,2.2081457941558322,2.426841445771865,2.689546443850148,3.035007970071573,3.3935613882852347,3.857459864143428,4.442496356860757,5.139713447442645,5.724677796140835,6.170360711615683,6.6833492788230195,7.0877115945903855,7.616012955431342,7.9400015965527935,8.473357588673938,8.797551931466938,9.16358384416553,9.666451338504414,10.181921736800573,4.754971207980552,4.15912005588711,3.6698718638141288,3.4272584677759643,3.165115837149688,2.938732331169853,2.6977563872776753,2.4716944334962507,2.340841175716249,2.397345384354002,2.121498190171317,2.162243895636637,1.9551621666315673,1.9063217659812537,1.8245922796415202,1.847642836893571,1.7829930957255027,1.723739124487497,1.6336457602693182,1.6809812536871231,1.566403783629718,1.5779810627381643,1.5542069433749048,1.4972881852302433,1.5276073896186426,1.540317098545031,1.4512063685741587,1.4630991234335153,1.4751629345278177,1.5031391445900306,1.437153933201844,1.5441125026809182,1.4590823205099603,1.4469776490826545,1.4857099337079496,1.483413887945119,1.5238705537962083,1.494482713795309,1.5399229267576255,1.533551951060038,1.5348556982234685,1.6234572838812873,1.6029141329987768,1.714435275144031,1.6983020445924788,1.7333104003782471,1.8488412111691783,1.8527214889487436,1.9036359977130006,1.9970685994961481,2.1503795903414815,2.370359404469601,2.5167508779542165,2.927927923129184,3.477445363615937,4.753523587358391,5.804074660006525,12.710485748151916,12.12249841930474,11.453867984016709,10.795373175131603,10.063462194638161,9.508730252086904,8.83841583404219,8.112393299225173,7.121103035813835,5.979751010484018,5.127844992392954,4.599218731254417,4.220476956342404,3.9564798786239206,3.6309526583639156,3.4329900438081458,3.13762624577465,2.905590653640624,2.75017280833205,2.5863509740752146,2.382910764525808,2.3520098034979875
5.5,6.899778599540976,0.10578378373051739,7.137386666741114,2.1765687569360415,1.9620722376628694,1.8198275986194896,1.7316894055958174,1.6531391103968736,1.6023305428985355,1.4424562671181722,1.3502241944808497,1.3136803143196252,1.2917310473702677,1.314048977963244,1.222101335510753,1.1542386664055422,1.0621240556608096,1.0730691038980977,0.9089554383839047,0.9329889198307615,0.9398408896167304,0.865467589821463,0.9211863720118444,0.9425303178657729,0.8517326646828762,0.8548526635465775,0.8282882420134907,0.8258964179966305,0.851216251116303,0.7894109901413894,0.6692064699444664,0.7419538141121532,0.7696582418310309,0.7642346876416654,0.6695083180513351,0.6876071691721944,0.6748152935484876,0.7007366796007043,0.6649433528959543,0.6760205927728362,0.6865769106468302,0.6869342212738192,0.6757666626815568,0.6805409285670458,0.6869754762200129,0.68955285274268,0.6814652711109751,0.6840556043314094,0.6763470575352107,0.6840366872191421,0.6890494389245548,0.6815239863878408,0.7713117728274803,0.7652925176348004,0.766590940461838,0.7729799472392248,0.6939886170256436,0.6912301318848174,0.6850473032982646,0.7721991313029339,0.7790348406142168,0.7699314306160487,0.7408255956009261,0.8423465678731993,0.8553239721632449,0.9238779039518604,0.865557260016501,0.9494697587809467,0.9482463558762018,0.9292052112593294,1.0076269693075783,1.0229031765462269,1.0767210986088318,1.1006809576335004,1.1103217245142096,1.1835954217084705,1.20341193158251,1.4089802543460903,1.4254407880492235,1.4424151042219284,1.6187642132268034,1.7214964984635786,1.833426205076295,2.0068381679956127,2.226679953881818,2.4271420914467283,2.7458896698745985,2.9251652421297116,3.400294413356754,3.925650790584474,4.514886008004633,5.060217252722862,5.5757120330749865,6.030649204873686,6.656923166027468,7.058924472423061,7.448657487153386,7.84242775472971,8.274131908249545,8.755865734918881,9.104962139673896,9.56007730566467,9.969954258530297,4.685874383104642,4.0229938191299475,3.7313410794684643,3.347572057547545,3.0476146099410673,2.879378142749372,2.7565301639192064,2.6102865981406627,2.3545887878834115,2.3318148885097654,2.2282874053981447,2.0780565001365883,2.0435354986754315,1.9392595372724337,1.8127412742702298,1.8188996650524547,1.7949638293274488,1.7299060805792146,1.7327064894602353,1.6423505682070925,1.585372632827505,1.600185316632126,1.5777209218968635,1.5522638387652026,1.5294422275647865,1.5522809673185387,1.4940367336387368,1.4947279112508502,1.506607972578947,1.4432939471450956,1.4536889639709485,1.439297745555542,1.4255499657637556,1.4329071980375097,1.5112864954646121,1.5314507066102008,1.446079991190202,1.58525346121241,1.4829698868273407,1.5649425365102607,1.5719140146697002,1.6000726100176816,1.6219996000314476,1.5980056506858438,1.6837052339763703,1.7426385090168888,1.8261140592236331,1.8767103034441117,1.910308410125731,2.033525149014185,2.090715451987362,2.2185091620041155,2.4009027982586737,2.648125108758338,3.218152760661844,4.260291486166735,5.909333023090334,12.768230271472044,12.194373216670167,11.467476274902785,10.857066266042304,10.171027932886533,9.57665243917166,8.910151897842079,8.089168568820094,7.095403118103373,6.051711331614375,5.2684922749983665,4.746428561036512,4.33781837162234,4.118077490896049,3.8155725490400303,3.5777349125094973,3.227284315284244,3.074714565751792,2.9348915332649383,2.7555888324032622,2.5717713615585924,2.2861475907304962,2.2666352671059435
5.525,6.929859572196786,0.09694028215948418,7.18750845541357,2.0358163010846853,1.8743194515263282,1.8210745829823842,1.7195117725903561,1.607394394648307,1.520652427429022,1.39905855819164,1.416117794933338,1.327225423360077,1.2125940035483982,1.2333767025617433,1.0513861216049105,1.0636150762770615,1.0602757127003704,1.0098207315215615,1.0669324196101617,0.9716464477605941,0.9523691504918065,0.9619918431722648,0.8724839714515433,0.8459116208173281,0.8524985062926835,0.8669065201864051,0.8640158795228783,0.7860404360596056,0.7585985166096533,0.6978056788351147,0.6695673967988309,0.7696224973051381,0.762536139002375,0.6938628328540122,0.6745961926676718,0.6764913294488678,0.7669614035376793,0.6913246507109991,0.6970045787799768,0.6789336467995721,0.6937312435332617,0.6934483367255021,0.6929604869849836,0.69761701624981,0.6976206031395541,0.688560678534895,0.6657106417181793,0.6920426358134336,0.692193372464275,0.6810870055327027,0.6856560250231839,0.7857946621891144,0.6834223298834536,0.6823478715558091,0.6941440803999367,0.6999969718791608,0.7036036073339909,0.6792214444788931,0.765882886040219,0.7533885333833938,0.7913472074464223,0.7654740444541926,0.7753633114446818,0.7688688021854273,0.8966172226803444,0.8676343116752371,0.8696773137203282,0.9315424456278789,0.9612652979637264,0.9130754862522156,0.9304686868335637,1.0397798352959724,1.0315834808864597,1.2032321702055633,1.2395524528300084,1.2161617120978752,1.277160288980982,1.2800927602184595,1.4357098961674035,1.593210403574728,1.6778147657251659,1.8050051000825862,2.053246735552284,2.2154084122668816,2.3195518316299237,2.5665466066487452,3.034153347513916,3.2963203176381444,3.804439998166335,4.390396812384844,4.915291759072023,5.473158793885449,5.995662984145286,6.5655170607955275,6.983175725808687,7.285435048276612,7.666611232361079,8.131784564236078,8.560377410543436,9.05463977691565,9.409173245507764,9.925194486460727,4.983982913304836,4.162941822088699,3.619317051452643,3.3900723406465856,3.161891380806954,2.8815329752805656,2.697598255359222,2.638943499643883,2.455740067625972,2.2724765170786583,2.2835108612201793,2.070308744001933,2.122197521763945,1.9584610298358673,1.907380226095556,1.89922699376493,1.73745632247757,1.713312978128908,1.7539251523882395,1.639104455654203,1.6881734557535923,1.5922488754012323,1.5246971509774188,1.5670215681171566,1.5762720798710037,1.486903129621995,1.4827900478107836,1.5123281461274756,1.4820822834204144,1.468087318594118,1.4562056595404484,1.5394108367464616,1.450650135485264,1.4158067327491795,1.4372924106995608,1.5010586029765467,1.4784135180840885,1.5261445780102576,1.523653689744127,1.534947955758842,1.5724545908117544,1.5734066933298394,1.619702401675893,1.614352604324731,1.622604507084442,1.7345812618535958,1.8114940333950984,1.786429512547045,1.8557832790451643,1.9711426760237811,2.057126910832593,2.2069169479672337,2.2427977369950924,2.4920490226430587,2.7820019896584016,3.3323221492770445,5.3868909045703735,12.897650254811483,12.291580017507753,11.576473375172316,10.959196855825937,10.311079321254466,9.767082556748752,9.061740208598323,8.242687923934737,7.181670913650853,6.2971870190395265,5.444644947377504,4.950565424077226,4.4715339713477915,4.2887324836829395,3.90042620980338,3.603634726709366,3.45291321355464,3.258445159136508,3.027312842120941,2.8429027341421933,2.6752768857444504,2.4482986755319587,2.3189521241772884,2.23255547635085
5.55,6.962229743034305,0.09038114471352784,7.237630244086025,1.9620010232584064,1.8630919443320562,1.7531081459474331,1.6917993319726405,1.6251997382634333,1.5322367754379411,1.4902018292104695,1.3806391246503655,1.2495041121484325,1.25026089430911,1.1495887653042238,1.1498565308500617,1.0723614642213113,1.049880026863784,1.0650355621605954,0.9893901565613529,0.9395036833549424,0.9586841552630787,0.9171588581958292,0.8483158085370969,0.8291329465293237,0.825074030977195,0.842327863632833,0.793359614520177,0.7774834762282469,0.8086075320769438,0.8043034661184223,0.7208372284342309,0.7360585518073995,0.7201999956754269,0.6453137307786461,0.7440363018559677,0.7232482856300826,0.7504736993902397,0.7426867361630888,0.6555832720105589,0.6653157162707384,0.6503317550431983,0.6430620859119842,0.6534865965763144,0.7219091029613403,0.7199270585915261,0.6487427298740599,0.6554265891381637,0.6627975920370961,0.6422561776763607,0.6521568285278683,0.7466743794144632,0.7343850655423061,0.7398706041175782,0.737757207839525,0.7406094879110382,0.732325889008407,0.7172814112111051,0.7446341577098069,0.7668841603220881,0.7646093166095286,0.761045448242891,0.8160655113774556,0.8192785948069479,0.8266440042328963,0.7828572116000233,0.8119871657394926,0.9111483448801003,0.907887117085653,0.9165542362641739,1.0798605268311505,1.0747681194858598,1.109055910710729,1.142803722482042,1.1019370016566046,1.2714322309116373,1.3214164587360102,1.4211369473731736,1.4906056594189547,1.495628133302739,1.683649423880907,1.8829222858080226,1.907198312558691,2.1116437603799048,2.350414755814083,2.605521358575783,2.8716840935549213,3.1548918132623656,3.701653390172379,4.265686030360239,4.752948608681878,5.331724103406213,5.863402591209108,6.376415337078884,6.791131809941671,7.090191719931126,7.540429580532459,7.990479482920135,8.343089273563393,8.734002682184926,9.24961999001559,9.715200956315032,10.16929294730436,4.31036370162074,3.678387009923768,3.4708486696810437,3.2151832574852652,2.971158652893999,2.7322538433477277,2.5359603362514034,2.5388210041327044,2.331339473046676,2.2488366168830116,2.1078220415141176,2.1118903133161333,2.007906826195344,2.0040712987458074,1.8353838924278583,1.8012443925411523,1.7805278624638023,1.6584252849853003,1.647124429234392,1.7208149167372198,1.6163427353675552,1.6082987887799594,1.6087567049142961,1.5298515538682782,1.5296743228810072,1.461484999558534,1.4758641059650877,1.4617058186720142,1.5167338670475867,1.4163009891213356,1.5475403267996903,1.4300947143626797,1.4466858415533508,1.4427216387253596,1.4783789181185085,1.4629638557523361,1.4118953819381195,1.4993493983449262,1.5398733713075397,1.5456504968947158,1.615620340103091,1.5229440687807028,1.6107243679459173,1.590124344772655,1.7435597002076997,1.6985828074815,1.6888186858183958,1.7902787007262342,1.8647837907442772,1.9999596073339263,2.0737204536339977,2.1859130829900515,2.357020131639594,2.4195207400271763,2.7849716497714296,3.444633318090104,6.7566718411984645,12.527454118263478,11.892976883472521,11.174585196449032,10.529572607334117,9.98718428970835,9.354415647320478,8.649982170986506,7.551665326028871,6.548115348238232,5.724811398803293,5.141810374406401,4.74241543080816,4.344095931075937,4.139963116598313,3.7824576698724224,3.5896266562821255,3.4455208840783764,3.1534299300839983,2.8738009821570034,2.853524466349973,2.6288064802201268,2.485205436450634,2.2765955721124005,2.203629387547178
5.575,6.996627624282237,0.08459103083064652,7.312812927094709,2.0967401205486778,1.8791846022915577,1.787627859931047,1.641529263852844,1.5249690411403076,1.5343429137904732,1.4504785366475734,1.2943829650932113,1.2994189957023563,1.2607444496498352,1.2569286496746093,1.1003631742987892,1.1106760031719067,1.0786200627999725,0.973199438868646,1.0021985262039546,1.0036266223974397,0.936920909132118,0.9205085006234678,0.9122963600682832,0.9139090313820051,0.8444867309363224,0.7653277435502601,0.7803495221401666,0.82474628128964,0.8170724057804019,0.8210304666518147,0.7285754742606517,0.7393568416499133,0.6638068545377938,0.7287581672179426,0.7249355745272773,0.7398723112695837,0.7343027176938762,0.7263617189444453,0.6450447366949065,0.6597318651320775,0.642830172115988,0.6808027702137828,0.7462327213800887,0.7358524919205488,0.7503059563056232,0.6301621715382453,0.644909856650183,0.6443772720420924,0.6475234668311832,0.653501865326477,0.7286654303422525,0.7366182434096314,0.7398350103845764,0.7313421380391579,0.7071962768380778,0.7266539241031583,0.727658675980731,0.7296245968922478,0.7356628177933543,0.7216247918804541,0.8502776316996927,0.8477429545455785,0.8425834776247103,0.8535050134880408,0.8123901194507569,0.8989405666661325,0.986961546201205,0.9187883474766245,0.9945858669890397,1.002649808785602,0.9832278764585111,1.0703599516376612,1.1516807606497157,1.1376632698601914,1.2406672836561181,1.343935088499995,1.31579586401949,1.4653352816670995,1.674648588008392,1.7254273056418534,1.9493724899906542,1.9859536143069707,2.204713642684418,2.441391247746844,2.7328526092067444,3.185974104547703,3.547585086977442,4.116095372067114,4.564441675750198,5.1810527015812795,5.627271623954446,6.126349026220434,6.506284649039389,6.922620150523588,7.261272115640565,7.7052825231848425,8.128796304812212,8.53388667451746,8.995504312328725,9.384500350161561,9.95505302740896,4.689976449004701,3.856478127298374,3.514133360884898,3.310486751510288,3.0479993467076723,2.8483852366435922,2.62438465897318,2.534542002526033,2.418462527388167,2.2359571728248544,2.2335995346812476,2.121446793754012,1.9991735635054872,1.9524621036887357,1.9227287678549894,1.9179820579567133,1.829568109028539,1.7372290034349862,1.7367659216266573,1.6533996599157634,1.6540202500322334,1.6053458750276006,1.6212250539392012,1.5134424983494719,1.5619372699361522,1.6187154298001838,1.5526663628902417,1.47686159922553,1.4846849697156694,1.4079263837822837,1.5329302705761878,1.4388046650306965,1.4454085844765732,1.4594522513218622,1.4872974182716991,1.4659051052119463,1.4237467225699199,1.489973406799052,1.5394913913784725,1.5371104267897417,1.52172072218867,1.575353308915625,1.59048677839722,1.611701494120415,1.6643642707239081,1.7201780096953032,1.7061660135974732,1.7906765025189866,1.8366416155955527,1.8715673148057392,1.9935491927560653,2.0340059594694395,2.195994764284079,2.397134391133381,2.458032629692179,2.772394336654046,3.377403564622839,12.866876040138571,12.257283157273868,11.630188390877167,10.886912922143889,10.315327197376206,9.81548793166392,9.028098015889196,8.109442604429635,7.049482118081998,6.17245715956292,5.484128540041571,5.1002142007816875,4.682072149626784,4.326988220633071,4.124274668545013,3.922582584965265,3.6765825784031456,3.519915881054937,3.2208380151343587,3.0100936387339314,2.82160873998196,2.6719122592392575,2.508028095184,2.2360775786987976,2.1354141991250386
5.6,7.033568598796534,0.022743960571549874,7.122026130174851,1.993576533934999,1.911324680769142,1.8552507886685516,1.774087023209079,1.5619234878243733,1.513220177554676,1.4647357631183255,1.3993516575199612,1.312464029806066,1.279229214768108,1.3057581621059164,1.0646163911082842,1.0474172410766607,1.0407034604095164,1.0750558786485584,1.063453860222493,0.9897679948167539,0.9352573075409509,0.9328988806253793,0.8905928049267263,0.9216984286127711,0.8541301947907354,0.7770865665828067,0.8188570694952808,0.8229717289731815,0.806440406744757,0.7228037815560993,0.7392311582146195,0.7264723004053213,0.7531130585383308,0.7332874196406899,0.7277408468316239,0.726942092919513,0.736827113463804,0.7343425311963614,0.6608533780166497,0.6623626384137751,0.6564398626036422,0.7203634783911343,0.712964593492326,0.7282659035410773,0.7270840913214418,0.6377117653525792,0.6497009846195311,0.6460716508575329,0.6514213025781337,0.6336954059050761,0.6449603832122863,0.6653030696408024,0.723979253565951,0.7391758658390188,0.7404145789533516,0.7308342788811836,0.7229783415518141,0.720166503752161,0.733211582564892,0.8067306342585201,0.8492444027221585,0.8316391619093721,0.8611412856715568,0.8141170746400823,0.8224766693766167,0.8905469363160147,0.8820677899921938,0.988885862489037,0.9802940449377899,0.9658305848985956,1.1494261947581137,1.143250367567539,1.1698411104472128,1.2116778929970207,1.3065398385055762,1.3724053986773432,1.51496786394371,1.5623983154958776,1.7499872895328834,1.7775523979089418,2.0131731338796186,2.1607197388594686,2.4052623394566903,2.5537852714688536,2.993108509161653,3.3525755271420685,3.905813079474121,4.329304075988527,4.900813579317782,5.32729557290828,5.82099956608361,6.178205827810341,6.577647865093342,7.04001767678753,7.418947905734913,7.784246081369879,8.193827145070445,8.664116402234075,9.077346083199684,9.554153790454283,10.147183744362895,3.993709054329557,3.67944400280709,3.394477240707633,3.2068729150101722,2.9330823904573755,2.691841349838865,2.534921213654536,2.4656198126617217,2.3297767226806503,2.326105725282652,2.072082440030865,2.081684728674259,1.9786613742490857,1.8568244098535989,1.9162824290914695,1.821874397391319,1.8451818971138738,1.7636950098257536,1.6997725818993104,1.6304164034661357,1.6477066775740798,1.64443030359528,1.566523865905265,1.4645567075142791,1.561310105006475,1.500097519467184,1.4861844482844222,1.5052770899010115,1.4916432258628172,1.4657496794950837,1.4589226755334217,1.464157802003459,1.4478189645381059,1.4952396367167942,1.483523380435996,1.4223117618088825,1.4951430256109428,1.522881975781428,1.4482363897721597,1.4592160098208222,1.5517796602698741,1.5421965643326454,1.5760678740525744,1.600463203736607,1.7183377223950238,1.7269078509433986,1.6683773304968852,1.7848378032063537,1.8472444993653487,1.874426684425422,2.0118556692612573,1.9631802456214276,2.156851149726475,2.265745012388961,2.5310645468321438,2.712697002304718,3.3337308559641103,12.516266632416508,11.891176787448288,11.391840277409049,10.688832809647764,10.151778476264843,9.50793797940619,8.706100390998659,7.733632933851174,6.797494992905103,5.948235557465162,5.421895723695581,5.033537064283203,4.6520997903141375,4.465853481272577,4.14196761822669,3.9075439978335553,3.6261302297024107,3.514207659477085,3.2093291569747415,3.033736511757778,2.826260346427182,2.665004803208608,2.4547861583749158,2.312754865689048,2.146543667190457
5.625,7.0448316733773915,0.0118632437372767,7.151862803204094,2.063674390690118,2.0277382686527994,1.700800971487067,1.7069254151228852,1.6909784708836206,1.5886749309439285,1.4274101848899023,1.4112447151814385,1.2615288460172829,1.264249329889183,1.2071900988763575,1.1390371273598594,1.1366022464890413,1.046032401851787,1.0353269405731793,1.0446480337437523,0.9685273085043613,0.9049209811339208,0.8747943271254415,0.9250679908558317,0.8454434523125782,0.8559284762146696,0.7839593737380723,0.7864170848762395,0.8515972803946467,0.7730110993099719,0.7282005181137473,0.7243141173619073,0.7361785172994147,0.723503860690992,0.7203805673439682,0.7722825479336429,0.7608053010603603,0.6908028857075574,0.7044275260364488,0.6974701370589601,0.6884106786762754,0.7087482535467265,0.6083958105290485,0.6314071659992786,0.6146248673638057,0.6872848806476971,0.7058021738745734,0.700007392690885,0.6969414778793145,0.6961212135160305,0.7001505136027545,0.669353625672431,0.7317438599668731,0.7297172339146344,0.7187918283118498,0.7199644939196537,0.7758488835907751,0.7604753548404324,0.7624416871886581,0.7777881051229377,0.7830741896716554,0.7911910790246298,0.8581055604553636,0.8603763234171905,0.884950473096167,0.8851897458593154,0.8937321408818907,0.9578527582110928,1.0352800913018085,1.049933084176054,1.0737135753430274,1.0608319046133166,1.2019107410344432,1.1871130056626402,1.3862911108547475,1.427075104935282,1.3957627200294247,1.6152363674529502,1.6348892250681861,1.7817426359916797,1.9054968496456806,2.102073190240888,2.303514774173962,2.594888021351107,2.858933488211644,3.178360814748678,3.709691236940099,4.155602522699807,4.6324965710019335,4.9916252863939485,5.519468126357092,6.023180335482661,6.396917672301612,6.697428061132899,7.0366650298831495,7.491443839964077,7.8597664666892095,8.317106323655532,8.757614838851845,9.16046360200326,9.70186604887401,4.352712549839348,3.848677603322643,3.5593139598557255,3.241524852365547,2.9641413876055536,2.748466159698296,2.5566844473189496,2.5501799158247778,2.341308508300494,2.2980943624385843,2.1088941120961024,2.112492201872045,1.9283801454099514,1.9929648517971046,1.8622035538121298,1.793470798012277,1.8065004607194282,1.7113510025949965,1.6764918675446667,1.7622583790717148,1.6920452435764035,1.610941529050018,1.5491512930376012,1.632440958341735,1.5732865548916006,1.4792062064629772,1.4775818248548738,1.4865799762906537,1.5152681409603883,1.4352477087956572,1.4270641527290442,1.5317033194084353,1.5160320266285656,1.4687465675102722,1.466845374271737,1.4713405926094598,1.4499909999122793,1.5021209724272686,1.4793264355949143,1.4973760569955228,1.4941110576791388,1.5077762562666797,1.5340631626690129,1.5559275908487866,1.5597651195352753,1.5590470962734087,1.689523515120482,1.741291593931149,1.7748184427753309,1.742288398399085,1.847686262994198,1.974117777436311,2.0404010505194257,2.1161373818291733,2.2665378022180223,2.4798420311035105,2.727525585964963,3.1199791895393325,12.444017167965296,11.902391618992457,11.146802555741415,10.581040780222471,9.996334023036189,9.315360447997124,8.276060384599386,7.445523724389763,6.606940213974215,5.916706372639987,5.5220724076162275,5.0443045473526595,4.684670523890879,4.451081987634012,4.09306463692493,3.9995597885393948,3.6712182157472064,3.560366412747327,3.2912971339869466,3.168662850657561,2.9575324689820794,2.5845028848087637,2.558877048725321,2.2966907835109565,2.1767956107370012
5.65,7.058807489664037,0.0032715007847305654,7.181699476233336,2.0457884189285536,1.8857466886261067,1.8616829202739136,1.726296667268576,1.7439767961316393,1.5643947236551712,1.4234185739518082,1.4250441432163592,1.3445469002411792,1.3672597560041329,1.146943644513612,1.1628216418806978,1.170452374790034,1.055266485915363,1.07914733269786,1.0891930642951038,0.9801592422058654,0.9610694745537893,0.9593789104283602,0.9688722557210198,0.8756773066928477,0.804397636726435,0.8081617534072485,0.7962222448863951,0.829730314531286,0.8657535566052303,0.7682857564251943,0.7735258129629006,0.6986611616934428,0.6771195842417234,0.6921646409237006,0.664130903849766,0.6855351475320393,0.7818727716283952,0.6855012034453806,0.699895034737525,0.6989286934447304,0.6772132655435738,0.6767296652600464,0.6829337367405581,0.7081417627579519,0.6765894750996301,0.69010927936797,0.6920702045058895,0.6978950162560906,0.6892132851964776,0.6842303806373923,0.7037953048290583,0.6716963570376258,0.6929291566607133,0.6991094195292935,0.7758964960540636,0.7909783612110561,0.7802346619089594,0.7885074502203644,0.7798650071307591,0.7623394216918015,0.8532242024726968,0.8898748938248657,0.8809325165344905,0.8972844080894837,0.8779338909525869,0.9313361949247423,0.9119678632350348,1.000460361277565,1.0956586820435643,1.0573563335039802,1.1759595413954385,1.2288941131060267,1.2144982487501956,1.294159971128046,1.44940450956532,1.430486661299566,1.638256186103134,1.7187028868394654,1.8750847055620088,1.9564002702487147,2.174922024215275,2.4704981704672,2.683922603232112,2.990679400511486,3.5478057865751125,3.925680748315009,4.3886998569168005,4.691726876877181,5.143417752920643,5.634402631423626,6.040102955727107,6.39032286195391,6.746359615191774,7.035928867515726,7.550894999573825,7.833023162377336,8.3324555021394,8.707963988036052,9.277491194118566,9.831175268220903,4.19336150653021,3.667776480983282,3.350104365358399,3.089178140732484,2.8760369969729034,2.6279617839952985,2.6080822189295723,2.4119970906946246,2.28445469363486,2.212881211468201,2.1151619734938003,2.009210292377987,1.9920675212865182,1.897808936104044,1.8026036833777772,1.8048398146761013,1.7672568756046825,1.6978603749658023,1.6792052098964978,1.671483759359505,1.6285830667416266,1.6693300755677003,1.625683272164769,1.5354493657641775,1.5463771113892306,1.5401991199035079,1.4879025453918275,1.5048866552147342,1.4984589196677487,1.4194957696762256,1.4606347903456147,1.4537248178727686,1.432688826286304,1.4595893983988157,1.4908242442049175,1.4942077942196446,1.4922370126505655,1.445053079767516,1.444659706005109,1.5203344947453392,1.5218354570946186,1.5446190297331406,1.5370914337078667,1.554799290918466,1.574591674173353,1.5601505900010333,1.6696020122265776,1.6833023795822042,1.7543638105713468,1.8495604845825784,1.833066993658698,1.8929846935324577,2.0658502643064893,2.0868512751372896,2.1997110380585516,2.4378359149590603,2.644959055498104,2.809272662564419,12.333280658443053,11.734309218895449,11.13405568043729,10.511782131176979,9.86037044785782,9.196694165696846,8.32624970357354,7.277770014980344,6.492992919799335,5.870389140718907,5.386926325980917,5.12564796560787,4.798878398715959,4.592370277081321,4.25072298023481,3.9549870667306064,3.804588803402725,3.6113725051872154,3.3152527764928568,3.219321967981041,2.87947532994877,2.8234870700052914,2.556388860798736,2.3504809113099285,2.246735853895138
5.675,7.0745950407815075,-0.0007662389153531424,7.2264544857772,2.276912922512058,2.108724421751744,1.901015202005469,1.9437411570172134,1.724517521726263,1.5950310329592392,1.4699618964884666,1.4807024433559106,1.366123533904255,1.3726977635170896,1.1592211152928604,1.1569140443237045,1.19655191797438,1.0928653810986462,1.0804080009696553,1.0786279088935553,1.020505126346016,0.9669617339323884,0.9368290213378601,0.9333239933324354,0.918206830410608,0.858140508555862,0.8423323531596726,0.8248352846074929,0.8009578741144666,0.758126654679974,0.7585503027696946,0.7838234134039899,0.7642293069899472,0.7789981628038053,0.6964827906389783,0.6861108269942954,0.6809669661354889,0.7935547716964843,0.780301453822775,0.6955730259077035,0.6858135084713708,0.6835876021137323,0.6948254276748019,0.6932314265348343,0.7103504275505891,0.6789954358561084,0.7030391672914268,0.7073394558505279,0.6852845753111366,0.6925848447552072,0.685870914019922,0.7008667320320886,0.6838554499340511,0.6927427384515946,0.690884668196867,0.758089212154796,0.7758520951363744,0.7556838346811356,0.7598454933124512,0.77288734535517,0.7768523837911798,0.8530402843521738,0.8496382774295707,0.9397628632479639,0.9294670307397945,0.9546057495251156,0.9541537255343158,1.037113039918037,1.0187904379266033,1.1124335485637324,1.1439651099906354,1.11696634499862,1.2375014224920455,1.2670578097690208,1.361998236752133,1.4626906201486432,1.5113023402852028,1.562954881684298,1.7613526767939764,1.9367178732466752,2.026173558889273,2.225434131490421,2.4959118402331413,2.758207085020993,3.321239860101987,3.4992893687745954,3.8592143321001235,4.349014488637665,4.738883832424426,5.188573692122591,5.705974727526759,6.028543523428963,6.2743206616768425,6.684796970537477,7.125725037292011,7.379873008696593,7.850481238258524,8.282978447476419,8.721851119207944,9.181728392238718,9.77743578271608,4.032955268419366,3.489761206644745,3.2350515700201923,2.933514397108402,2.766142318734658,2.666878589224557,2.438137599683686,2.427346785442049,2.236137184029241,2.1744529542178355,2.0731794103999737,2.0603238097357255,1.9315708989910563,1.9189426096842088,1.8558305451725332,1.7550438408896774,1.6845118019317962,1.6865763445618378,1.628734921154321,1.6154725765402158,1.5643653501316783,1.6354132460560664,1.5626215771824516,1.571994563759676,1.592734409215361,1.4979039129379812,1.5251473703242138,1.4436847002258135,1.4382993555784456,1.5073683679366712,1.4596137465307204,1.4543929237762858,1.3796674596298706,1.3858910244514586,1.476519702833021,1.418566422809302,1.406733206925767,1.5510596404944936,1.4504997071395793,1.4629183726168897,1.457222553560449,1.4771723501375453,1.5696499762892222,1.555278970817694,1.5198786630598047,1.5978048426633094,1.6205271408928135,1.616164649822701,1.7295142140723923,1.717498400543575,1.8425944654071045,1.9777109926245775,1.9203551174221793,2.0939085518470004,2.171393122843036,2.1976749029290885,2.3883016393180134,2.740632328547564,2.945106320045204,11.85642838323314,11.203432931148788,10.586926774530834,10.017426236658386,9.162289883070201,8.320798265670183,7.4479913139953515,6.576663631933398,6.048905167410302,5.649558917236935,5.353721642080055,4.972574619768553,4.778176816692188,4.428270448378969,4.153443341045253,3.9655755042029086,3.809318434564872,3.51350530306312,3.393005278755331,3.0477500428948354,2.8126067220668682,2.678759147904223,2.425726306407227,2.3757513390082923
5.7,7.092465715372471,0.013025279136880279,7.220127320600571,2.284367564208161,2.2030464064590003,2.0928574503612625,1.89983585062575,1.7151447579460057,1.6952322197417893,1.6737478864313409,1.4851667220151703,1.4504735261627526,1.3688822393560642,1.3523967147549503,1.2211258190303294,1.2241668804053183,1.1300966691923096,1.0592536359311209,1.0690015126992145,1.093395254829403,1.0081215146593785,0.9347832842473242,0.8464339886124825,0.8503844619608395,0.9300631484617807,0.8702580768170821,0.8098858279829112,0.7958512607151595,0.8172568761616329,0.7986740999561746,0.851673641960769,0.7749845305483349,0.7821518391280076,0.7660500509747914,0.6797067883264523,0.686447529950409,0.6999279440200629,0.6928221171419608,0.679369615899785,0.7567209593054269,0.7789297947966837,0.6998855722727558,0.6982249191943722,0.6907530807206165,0.688401464767262,0.7024161505338871,0.7729572008513,0.7529717349101093,0.760273609114554,0.7687774227289462,0.773564108737848,0.7494177019892974,0.7720335894887908,0.7638649324791313,0.774130146224801,0.7859215310904346,0.8613705645872209,0.8067536689002551,0.8034242860940944,0.7876166364772691,0.8730670915110076,0.8683091897569254,0.9273920699443223,0.9222667879040416,0.9276801926611202,0.9599838560709807,1.044298348609694,0.9927474003606891,1.080274862260934,1.1696010202766032,1.1701973188681574,1.1993378994654396,1.383580865548183,1.3392311248854167,1.437911518615783,1.595177422821067,1.6404979743791603,1.8319704595823727,1.8697697809385754,2.123307211307815,2.3151170845973468,2.573858898877265,2.898093698662516,3.2286419927384413,3.552950387813878,3.9965577601871902,4.335003706415912,4.664047893472208,5.074111381523243,5.476574989983465,5.830837380330312,6.1553725389070895,6.499131382627478,6.948736312648016,7.251235345320585,7.664656402556291,8.158323128866035,8.494034990682016,9.053769565561918,9.583271460743742,4.212282899528478,3.4869091122488327,3.1900860082180085,3.07307214057904,2.7295462015259275,2.545997161396828,2.5568923454821393,2.307257380820397,2.2860897265740547,2.1161933706112896,2.0993363201946593,1.9682228765077592,1.9207315107278218,1.8635692293405988,1.7507597000417474,1.7502960440637907,1.7490400103004293,1.6508279580869438,1.6104208199670287,1.6381282840742188,1.5621392181815774,1.5641807977773199,1.514911080748918,1.5119292712410577,1.5070881731778658,1.4235845977204986,1.4578862067901073,1.539427002413613,1.448218044226053,1.467687114354151,1.4153339013031865,1.4196591096706144,1.4857367781235848,1.431124998863976,1.447627212768377,1.4535109390070178,1.432474956599248,1.4647163118342967,1.4486166633612994,1.4471894740662847,1.4915468272991037,1.490269900852925,1.503054668101064,1.498558498340175,1.5332072136246948,1.55244520299838,1.6591418317055615,1.6341064965339642,1.6733444749399164,1.7425030797403551,1.728231508203899,1.8602971130660229,1.8616343416698227,1.9435520050453843,2.056524132746785,2.1837568449353193,2.3417013233070447,2.4135363417272586,2.7490687500116673,3.1748345081338614,11.431174231986859,10.870765925405243,10.208227638349088,9.517867630476053,8.679198752197092,7.733667909617901,6.943158518159863,6.294869760717986,5.876986896132178,5.536958208626577,5.161502145075085,4.935039953122088,4.616766894539737,4.317878135522234,4.126877484375759,3.9204420754227645,3.700172587623634,3.432622267594321,3.1980224708930467,2.913149614562774,2.828938780462072,2.653707345183355,2.525814165538934
5.725,7.107163349201521,0.02104419433738532,7.225944750305076,2.4130549529187886,2.3443384101046245,2.0749296807558117,1.942111919096359,1.8498412481207067,1.8273202625304819,1.6778142623338987,1.5092189981059334,1.497265980335878,1.3858172391045491,1.4094151846798377,1.2548177517541095,1.2453542863921145,1.2403431729184589,1.1564687135807512,1.0532342924217002,1.0172076062395448,0.9940856134976616,1.019573967830429,0.9043824076734869,0.916737605729306,0.9056715843058105,0.9094788540417696,0.9097837647341259,0.8314166350913762,0.8090670115342748,0.7254879403623715,0.7488523740543797,0.743156589071902,0.8226022640621916,0.8270422084767834,0.7505862105135211,0.733144151858273,0.7422277065171132,0.7320418777368906,0.7556492057152934,0.7531980311981787,0.7390191649265951,0.7428402926724811,0.7457942305858163,0.7487887084451341,0.7299429687825992,0.7408181099119892,0.7499953082104691,0.7442353259837515,0.7511247252230014,0.7290472993120165,0.7528567756826134,0.7423064042065775,0.7509997721797933,0.7257044376584949,0.7600444771032228,0.7502339160092854,0.8360579218391717,0.8145195503772417,0.8596152358759875,0.9074598553119778,0.9074764973784201,0.896633291701774,0.9018834204198677,0.9758565748207739,1.0071208541301844,0.9910596827765152,0.9974040009049974,1.0952455894734647,1.086869947297517,1.182398428083032,1.2314923098129549,1.2165921439205816,1.2694007403005003,1.4017518784196126,1.4680716239750164,1.4835955759010044,1.6667378638698354,1.8238688632349864,1.9599317314057674,2.161892675911147,2.3995686015184763,2.483523470561261,2.9524585552966247,3.051595828483556,3.4493670364186833,3.8899783739915286,4.146045664933575,4.533365289012556,5.004651982728894,5.3337490722020995,5.669705295037087,5.936636260326951,6.297558089251244,6.732324588891527,7.033567259151449,7.387905146788994,7.804436050774413,8.297759828494025,8.725851990049604,9.299169366231679,9.802026874617718,3.646791794266132,3.197475754687083,2.9412090389049625,2.8063596135508453,2.6181569303013195,2.4084856250087707,2.378363488816684,2.185871830046887,2.217470132684618,2.0291972501730595,2.0368846331240564,1.9496690724815873,1.7800527016675893,1.8062744437387332,1.7794109566331664,1.7063512068138524,1.6384611424960245,1.6518289301944955,1.5996538445367274,1.542153466963019,1.552645622813262,1.556294238542958,1.482068718316027,1.4460083368785366,1.4442242227819972,1.4314150911048735,1.4423219024703111,1.3925564443664276,1.3990632641046818,1.4654656321883175,1.5033228976886492,1.4117124338530886,1.4119377612968909,1.392264424355121,1.439833851684119,1.4364542516272345,1.4451378277561937,1.4014007360111187,1.4117620029677351,1.3901243760597768,1.5165674190244853,1.4760863579241403,1.5059963591910934,1.5542680833947422,1.5535089792509722,1.581682038684764,1.6119634521301225,1.7258535549264054,1.649133578266,1.6961567930498123,1.7652513259145652,1.8277027166400794,1.9003192749384017,1.9310446881984884,2.153770200942179,2.2206049049275434,2.3057072484653043,2.4251969231677806,2.763419982604447,3.3082246097968517,11.16751590070361,10.639166815601858,9.935857611754177,9.194968431024897,8.28308478523882,7.305184469652613,6.7318317167444555,6.1897878042638625,5.8269391024073975,5.4484327881510035,5.2248970011011595,4.925518266177643,4.635237580530904,4.382768787173029,4.145481480496026,3.842219862416403,3.73913225213104,3.419089274081053,3.183013084616573,2.975714097715385,2.8129785935175695,2.7494931830605323
5.75,7.12095731650961,0.030126843476667872,7.231762180009582,2.6032435294674974,2.5622481951612177,2.291561176514139,2.090903497881974,1.982937267235854,1.8224784734202162,1.6420864686498262,1.6931836233159476,1.5296157756187003,1.5809545610168125,1.3632581271556496,1.390579214546623,1.233763597532786,1.1517195067190586,1.1866888245758258,1.1618845819462862,1.081704019893964,1.0659296116562642,1.0566364384813571,0.9820745322435895,0.9786106778672035,0.933395011502759,0.8421408823917249,0.896499778331604,0.8756450719480305,0.8902542546940592,0.799046684880691,0.7912768981115414,0.8442478083300947,0.8259552695154732,0.8090643515832255,0.817725586699197,0.7960727520280162,0.8069305326622792,0.7507097550352657,0.7036004250410095,0.7173083990596097,0.7236466804913317,0.7207207005219399,0.7295752402709336,0.8111648944090643,0.7965213520315787,0.7419700347538338,0.7248457739908848,0.7201747382304077,0.7049171267006642,0.8013392430116584,0.8022471579776629,0.8092092956411909,0.8174796552489494,0.8112369171914858,0.7956918870924146,0.8127537753009706,0.8039591119757166,0.8053199593994743,0.8120625728918668,0.9218643448504765,0.934600898905514,0.9178501820961478,0.9547829805096798,0.9656999312737972,0.9549373887576303,1.0306860352688663,1.046804805714746,1.1139361683467732,1.125818290335885,1.1366942235225823,1.2180134652912469,1.2471356957389028,1.3242515839710771,1.356572469609131,1.5124053236122608,1.5554776229938008,1.717860384307053,1.773021444558397,1.9430835924944525,2.0300047389798714,2.314431830835522,2.5256280335139403,2.850479221105623,3.1681504801801883,3.3771701793567623,3.7229033154391455,4.0348429851276935,4.327375154801572,4.800180729113507,5.150024067238387,5.4903953732119035,5.695646101676598,6.169050923478588,6.437850949117316,6.820242834666218,7.145257129107106,7.548215324697888,8.043798071566787,8.441512093905194,8.960258565276858,9.54444651901847,3.8828166561869297,3.4424897151397658,3.091447532148878,2.7524620624521496,2.6479278678267315,2.483078730660428,2.3018942877834996,2.2133713598208966,2.147916147731657,2.027436647398777,2.0002467087422198,1.8939313921271146,1.8929923846511365,1.8842292740800184,1.6813267294352918,1.6624081319390922,1.6813927331449305,1.615598656458227,1.556599597750317,1.5469937161292748,1.5568339729305898,1.5472074331969952,1.441223169356908,1.4180436854395075,1.4834912315073734,1.49729316189303,1.424879834481718,1.3828821120680188,1.3669740412846172,1.4611126449753655,1.4552093764672684,1.4178003168643722,1.419168683410138,1.4143796463098528,1.4474655847439697,1.4507270449862328,1.377788350265552,1.3826514230337088,1.4740980462473532,1.4499198278926608,1.4651914097655245,1.487108916961256,1.412200916595473,1.5040721555478749,1.52539972726022,1.5244770376835441,1.6178340664045288,1.6698183833843243,1.6350203057932728,1.6186241271692712,1.7460226655277375,1.7512691570300158,1.8821975966365876,1.8738742443074154,2.012451085233776,2.0762888679203395,2.1609849786633513,2.33837499627156,2.512765969799873,2.8072358382670357,3.350583781073057,10.949432918230125,10.359324260037448,9.636854137485573,8.76734037344862,7.919000924642206,7.065514710534727,6.408977060976473,6.166531570061093,5.7894163107419585,5.45028549387312,5.1197031106334645,4.845646912943428,4.693075102942715,4.378491957424042,4.135220519595177,3.913182332090368,3.5636099333457105,3.3646103234243374,3.2133815428127255,2.9981497310657526,2.903473821011322
5.775,7.133955407318487,0.03775451884179388,7.237579609714087,2.7710150319563702,2.6276276557944085,2.436984334436611,2.3186238098134155,2.204008439495734,1.9912284794849975,1.8260512525548396,1.7294369754362702,1.7214628299526722,1.591106960292199,1.5354434460234725,1.3594043526075956,1.3245375651816447,1.2632127033230185,1.1708443043925802,1.2115339582975786,1.155644965201395,1.0467074075766876,0.9889378938110795,0.9779096689031235,1.0034878550255113,0.971336584138306,0.9385098941797912,0.8785607959313664,0.8781333768498816,0.9853747198164544,0.8848954981661534,0.861722177599264,0.795004596895594,0.8218417079465973,0.8171828889818138,0.7327453525951128,0.7996320695710484,0.8065875364402031,0.8067945581880144,0.8090087818180415,0.8055560264598324,0.722874935037632,0.7193156987870858,0.7975701812247881,0.78419277095373,0.807655945858196,0.8205762177323033,0.8029459068311655,0.7922203936922981,0.8046011793137028,0.8046566314314898,0.7995390295990376,0.8045416134537291,0.83793148109622,0.8421765304499141,0.8392173143936631,0.8257495459219889,0.8908217147724984,0.888762219624357,0.8896516694075581,0.8853928105732604,0.968425349300791,0.9627686875376483,0.9937967027683433,0.9880009600344257,0.975047484022265,1.0369288612671386,1.0222980119690732,1.0831472064316234,1.1346485849245984,1.2134551708510797,1.2065947646512274,1.2831510012865182,1.3233363423581923,1.4072513588663043,1.4134043189125332,1.554327736625548,1.738022349528378,1.8425619747712962,1.9870738758146052,2.103129342434497,2.355798941976466,2.5883530398428065,2.715691321896675,3.0014683976524736,3.376289367808089,3.6755424533115444,3.886938779281471,4.260300421222196,4.6648295517564895,4.9405853617059075,5.315845528454096,5.488552566967967,5.874890616412063,6.153505999611115,6.537356589382943,6.961841715379646,7.352161740418792,7.745960783250214,8.159310101331327,8.630484616745413,9.22895601981677,9.90043391218266,3.3410029232433187,3.1145735864204696,2.866555396202794,2.5767279745620626,2.4524062857315343,2.291612789862601,2.2805608694965893,2.0848758425328366,2.073575336283819,1.9142079030434753,1.9249264094741532,1.8263527743279206,1.7510845670750084,1.7129937864742861,1.7294025721153188,1.6648625269074664,1.574084278326902,1.5809481617183891,1.5594568018031463,1.5042219881966228,1.4961256100048042,1.4985666845941599,1.4987755236203641,1.457107727142582,1.4487033539365834,1.360924183292428,1.3727429672223836,1.4103410765882536,1.3972461743073952,1.3910276117066862,1.3408116992082608,1.3361761647217003,1.4065257016891863,1.4210087707336578,1.375546693136046,1.3815302621236676,1.458796316673489,1.411914450971981,1.423896395056131,1.4013965264422859,1.4675719460573105,1.5377218805540251,1.5166185040603926,1.4753783201584518,1.4695736450411783,1.4701948706644519,1.5795483007067543,1.5801297219188406,1.7417159896061372,1.7482173548868096,1.7576788101482927,1.7420908577761316,1.8393966835672926,1.8835572429800176,2.0115954534744422,2.1661850673987915,2.154511024436266,2.4502342146967093,2.539578368423308,2.7333715741151288,3.4985128397731855,10.857642619093815,10.01924876534891,9.201892986010131,8.285028307712887,7.428425963788259,6.951321197209081,6.50293765890389,6.06272856831562,5.659777965387497,5.466013417376825,5.176001793555886,4.977915414579401,4.727349689149132,4.409553342415003,4.233451711611497,3.915566196389015,3.6868976170945906,3.3448068375732136,3.28841642434921,3.0589367572198456
5.8,7.145786366505715,-0.009474314148171663,7.10340525995026,2.85614549529529,2.819214040810265,2.4681167574506535,2.3536910909788133,2.2308350299694677,1.9667351162347464,1.8866227189392135,1.8829106316453628,1.7025081009016518,1.580335973579056,1.527940955915024,1.4456250046052321,1.3709194683942292,1.3389946432905144,1.2614871453092897,1.1733869488309494,1.1392164904657878,1.1662823827388358,1.0773034621275024,1.0128690112814431,1.001458893976547,0.9966607735873169,1.010529342616458,0.9240769716453351,0.8877201857616709,0.8814476731495137,0.8869431668758542,0.9295359481542914,0.8384549168408437,0.8437927105178772,0.871708355918459,0.8383220390868562,0.7520242906823508,0.8436355168102263,0.8562991069800564,0.8626529402888589,0.8427168595494625,0.7514091823449645,0.7732511850114437,0.7606076244044091,0.7807195646090418,0.7715712349931095,0.7859952472698755,0.8352092112537384,0.8556652633195571,0.843113585388628,0.8650959373667061,0.8555674077543487,0.8194478147423804,0.7650898528064874,0.761303314601937,0.7775796718656052,0.8765103899361031,0.8686425966905307,0.8954618439230493,0.9154153451590609,0.9123140068451475,0.9294837360368824,0.9283214046513139,1.0219919843617693,1.012324097215761,1.0305072272236506,1.023347666879632,1.007460174174217,1.045337949710529,1.161155924146873,1.249162229451732,1.2572287115010192,1.2639891330929747,1.4676530881787326,1.424576349968542,1.5921173793648564,1.6806625266203588,1.8218637880767996,1.9146847115166705,1.98080039784841,2.165050683822018,2.4072596795750494,2.541159152247475,2.8433041847912524,3.007654118868687,3.3289550711610207,3.5779181817365457,3.821193848820143,4.1673772863535685,4.507002096513457,4.746563708255445,5.138812652945924,5.372388692956856,5.770379564324986,6.018328950597505,6.352129006292601,6.718957106422518,7.1617416850758016,7.528259698926227,8.024757703066642,8.511819521935243,9.061215052568055,9.689499353062173,3.4757412553622995,3.1728041731984584,2.7606015143032976,2.701405581854758,2.409744696177155,2.319718834317026,2.13443877273814,2.1228461686905997,2.0268010380752344,1.9863601134503233,1.8783804748762691,1.7434254954799453,1.74314287450242,1.7457322677230234,1.6224955405624573,1.610587257381393,1.6227257048143768,1.5315968311321821,1.5382054658068636,1.4716128591817288,1.5539146383258542,1.5080115956436295,1.4076957314132383,1.4073880254394608,1.3421997125715361,1.4361427242553764,1.436085139712849,1.354770649948764,1.3896387088935942,1.3074668474951128,1.3873420106113021,1.4219471543707007,1.3429514310432307,1.3334446167629483,1.3497977929465688,1.3573020346563789,1.4085704809904642,1.337194156334154,1.382337849451012,1.3912899366892009,1.4481538945830335,1.4297660950942412,1.4071242062328755,1.4932498909040894,1.5330977186859995,1.5563552194147554,1.5427059169416077,1.5810249736299102,1.5734604840553432,1.70096827866924,1.6443005756370965,1.7772247614244079,1.839649435419245,1.8605960006845763,1.945297061972462,1.9713060669850158,2.1385723911750367,2.233165373916945,2.42996616684611,2.680977322679995,2.9544386096355026,3.7455219211200874,10.372644745284498,9.521346890270836,8.596543271463837,7.946710438467003,7.187293084058072,6.717558134077491,6.312042679401136,5.939747323708394,5.733940249991639,5.463322707704672,5.1266832251129815,4.901198729398364,4.667115830282349,4.411016826173995,4.065127523962424,3.8194728761495953,3.5671531911535967,3.3518103558711254,3.145154061967733
5.825,7.13010754106447,-0.012739029183252091,7.113327364673357,3.0840078373840067,2.8095084610677965,2.5871398665006935,2.560043399385152,2.3507787130859534,2.1852634499786223,2.0610728041857618,1.8905045268674878,1.6489609238941385,1.6944717427997056,1.503555479368598,1.5061830137039076,1.4062071718489655,1.3301141274075905,1.262900536366417,1.238289275720271,1.1393435640388074,1.1971102883769331,1.1307247943741443,1.060818524195118,0.9761395874293202,0.9604835901959321,1.0051984588362934,1.0155328567100768,0.9345942041216778,0.9246261803553086,0.8637271913299015,0.9022990324122565,0.9086906821115153,0.9115643741906045,0.9273483417008015,0.8416810386069818,0.8268623662670509,0.8525671151377615,0.8436866023830881,0.8657334037872428,0.8154278023806516,0.8376499364155349,0.8370563067115306,0.8385415668225866,0.8272849587788387,0.8320837495625373,0.808538958506338,0.8329242137380161,0.7596135781490423,0.8263937539650916,0.8239416249055884,0.8311645009415851,0.8275874513232877,0.8329851737514044,0.8283613320917692,0.823957030766116,0.8267905740874577,0.8236669784902602,0.9473245611247116,0.9360303611055603,0.9552988913392083,0.9335951930447698,0.9707353551922936,0.9648282328765085,0.9908759374094874,1.0715657276660824,1.0610855574627893,1.149799631840114,1.1601608623647477,1.1824648253636796,1.2399308048671853,1.271291510529808,1.2834492212741897,1.3420888599937304,1.5247995655399846,1.5642731842198208,1.7605934115331638,1.8034716522854346,1.8084244437963755,2.0439429205169692,2.294577117738062,2.376547881587713,2.6435556751572284,2.7693079395773514,3.0965096176742257,3.2601593131664455,3.515117252895178,3.763181320499583,4.110636700014016,4.483326847127915,4.739285512141219,4.9063617003145845,5.314869322537775,5.591813195856517,5.943412407598176,6.211654764800796,6.634059300893645,6.939819036608108,7.355486611388369,7.84698870397662,8.275209009134342,8.909427551682965,9.518123226746344,3.6683831181734843,3.049033338154151,2.852256601821753,2.5425190659313475,2.4332406007779,2.2852360605541837,2.1691579808668338,1.9767442281099041,2.0265987346083336,1.8975028153715876,1.8416890227379008,1.8328491529891766,1.6942521464410394,1.6533078365613612,1.6764534320400664,1.5894766185664895,1.5419340238877208,1.5052728480464221,1.5001421242979531,1.5127207347143008,1.464850854479008,1.417710021323797,1.4568689694145702,1.4238686314633295,1.4483573499849347,1.3669267534203169,1.3644239244343717,1.274984564415695,1.3885566822119813,1.3921411879023027,1.3327890507448223,1.33701579837334,1.3444708605328504,1.3304495878106692,1.416635145659132,1.354876395096129,1.3760105315056832,1.3764747096023915,1.3021655997166042,1.3957420919131807,1.4068069181633593,1.425185198719866,1.4284002815667907,1.5240390756754407,1.4708680127664282,1.53421035925246,1.5273689222593876,1.6244457275136686,1.6765503396385582,1.6138222768289545,1.6694807511242102,1.7488982187503737,1.7769936522546617,1.928456945392555,1.9640627653360363,1.956040645314186,2.1234820997465262,2.2034736811468236,2.250836476522925,2.4017181899076485,2.7326243764867235,2.9702521857001853,10.526058896293634,9.8431196250357,8.93969153909214,8.037158209020326,7.390547008998536,6.914390809567208,6.564447153016826,6.287685686368314,5.9109967736863664,5.616583778542864,5.352629200790707,5.063060131328966,4.769502789017251,4.565181092918718,4.237605672632986,3.8961521800004832,3.737848763709254,3.5623010470941043,3.283300520473144
5.85,7.125560765557612,-0.014867043524947743,7.123249469396454,3.2438618127741345,2.958015069166569,2.7532740741049975,2.5214784833409816,2.3451453306573513,2.21522790996568,2.0616216553091884,1.8177986715741956,1.8150533698480755,1.6521644701151919,1.660181759802691,1.4565327727421535,1.477245190387239,1.3742874751150675,1.2966920948060279,1.2973522505412376,1.2238947192208562,1.155823156724157,1.0884986783409045,1.1144744783256033,1.106874244250487,1.0392219971728929,1.0395192789877385,1.0418510190153434,1.0544823382255657,0.9371913064291162,0.9467737451673204,0.8850162920027209,0.9152395740741149,0.9207813735064391,0.8757227906768368,0.8872161406018811,0.8842290049280588,0.8824727160473333,0.8881725479644014,0.7878035403499212,0.7873848875646166,0.7887396625061379,0.7926404021122968,0.8937818510255635,0.8851236991190341,0.8879957868159256,0.8808653343165908,0.7827151663645157,0.7957178800261879,0.8112975802847003,0.7898083042457787,0.7995031564351193,0.8889666106902563,0.8742606923344584,0.8763908021727118,0.8807113361778146,0.8765212447186128,0.8680131714065553,0.8858303420288929,0.8746161256463403,0.994000486131613,0.9722431672371045,0.9825777496636816,1.055246176955207,1.0276497125021964,1.0202568208258889,1.1980784309208927,1.218334368485784,1.15118278774549,1.207141563066954,1.1904895124645813,1.3405974569557577,1.4032306463097983,1.4113706269881068,1.541666572830787,1.6366037152651938,1.644323243687013,1.8552488807179388,1.9214033081505375,2.1285764812587016,2.2049449396932017,2.3078576788179395,2.554371286380996,2.8328860723366445,3.009831046110228,3.241224050268864,3.500035216768067,3.7352955205146587,4.072079854652308,4.453842775884934,4.655615275700673,4.9216797430423656,5.244988689914325,5.4025483788816775,5.878553383070637,6.120331808380199,6.485751494774473,6.808220617380273,7.1452058923720685,7.626573371894111,8.103790046554286,8.56582603019408,9.318675846086524,10.135818316705697,3.00491342047494,2.816033096002678,2.5116453424542597,2.3764226896116036,2.291676070277894,2.0675405576813186,2.1023633207514907,1.891286130318295,1.863793245360119,1.8303088946239296,1.724938601450418,1.6467802731517456,1.7352130222575761,1.6089443620786876,1.5194542471830603,1.524843059086967,1.5210330208501623,1.4583355405788914,1.4856579289068603,1.4052606914336718,1.4129610020857972,1.4212262054688232,1.4174178893712885,1.3318296496866644,1.336571279336764,1.3686764798756275,1.3675838417822592,1.3726890605108395,1.3162335278211912,1.2839984011364187,1.3125154253270912,1.34705393156913,1.349155663320216,1.3549460120713324,1.3027101232667941,1.2939044346037922,1.2926405000896977,1.3988569801531907,1.3810278348871703,1.3774901370322248,1.349276235890945,1.3449509889478404,1.4364883126673567,1.4416557449045173,1.4418004515251748,1.5666145993153437,1.5882494159734672,1.5398159297303389,1.6211437128851296,1.6812054353098973,1.7563839868926148,1.7256171143388814,1.7511409692869015,1.9406362378232893,1.9891865667308553,2.0768958923761667,2.0768030727949727,2.1870804713653302,2.416179281951033,2.563864104216735,2.8769113276058755,3.365164300846884,10.102086992279038,9.183154294352143,8.424591689004256,7.702044246490862,7.229235304397185,6.681494149286655,6.487345237415691,6.09593261340188,5.798293378255783,5.535836378879704,5.245096653668993,4.964479629253622,4.7295947523215025,4.509067857550077,4.080431533850417,3.8819141213406643,3.7048614647505635,3.3269520865630207
5.875,7.125625296778901,-0.013442749239914037,7.1381326264811,3.396803890503979,3.123302081253725,2.860506977971979,2.7262071242396773,2.532185460762271,2.1914526302250072,2.254655013814597,1.9561451079092347,1.862203207766339,1.8221642835534555,1.611747549927239,1.5772438328186014,1.4494134935975052,1.4833255006682065,1.348475958044904,1.2805589076506219,1.2689964066051103,1.2614743745529327,1.1914684405795597,1.1491695240701723,1.2138282893256176,1.0976962365864111,1.059985442491993,0.980155167012062,0.9673598059964057,0.9883303968947232,1.0258706088128358,0.9463104598459493,0.9527428535232622,0.930003724160949,0.8766806967478092,0.8527848751795997,0.8669821668324231,0.9456283941331028,0.876722049203056,0.8616845985229636,0.875834768236432,0.863280690596512,0.8819257351107607,0.8772591699848704,0.8756324586534691,0.8691455313243998,0.8856957999556767,0.8682497240755047,0.8781681561634482,0.8597509927234751,0.8772139287900851,0.8783395530532558,0.8579249356884678,0.8547415528431175,0.9363156828946949,0.9400711018859962,0.9606965518860423,0.9646298601685603,0.9500487407909746,0.9482922937274268,0.9427388063010095,0.9487678884919104,1.0631333800879967,1.0567498209274728,1.0751282441170305,1.1071101239224304,1.120121864622081,1.1589775492449377,1.2845494759789997,1.2245272386150083,1.273646131305515,1.2764569603544096,1.4432556481305743,1.4863490450177643,1.512060854253368,1.539125802237877,1.74426595770274,1.9080598806420042,2.034613114670268,2.0729258656762135,2.143532336692814,2.383986627515566,2.4882268044214415,2.7817654130602882,2.9696886717539783,3.102266886708856,3.4126975360804077,3.652629362486108,3.9728534862000466,4.238518162859639,4.4969157253694245,4.725019414189196,5.0747024495773285,5.2518664800900465,5.718661460106405,5.947027413859452,6.247672862958481,6.58896989510447,6.96061976114079,7.419835174913255,7.902362001361528,8.3443316281089,8.970166247506727,9.643056020768586,3.249470264032442,2.728598880841481,2.6844393509667883,2.3195534214515745,2.2556875618307335,2.1881001340325192,1.9870520940668164,1.9957378117270788,1.82528071305994,1.706436757720193,1.7287724417693509,1.7372636022402435,1.5897911357747112,1.5529105806123191,1.6077580093781378,1.5062561223872983,1.440038274406798,1.4626644975329057,1.470540259793046,1.4729524305151491,1.3754252335165984,1.3338692889155475,1.340527215510192,1.3349877179841672,1.3744754884708956,1.367987276051044,1.2734880490610452,1.3039428309988674,1.3157470343019564,1.2997302718960007,1.335761946787597,1.268600929974672,1.2847569892306343,1.287101962217778,1.2793521183959518,1.3873894291332163,1.292790605511158,1.2884161711021789,1.3459603755792682,1.3339255159620924,1.3381987242021434,1.451526445312108,1.4459199373308897,1.3756859037544151,1.4581469584351396,1.5510854374474268,1.480888786824441,1.5636426568312678,1.6653649815569729,1.6506182757902896,1.6863179149310328,1.678327858444757,1.7999941670694084,1.7864114782181693,1.87002251298946,1.9788286061742792,2.1251599100104492,2.1754003110644766,2.354624995010752,2.5024263085370397,2.661710456942303,3.0071839151792505,3.6192992550811143,9.692763942462044,8.845458204841943,8.022127570732172,7.548603424200246,7.122264836786619,6.622434339018305,6.349855190986678,5.981215222047711,5.84632505251069,5.507758306466518,5.188498932777753,4.972346337023924,4.728875743474381,4.401702694716968,4.119417135793387,3.8511906534658555,3.509548049906444
5.9,7.127316302210305,0.036204925696288186,7.24483794158153,3.5702236445600266,3.3810163356412506,3.0735026251866953,2.7543663410375494,2.5612104983496686,2.405324401290949,2.1470993069696966,1.9986063846976028,1.9993997192831057,1.7268170353408367,1.6758248133872018,1.6214058864391576,1.56099043441825,1.3795720042600286,1.3801422243636785,1.386880953514596,1.278572197187084,1.3005302903586482,1.2942555454319982,1.168919537578548,1.090136046173005,1.0915721649335104,1.1687798289033817,1.0854947204537715,1.0323021573267073,1.0476160951453326,0.9542329504435257,0.9793949455890852,0.9929580348060649,1.000056228046573,0.9082335636184071,0.9352685533451979,0.9432883770523764,0.8341440617058692,0.8409389644907118,0.9266985759818787,0.9134163390121516,0.945580837476256,0.9352146710386663,0.8285816169929733,0.8655838487273134,0.8456992566469758,0.8550111867964827,0.838500594306602,0.9159986392837112,0.9318202955132323,0.9374305426511437,0.9156621663930544,0.9292749293694245,0.9192367050635086,0.9162597922528108,0.9245391956480165,1.0136237353101625,0.9639112572660963,0.9433221763893035,1.0183666895857575,1.0097162477462358,1.0052537102945651,1.0009263978201486,1.0928021541834818,1.0863015264443892,1.1033885809752928,1.1893725180923496,1.181996107637357,1.2800282023432854,1.3368482209753592,1.334471647741646,1.3362221785576724,1.399123534806766,1.4017526057303014,1.588511182242987,1.6623339475218075,1.759323360230266,1.8205323577305603,1.9455877780503503,2.172270555125773,2.1986751948577075,2.344298388877971,2.540920624085902,2.758801610341245,2.881920778772608,3.101602368426775,3.327344832228807,3.50418419646944,3.8074617173195144,4.080832881748795,4.306494416715524,4.584310016412849,4.859851543396553,5.040114951005792,5.44940664993937,5.6377168446897805,5.960664516172046,6.362093008477876,6.687660165871535,7.140774696235554,7.5917267613606825,8.10825828801157,8.654092130378922,9.35441245483079,10.16564478865044,2.923746081787775,2.524019598909424,2.5228625227017547,2.285587642451895,2.116740832840251,2.1009597308822903,1.8757592677088837,1.8161393133654784,1.832214615620861,1.7439186477444457,1.603026892678035,1.5983364714941026,1.586193094431349,1.5203236084432528,1.4486884428866,1.471903044372064,1.4689045947375245,1.3957494307724565,1.3768415635983389,1.3407698291042218,1.3266848331843302,1.4091245327766966,1.3463351901620093,1.2695325477732098,1.2723545394521125,1.2878663669348587,1.3212835598013772,1.3288162570586242,1.3373053525876253,1.2598139469297156,1.2590740049852447,1.2521973109966498,1.2811763862307248,1.269583467366871,1.2855390454358862,1.3054915160972198,1.297085037003567,1.2654795833237815,1.3220435677373552,1.3520905250442206,1.366638588310613,1.3680005054788043,1.3479217742454983,1.4686798792687932,1.4687900335389132,1.4638959505073446,1.4952835579528434,1.4750407888410189,1.6199321464731264,1.6301650465936157,1.7194155632077004,1.7229383400201381,1.753055104777718,1.9085538209094668,1.9831526613754535,2.0042225543390884,2.0875552408991966,2.302074440809903,2.347845675627465,2.491575206939353,2.8143172004789836,3.1352601192294935,9.928538851854434,9.326472819473713,8.46297429399544,7.900059347703105,7.385329565895113,6.860590854197805,6.6297937900495425,6.348922048285475,6.013071837892997,5.745645610290707,5.444906756081342,5.221547478591712,4.938001094578079,4.673195906562586,4.351760922015401,4.024549684384417,3.879717681027812
5.925,7.140027522338197,0.054166436848292344,7.226605958399486,3.8033590875051373,3.4981413526561878,3.2626554630614395,2.9435518338333484,2.735907759710051,2.561973843329681,2.3184420097994343,2.1771677431672196,1.976771940670992,1.9332002024882544,1.7735470591762545,1.68286494672397,1.5821285469175865,1.5890648114317765,1.4499615150022005,1.453507298000913,1.4029373094039936,1.2636143477306843,1.2416764444520612,1.2293266159099323,1.243773831458544,1.182423941104866,1.079706236781031,1.068411940384326,1.067390783374161,1.0611803583051154,1.0623041218365612,0.9779286819331586,0.9914455402845956,0.8885538511081773,0.9741234875143958,0.9920522195200226,0.9902275920241795,0.9036602438476034,0.9095226765380608,0.8985633908596601,0.9172092787159968,0.8987358065813944,0.9073885263403687,0.9112084911977588,0.8822386482821966,0.8989120823681906,0.9021858850791309,0.9089803798389428,0.9092903146289059,0.9070420469141371,0.8998018115823548,0.9592485247782417,0.9728247990943545,0.9177469277133524,0.9041961413058346,0.9171135234895526,0.9812349318073159,0.9814041271954863,1.0466847225557996,1.0251087446117502,1.0053616671458239,1.0578659080521045,1.0671987615080696,1.0701777703906983,1.0889978584051774,1.1412604566821867,1.187275298650198,1.2467745333743354,1.2466691496038618,1.2392521808343016,1.2973197053117351,1.4072926989944716,1.467357186151394,1.4653279474860181,1.6777006349595034,1.7192558310873913,1.732211268987061,1.8181296990928755,1.9936009623455786,2.0827121911810487,2.1230937488484876,2.4095682433571444,2.47261688796531,2.6060062585651784,2.8138824516121703,2.963941103964703,3.1245669858546052,3.3659522428966224,3.6454895970749117,3.9157993195712026,4.170354174283142,4.415225038381975,4.624696159257759,4.85393879211702,5.126612407705577,5.435655884939098,5.766097035970518,6.047485782363474,6.444126512999226,6.83469348762737,7.214002760235979,7.7738339334596605,8.337187003604315,8.87775121765869,9.609225168647308,3.15138455250616,2.786374004048483,2.3602800406063347,2.4066212933196787,2.187876542244933,1.9948175305032265,1.9679241035982622,1.8773560737298245,1.780105133842788,1.6475013925214343,1.745400223184705,1.6644704436604492,1.562908802501929,1.4332487716131679,1.4701359627869304,1.4665197684452815,1.4445355998693614,1.4009748846489143,1.3200142388529053,1.4084091175315068,1.4073369071069475,1.316823625149691,1.2576052190773754,1.2605350506209438,1.258056073234048,1.293937922826247,1.3116354812473916,1.3083332079575194,1.2485731521318484,1.26021816098236,1.2783286178996283,1.2628845247185485,1.283341010147647,1.2313198546306403,1.2265275403272626,1.2326578903861851,1.2300288800575958,1.3383250722223392,1.3437438470404228,1.3415076828692658,1.3255618161331832,1.304860338848752,1.3929714098717734,1.3820110397425052,1.4049862467401508,1.4114704681748735,1.4348643393685148,1.5708740767564617,1.5284517566650102,1.5998447526661486,1.6057721272616727,1.7273794369614954,1.7207457817990854,1.8081616740263562,1.908633476356355,1.9849305249475442,2.0461748539308857,2.066679481734904,2.236681491299693,2.418872641953787,2.4551273511644944,2.8517374800155753,3.290421099141661,9.68594146487833,8.989562607853298,8.19808696418745,7.700905447260624,7.33596992208262,6.965846900082741,6.673252564335956,6.336769052340368,6.042669478329749,5.786894225151249,5.483788947502127,5.220542589125956,4.846223850169607,4.536290671147185,4.308005811645081,4.057239861450592
5.95,7.149676285489828,0.06809356119253718,7.21445130294479,3.9810951519792157,3.7268365885970054,3.4678819433154993,3.0579781762794522,2.868254854918729,2.4814960233013927,2.3594329835663546,2.293778066848304,2.0994862829847207,1.9348248564532533,1.9124809992858602,1.742818597508509,1.68749567591226,1.6117987865267287,1.5632349153219947,1.397878152853593,1.3552818874912604,1.4402434926597394,1.2852660332442127,1.2403293103862625,1.1977998258990967,1.2055814099938582,1.1316137494892489,1.1175170857979195,1.0992555212766848,1.0396592509525837,1.1106736483137394,1.0455549222642397,1.0204760393959162,1.0461026667461943,0.9716819740321737,0.9651097363149772,0.994029098173002,0.9655615924931604,0.9532257664090795,0.9529134537870914,0.940502983596745,0.9444167262206906,0.880995081993901,0.8838847566677098,0.8626720719606091,0.950542284474638,0.9703777718425153,0.9526796047496274,0.9514532413111401,0.9648925582214019,0.9574053286735347,0.9661234212276049,0.8733516377576197,0.9421875948907508,0.9420502789499511,0.9496084148130075,0.9532702233563447,1.0356481238422734,1.0266252194780001,1.03385353664079,1.1253846165303512,1.1416467242815358,1.134858686477351,1.1438312161199908,1.1010574384263057,1.1731723572813695,1.162833338044958,1.1958171577194885,1.2843547510469422,1.2584512902957592,1.3577077940996078,1.3542674732606403,1.4621283363409556,1.5593876716989719,1.5449735050241293,1.587814319376253,1.6675623424994814,1.8702239691026017,1.9469181391016963,2.000251724908738,2.2186723393462215,2.3169512547624573,2.473543156932101,2.570756515072015,2.6952971863154747,2.8585401729835302,3.043123894915105,3.2769584298408474,3.607236657524952,3.673277697946647,4.081625053239708,4.220313919431349,4.4695059612462105,4.718551568607596,4.902958190136104,5.333073798990079,5.640639390501221,5.891642992568662,6.257435767455207,6.628231635635542,6.921231513919679,7.435338540325769,7.838060310980477,8.670790439895832,9.312469778655409,10.286769423296498,2.876820623774389,2.514012559380211,2.2633611165879786,2.232293013189465,2.064330055582729,1.9370012547489095,1.8202990575799782,1.7755490606929392,1.7580296028253062,1.6004352789620453,1.5060326661199006,1.5742582213366945,1.4912379559819018,1.4439070728148082,1.4549029424496174,1.3608483883920262,1.348968669082236,1.4029948189333565,1.3119498766707427,1.3147200045795255,1.279006069750833,1.2881485500220105,1.2819395139129692,1.272392441295463,1.2922625484991337,1.190732448593834,1.2172760888010496,1.2152467094131612,1.2368509988877499,1.2711994526706791,1.2676984924569632,1.1981794003712867,1.203788708897226,1.218979359662489,1.26571351937656,1.3187267210276192,1.3167961050625543,1.3259229413793432,1.2673348202917838,1.280691651763437,1.3602315762358463,1.357279215459486,1.3541667037303515,1.3737474817498783,1.3852114016492338,1.497767686523497,1.4468191474300198,1.5062956576018942,1.5129773803833426,1.6110724242115149,1.6489471613281939,1.7048936341977934,1.7818728720848254,1.8420665810346555,1.9351418945151486,2.0184745295484987,2.0086647184357855,2.1583483862511907,2.392311980964606,2.5916693916362616,2.7550972872670756,3.0009541758017533,3.4333675257981437,9.359514005808988,8.692590309222593,8.008547906521445,7.670309232117507,7.16413919129817,6.836679290644283,6.606510561654333,6.329436549419423,5.908415465157326,5.684213295472519,5.464977117308991,5.103370613170441,4.793161160369712,4.503846450881321,4.294834875018977
5.975,7.156603242163125,0.07474692198172118,7.202296647490094,4.028380898115775,3.6818698008340642,3.4351162072850707,3.089701240423128,2.97191122131984,2.694523062031569,2.554204928284347,2.244682639455635,2.1838031190810057,1.972189532726283,1.9692662022748715,1.7233812472063923,1.7915888406630387,1.5810054987828077,1.572068490929764,1.5162475264907975,1.4003274158884842,1.3679203029005413,1.3800900267732341,1.2987394712524833,1.2219911166758328,1.1736186879410275,1.1601379438448496,1.1583763961612037,1.1728344287072956,1.1271818661873996,1.032105548896811,1.018489203098773,1.0293401261628112,1.0981996219912098,0.9953995359027558,1.0163754834405963,0.9939239981529754,0.9238217518680988,0.9151666851931599,0.9901033787576023,1.0043778239029555,1.0205094063527156,0.9221945391241844,0.9169232753771405,0.9213318014826111,0.9203043941365322,0.9281750171964152,0.9150197728861522,1.0142899449941434,0.9903008708825821,0.9936168491849178,0.9148072206138456,0.9174642141834622,0.9166691315850274,0.9306487017683518,1.0012864284078735,0.9915301280704958,1.0110779734987778,1.0756177019194058,1.0918682992132012,1.0608112851004743,1.0765163772846054,1.0671793690590967,1.0721173027968227,1.157472563652533,1.1852835873928902,1.1801989849866816,1.2487023208102466,1.371176452424857,1.4095719699412481,1.4049905651570294,1.401296252783685,1.4777810203403108,1.47596151916757,1.6467800103398071,1.7520021306369864,1.7351365550445847,1.8334919784909445,1.8587697983984908,2.0936590962066877,2.194837672556988,2.294828394244372,2.442211491161987,2.5089677769955094,2.667219808342822,2.8398134670519206,2.991029735500137,3.313633667808573,3.5850351042537074,3.640198343850172,3.8807930282303476,4.11839889309376,4.35097879304961,4.492652185862687,4.799790922595324,5.1504135861308304,5.420855804286974,5.722274803045635,6.088393029377075,6.436155983659452,6.870073306443937,7.261159572963818,7.857373634132741,8.4416930337237,9.1595534490921,10.131582605359542,3.274827506188138,2.571902176609237,2.3707742940612535,2.117914587054345,2.108017786856179,1.9309922628352452,1.8279983159060453,1.7688313595155327,1.6580653959145906,1.6447706392853263,1.5700896767824133,1.4859430962173272,1.4477400107109848,1.448879333768468,1.41167081497183,1.3592510363361228,1.354474148681655,1.2851033565988195,1.2798235563721514,1.241911656028078,1.3230935087189009,1.2391853238460733,1.2598314923532952,1.2688108365335367,1.1769045073389623,1.2223421388139049,1.2049648209641672,1.2238874688273766,1.2537018447776371,1.1759014120247455,1.1700889989498777,1.1823368278463982,1.2559735563475096,1.2110553511606383,1.2139992321903965,1.2230122443109492,1.2464913787652543,1.239004263197213,1.3368967929516749,1.3237953439423844,1.2690406824682952,1.2629543642339534,1.2927377142290888,1.4013869146865725,1.41549018045872,1.4105701108259223,1.4269815642757746,1.500680317610203,1.5530201945932447,1.5413929499832644,1.5933982530427313,1.7300213739124874,1.8020819718055738,1.8141990760943123,1.905453330886425,1.9268378681799778,2.151658573460944,2.2905705932412217,2.3352668609041274,2.4944003735191154,2.7419797122732783,2.748027264247678,3.2672153987785677,9.623503752290432,8.792862846159945,8.227695428218054,7.78679027945876,7.341340732048135,7.033411972674881,6.772997809055166,6.374683651683227,6.092033315513174,5.867355810144649,5.593787884646147,5.310888620631774,4.850811480849047,4.683387332637854,4.368781970956151
6.0,7.161165117613815,0.0804578484810878,7.256824061096134,4.009806781521348,3.7593646114587,3.42067965550572,3.2876598787336646,2.879115093305382,2.6833885936110144,2.4389957865811644,2.2648942009738287,2.0858703843703466,2.1059929108330744,1.8930313188885455,1.8407482418525498,1.735653590558241,1.7218848254984542,1.5591249037607338,1.473635308152106,1.472904931206436,1.3447172536017356,1.3385575915662595,1.3610474907967767,1.2893295525048263,1.2184987624853552,1.1393192100980234,1.127734953135674,1.1497523298173242,1.1528567938411374,1.0523563453227316,1.0854844662836163,1.0188404889013487,1.006134209912047,1.0182725623999234,1.067483517312231,0.98522123051936,0.9984833307906948,0.9984932717442253,0.985529787393937,0.8880104179221253,0.9913516049580506,0.9929963790802386,0.9738135805340944,0.9999757096183067,0.9869605742019524,0.9804376465952236,0.9801776110290136,0.9081336436865375,0.9745979155378264,0.9805111814621854,0.9774593134717181,0.9726536118770708,0.9792515090445022,0.9824842168786738,0.994755539075399,0.9883920245763222,0.9792920405447652,0.9904413988612842,1.0990630141062043,1.0816409002199407,1.0786693961349108,1.1476735403063016,1.134125221253205,1.1336323460280944,1.2285473097662671,1.2518661208338373,1.3313008464594316,1.3241325272997304,1.3330397208306075,1.3910155202404568,1.4200300726683068,1.5137229061546915,1.5966847992622464,1.6143889099149027,1.6905406579061706,1.8613124155066654,1.9166094976656871,1.9819767387193525,2.0412785065930894,2.2056682755464743,2.300123885229325,2.3773012104279343,2.5116099828684173,2.664980226137186,2.8071358983804497,3.095789485121642,3.34993781256442,3.420972974688596,3.7360474868845555,3.8210807773943536,3.9818890567648855,4.314162287220103,4.59760628044778,4.810059027437111,5.08123003516068,5.382462213752759,5.698932386342237,6.050655970158247,6.30166734806744,6.691005559058929,7.259526815710364,7.8833549609982665,8.383629009665675,9.265302823223083,10.173017507264147,11.52551806007364,2.594589964072339,2.2740472530991704,2.114049233990275,1.9591729370222684,1.8841307092641058,1.8045423607658482,1.7109506580650078,1.5961084421460174,1.53707075121951,1.493218823078334,1.52190293816482,1.4572200104741508,1.3803199336244276,1.3868022275649936,1.302287339023247,1.361372994243899,1.3202811679645088,1.3254955602220764,1.2501785755423418,1.2336129407095089,1.2390432793487893,1.1943628507664708,1.1846749833806796,1.1788539727403953,1.231306715831846,1.2326031329070992,1.1438579808488096,1.1483803987823762,1.149310254923095,1.2068438505522912,1.1949648089697031,1.1788174471790596,1.2237843577867842,1.2156348280731535,1.1669174516533705,1.2370185173039103,1.26082222998051,1.2539761345236666,1.266408413391896,1.2435051101334853,1.366514864103122,1.3954009890092929,1.4031464318076867,1.388401577167038,1.4013591566348789,1.4916253148223295,1.534339451201593,1.5443846371748886,1.5283296571129947,1.614232118758793,1.66585124515001,1.7373373123259255,1.695139838078841,1.8481180566594948,1.8997021430787935,2.0732866261850402,2.2063080217956603,2.2676661966828306,2.5013635582613736,2.6669211270923086,2.9196540231715855,3.2380958231430452,4.007975333554889,8.821179066739045,8.313286534408643,7.839873175845567,7.506731159401886,7.139219583385075,6.8201671380348055,6.516214337009388,6.315853457667882,6.0873339859005196,5.6520093880054105,5.254141439684301,4.930262938317072,4.616407759159783,4.393397440431
6.025,7.172120279266538,0.0826228827288246,7.258254831099735,4.047873819339017,3.8178008077244385,3.453020864591387,3.0343156972868033,2.910740585538571,2.5907113252859966,2.5076525171382786,2.2665266174773917,2.094892582660716,2.1153074724111467,1.8712167596443117,1.9025668706490095,1.6877557173950828,1.6634115189546332,1.6006033462514493,1.4396047172278168,1.4512234112686988,1.4545915762455655,1.3012630209881624,1.3249540515493194,1.301958234013679,1.2321860684213064,1.243519642710007,1.174495896064543,1.0858921754451538,1.1533770087973174,1.1336884511657424,1.1413941095599183,1.06419944369375,1.070073040391656,1.052686049502271,1.0561243796995692,1.0465810456238573,1.0575653568806005,1.0493563516381177,0.96323567772198,0.9772380435064713,0.9682011912541378,0.960971831544763,1.0517296285065558,1.0641648915827875,0.9861008964350525,0.9652653156510634,0.9596393249254715,0.9752519962363223,0.9681467080861258,0.9741711010235832,0.9739357860435467,0.9619709681509564,1.0564324187068665,1.042753145095815,1.0575163764706454,1.0564424760546383,1.0419469160218062,1.0621397520342388,1.0571194384368339,1.1590843034246676,1.1683757812509057,1.157618169665388,1.1958061236888267,1.1937943252079573,1.1936037779434094,1.2975473278791998,1.3055858630769133,1.3888250696400806,1.4512217405996317,1.463685445896499,1.4348508495445416,1.5546733281493208,1.534898674336021,1.7221934184068608,1.7990958321535524,1.796708220629249,1.8975589371624637,2.019475071306604,2.050194339031696,2.2100987766464333,2.307155429912826,2.396018643474943,2.5451265872591358,2.7317848076079363,2.873728030412097,3.145729943132265,3.212902116869882,3.455740065966355,3.5597728974871137,3.719459933177354,4.04622660847831,4.183135900720195,4.412087829264882,4.81855664858992,5.062472572748636,5.395956269945459,5.672732659919385,5.957568957556159,6.402790666447801,6.822163797538762,7.294270428214713,7.787189101128138,8.480656493027222,9.405748854226887,10.652895084939185,12.00882272499333,2.764614129448307,2.3247177267430343,2.1002039159082484,1.8833998927984672,1.760157384527318,1.7620837858137377,1.701742944152574,1.597982887595984,1.5403676158339428,1.4677374394840712,1.3662078272800404,1.428518408427266,1.4482757761054916,1.3779422822268577,1.3087142065020532,1.3092256496368833,1.256987863215602,1.1932843917645721,1.284920546175801,1.2203817429501087,1.2328525978185703,1.2432530877201038,1.2116076703786447,1.1413310206333078,1.1352313235852325,1.1650463009503949,1.2235882127303426,1.2029646320797611,1.1269655851164746,1.1328937452836012,1.1524686084071463,1.1497610148188757,1.1519446192440794,1.2310663006954559,1.2078755610116336,1.2010866461822578,1.2074729218416922,1.2280593454374116,1.2154576822071916,1.3154736680167523,1.313984859735166,1.348111112425767,1.3435186766501828,1.3691267174642086,1.3948767648958427,1.4595976094721703,1.453332511420684,1.4504865898584325,1.5492103887059734,1.6125094091373944,1.6315854329634631,1.7300542946987785,1.841814525821347,1.8472924020768655,2.0064225926112447,2.038515671443343,2.198601078278446,2.40862836399101,2.5611790454097987,2.6406450002515593,3.051306870605209,3.344357959994905,4.164655227712892,8.840296297520212,8.308030827567626,7.982155882325156,7.622303272069852,7.314757903767344,6.882195402517379,6.579612003573365,6.30683712327892,5.995465583078243,5.60329767879051,5.313121773528077,5.078574441300604,4.739446763289165,4.375144415780817
6.05,7.182014724063002,0.07989336255074805,7.259685601103335,3.9829326397733418,3.6641067072376083,3.2186344947230956,3.002405096223871,2.8461951050238934,2.6234345471735225,2.4514724519105373,2.298168906329875,2.097527919142342,2.0078680456518767,1.8267849206757976,1.7994522235092032,1.6484548775768426,1.57178724846193,1.5843378710863194,1.4396714767258096,1.3974837082180438,1.4759480699501273,1.380382441833525,1.3116502338437703,1.2262851777565011,1.248871155306387,1.233167332344846,1.1631547248711243,1.2123034952103862,1.1159933332669105,1.1226452632356794,1.13176732574758,1.071692901069685,1.0816909584635817,1.0941578374823213,1.0038247208124806,0.9945734825761335,1.0742082906955093,1.0767572770972094,1.091504827614543,1.0040566055276172,1.0022560303484074,0.9944167788750614,1.0039286518790067,0.9931276301901085,1.0086643924117604,0.9890028434370578,1.0778354528547203,0.9942740108380251,1.0130238813562897,1.0051409637804376,0.9892214065340869,0.9990313454911929,0.9989933910914851,1.0875700290368242,1.086433666694197,1.0993274856813164,1.084407537013332,1.1608887793293563,1.1626036166508045,1.1769660411854421,1.1661586386353808,1.172144977414239,1.142126770719966,1.2716369751443601,1.3166160445377035,1.3522419432696666,1.3212604739923197,1.4357577044866268,1.453691728060093,1.4392823057165807,1.5541898373718523,1.6046313825121161,1.6678384929394265,1.7138111748251446,1.7889167721981833,1.87979050752825,1.9712550630302133,2.0533933921851815,2.1374321553238462,2.216993974543376,2.289396987421769,2.4594307331256346,2.6193273258758487,2.77688076162265,3.0210633704073917,3.067442052768173,3.2902804082133144,3.4013608367911234,3.5739978921265467,3.8555279888074305,3.9826424035834767,4.257544209338308,4.600161037006759,4.740494596618357,5.045690802179992,5.393909210031942,5.633023816416369,6.033615678912851,6.503567275525415,6.948556109378836,7.496791976054259,8.076476660297889,8.756588338563411,9.789441706913241,11.15832284243744,12.742610066153896,2.388445786259509,2.214201997838189,2.044516144871332,1.9076785488114258,1.7547292477955503,1.642891175111975,1.6450893391729704,1.5658506904499543,1.5773268534340752,1.496455737207813,1.3618867078539867,1.3721510363646656,1.2797996414278108,1.2396345161448485,1.3353939778319024,1.3374490812481725,1.2580784327537937,1.2381703901680867,1.158357805112492,1.1743544998785722,1.1674323569973897,1.2098495841346009,1.1511865419256668,1.1492162838324977,1.1532809219834799,1.1576575555880282,1.1645813867611388,1.0896803707312748,1.083158868273303,1.1164021462853666,1.196356954858086,1.1883697251515155,1.1675975780346355,1.1450930237674954,1.1566247147513817,1.1735480155176818,1.2648043048762674,1.2542112168558095,1.241251530808996,1.24177454668109,1.2219706127123053,1.2378507351918167,1.3112403351914361,1.339539837159841,1.4334533802854992,1.4384825391138765,1.5191768045637697,1.553671488617876,1.564913049056848,1.5680096896075688,1.6648570698611331,1.7446809264132301,1.757145833616378,1.9283813844560573,1.9765768679389035,2.08143718814702,2.2035105024987685,2.466574208698946,2.6094981006247537,2.7781215942623416,3.149561607285136,3.4241418387147284,9.32731790548105,8.683553917535297,8.27918038160877,7.854530531241391,7.516624425982157,7.205204989203135,6.942051002611015,6.582754906405104,6.264891454670552,6.004534710138975,5.579172947690679,5.299243807519525,5.027810923488402,4.69902875835928,4.23257166058199
6.075,7.190970737545098,0.07336260974425889,7.261116371106936,3.8201211497091627,3.423035296861472,3.265491612095627,2.821834938775127,2.5899547540010333,2.453559013889335,2.457355701880617,2.1834004916830394,1.9912960598589295,2.017023777019729,1.807477710979445,1.7915522262386228,1.6943354447025718,1.5607636204011852,1.5318469979491718,1.5619621453576433,1.4323807586961332,1.4215801289478271,1.4222971551343715,1.3554127104907279,1.2942186447678885,1.2104125363862666,1.2256944069752722,1.2186185648576946,1.2198974520993848,1.152344167094861,1.0993142308945418,1.1107254979640298,1.1716526035656336,1.1258227318236298,1.130635092271764,1.0681417525312247,1.0641391382699783,1.0683582944567251,1.0653016785438323,0.9684739506016772,0.9768595796452142,1.0662755152576922,1.056627999779798,1.0679176346941452,1.0623031305863593,1.0775483815776545,0.9933450104388899,0.9767597904828849,1.0528535495992912,1.0529660190517098,1.0669078875669384,1.0638908810098424,1.0601962729681162,1.060324230890562,1.0515579910966772,1.0551679673767467,1.0613494018856662,1.1288584765633316,1.1529941828216532,1.2047430685705423,1.2378734324881095,1.2470664620717669,1.2369084096649,1.2977888952061807,1.2758713557921106,1.3101696237651834,1.3137434284589002,1.4479320819006718,1.483818801426184,1.5340623013307049,1.5540153561650034,1.6281684996075967,1.622776632798148,1.7089225817959297,1.7125942837936445,1.7820095186105418,1.870467357583795,1.9369654669316172,2.058517446434224,2.131342437552388,2.2813832079911713,2.3821606197729377,2.536266669789037,2.7251192775450472,2.874919771316174,2.9947073641393653,3.202755433124123,3.323484603041759,3.40490410960252,3.680925320680938,3.7850564433006473,4.021889152411142,4.257955210196096,4.569969439168797,4.8930340884370676,5.193867378109113,5.489067507062455,5.755255808913378,6.137149334460727,6.594175727927469,7.171875499190793,7.798635469549011,8.496956097967653,9.38535168277349,10.56111382152089,12.102541162087464,3.2146940389924903,2.5209544045158068,2.1077735156298316,1.9535920889242508,1.7702544949137449,1.6983732609464957,1.613541112380818,1.5050474610618596,1.4977962268154197,1.548770842900638,1.4748100247079186,1.3944507717051564,1.3931228883118245,1.3072504798985796,1.2320024462344608,1.2524024534855054,1.1590882923334362,1.1961631956400145,1.2022660556241689,1.2295631803110987,1.230172721982241,1.1458921641044084,1.1580351029695224,1.133257077186696,1.139930246295783,1.0920823421526211,1.1676630736154885,1.1334888883438612,1.1493484215362653,1.1329648148743081,1.135147243297804,1.1453458095965363,1.1370710575079377,1.131604178116154,1.1515970196416163,1.1464526982366259,1.1623190380948085,1.1948180169449878,1.2025855157349532,1.2248724182873585,1.2244364949269089,1.3147233829351295,1.3245102571999419,1.3326243786839098,1.3551788756129994,1.4312629147959712,1.458992854401062,1.458065867525566,1.4513394648521256,1.6423136948729933,1.6321259313419128,1.6601132024254919,1.8077073398427492,1.8187998624003916,1.9035644683505015,2.014741019972825,2.0922547770397397,2.2794226081954165,2.4607468016656253,2.752023837548261,2.932565392441028,3.1675551667765545,3.7565979226052253,9.126869489911249,8.505615820713034,8.114197947269389,7.783487791188681,7.483869538832381,7.182225437022558,6.832323053030754,6.528210685479106,6.3314989259205685,5.854263454596946,5.53528104543053,5.216006405622427,4.827474292269486,4.405890835060963,4.180781653251049
6.1,7.199290103527582,0.11404550087153609,6.97625882555168,3.5779365890558315,3.38275069074898,2.969423186581741,2.7705174264900316,2.596520913240431,2.35831304733738,2.348192518421716,2.1360422894500046,2.0187963857121143,1.9279233282076602,1.878269178373114,1.6996386100021283,1.7265125371556431,1.624354126588121,1.5287093749503684,1.598471597379887,1.4422743899442054,1.3606609902386706,1.3626651106031042,1.3699843282547666,1.2771557464006467,1.273983274990855,1.2575219087132157,1.264000079112853,1.2558417605751722,1.175120121080716,1.1755860895071555,1.1082834104263573,1.0995940163239002,1.1111375332806965,1.0181608918454434,1.1026087477958837,1.1023003307968668,1.1130916335771366,1.1079369617993713,1.0434845160402626,1.0299560479365182,1.0140885280593657,1.0940536077110348,1.0921892084881089,1.0857393061489935,1.1232007897539307,1.0943943952571709,1.1095168723083781,1.0348275466232355,1.008001632066025,1.0138612383785064,1.026348247454992,1.0242074023106935,1.019486933687708,1.143385165356542,1.1640329905145903,1.1763071420246223,1.1796394621325688,1.1938541957034519,1.1840705689937463,1.2014892736739722,1.1713914612865233,1.2694244656024152,1.349503372544598,1.3339118855099812,1.4277802936307447,1.4366729137575782,1.4357564546482344,1.5341685927649718,1.5362259887121283,1.5433151282825948,1.5881943583149323,1.6335413399859047,1.7384291106028482,1.734476739918049,1.808888223157185,1.9256254406287443,1.986560674745273,2.059406317992065,2.2363349762245353,2.328601295039892,2.478225120563728,2.6247250377181617,2.6510280345162847,2.8816780277172724,2.981835012343016,3.2040357753008912,3.288406397256674,3.4806550805536665,3.622760545976753,3.8604659424162318,4.114453239035281,4.368035288472087,4.569348136134761,4.8472273862607365,5.128764851587956,5.597770803731715,5.8729141944297805,6.281119463173807,6.811523422139221,7.268170788586883,7.956858604499897,8.862334146645342,9.919006746714087,11.702057757802715,13.536569182238066,2.7832208197258796,2.348188011092232,1.9978154917783975,1.8506720201631284,1.7812884292275424,1.6966729011972719,1.5647094644179274,1.4710295397327515,1.4401725789309725,1.3404814683639301,1.352023495329549,1.4333854603294038,1.3331875785790372,1.2649179944433568,1.2600718442490764,1.2805234149712341,1.1920451898336144,1.1914709616185102,1.111632509947841,1.1071841861707818,1.1387671983341507,1.1484997492737743,1.2013636275526745,1.1168869460981625,1.1027648544410824,1.1112993237525368,1.1012468872201897,1.0813934367473148,1.1123447151744588,1.0074374895026783,1.101591065012274,1.0982246918017822,1.107619557615338,1.1199215823007718,1.111067890635757,1.1105940750351873,1.1024861398624002,1.1104180402198833,1.1853441664783526,1.2166611526391293,1.2291247765734472,1.2543644025749676,1.2564911184491105,1.257735268010978,1.3381467830512888,1.338368734357669,1.3616123297280505,1.4577114724910543,1.510336368772748,1.5702218853668322,1.6156815020700237,1.7133945031056237,1.7529991078957787,1.913199729023689,1.9950466620580483,2.1295480778895755,2.167849229364319,2.359644457456827,2.4570921858514283,2.854373421337866,3.0838258900673603,3.4628020449108696,4.076621819465791,8.88037555531066,8.470133672009338,8.122269384918027,7.785828452289018,7.445942768856296,7.093274971098221,6.762827527759112,6.491250864220595,6.1919573352336705,5.820939389363039,5.459166569703605,5.118655731263711,4.794745032938205,4.334502667255898,3.975281121919527
6.125,7.10842432160029,0.11293451339697087,6.972992817021174,3.326583485282553,3.206866037969887,2.9632634878874367,2.779438070632467,2.558560045084091,2.3427787064048484,2.2715744217762106,2.0993380685517025,2.0028109818099247,1.9089472723765528,1.8035068474822695,1.7461398243229203,1.7092797568824973,1.603690001548784,1.5371734383882636,1.4915467736170864,1.50081629412349,1.451628965846742,1.3928092585186018,1.3789390923093456,1.375554714935966,1.300743577679481,1.3119624626647246,1.1981217452997917,1.1554311543117128,1.148855301786816,1.1753264185329775,1.2075304043145438,1.138393593521852,1.1410171929819952,1.1411913648383636,1.0445998090786504,1.1249404000504262,1.136696468688199,1.1325127746958767,1.131996040204373,1.1444128370219118,1.0433825564452244,1.0466179397820752,1.0530330452721424,1.0561898542612935,1.0389330749946364,1.0431798119620217,1.0515002779348859,1.143164472454251,1.127898165254088,1.143479231137431,1.1162410195355683,1.1383360615885183,1.1318719138296223,1.1272076941240465,1.121312141668365,1.1310406123240515,1.1298670769920582,1.219451341164502,1.2464295120672633,1.3031823059957341,1.2858148811300574,1.3527085544858803,1.3500914291461548,1.3778856951844112,1.3692855636668329,1.4519397295337364,1.4417160990587867,1.4536308584191746,1.5279354323846175,1.6253960657527364,1.6234347372420297,1.7086774153191135,1.7981723194812533,1.786778493935106,1.8690486554639736,1.9556432647904696,2.100028349801926,2.191910397059739,2.3468704300752607,2.430533902634,2.5168910560696443,2.5696664200530175,2.84402741768319,2.815034121205376,3.1102870130989815,3.2476484496009754,3.3252511256355026,3.446927517623747,3.697179238292725,3.936827314849505,4.218221414376306,4.343325217168259,4.686461732753501,4.956052784026965,5.275215135679427,5.698184567875985,6.166690601378796,6.5517254431253615,7.131496221133186,7.698307780928592,8.636556314380634,9.590270680330732,11.086511249593467,12.711537278145972,15.585432292469106,2.637650865961215,2.1944387483868546,2.0780345664387774,1.7878769415912366,1.6925655203571348,1.6223283814416778,1.5634582808688213,1.4526787990880365,1.3807580012799157,1.3647619730044647,1.3072461734130554,1.2255248609777443,1.2848993109282845,1.2932522595731695,1.2163353756584572,1.2230136598775678,1.2174989044198936,1.1261007783422832,1.1225346441678756,1.135330938047606,1.125457511506804,1.0499162005479883,1.0552506241458084,1.0487427971892052,1.0618570136862635,1.1394515055075554,1.1394710972307487,1.0504465247986683,1.059366666559009,1.0610332787402423,1.0417442743904621,1.0503910371777652,1.0502699234241641,1.0468163755376674,1.1450168924204716,1.1536205580201326,1.1326131451789314,1.1377952645229248,1.1394556698320475,1.1163928410470387,1.2052721798405166,1.299267784468928,1.2884874766495085,1.3073561128002493,1.3223794669304847,1.3525698880881978,1.4576254917516507,1.465519907551476,1.4337460934140511,1.5401492967001285,1.6330106178173904,1.6540197380725705,1.6691973876899757,1.8994773966709297,2.0396793367427164,2.099995067133679,2.142816608465235,2.3853632667769973,2.6206853781214083,2.9845217032168776,3.2442067159122336,3.6959689302786005,9.121692017353752,8.774532990845842,8.301680292079267,7.9908879037914495,7.6604131031727265,7.380875690923746,7.1294765234339,6.653280601968476,6.3934342370497275,6.062904045465203,5.7103561111522625,5.2667559193000875,4.948963135324274,4.5012387656163275,4.199259129029289,3.7297656375881525
6.15,7.052958933191561,0.10387679291838106,6.969726808490669,3.099866344353051,2.939574223930072,2.7502555682406418,2.514433540754781,2.49870579654009,2.313828279272616,2.1199401015706383,2.035395342859822,1.9525365928300356,1.8007706380150206,1.8590285618906381,1.7177402969216378,1.6376386658156281,1.6434588130721128,1.5136162017652257,1.4822698937432828,1.4988022031152728,1.433328178245793,1.3602057168853128,1.3516481360943338,1.27665438218535,1.316334873988189,1.3062322365838699,1.2195773362188467,1.2585294942994485,1.1745331683500602,1.1640778349147023,1.223770796684712,1.2203229760434828,1.1367395866879006,1.130786460655463,1.1540592794346078,1.1425281263784508,1.062803210642653,1.073105289564801,1.0561954177579733,1.0657837522675915,1.0700788367876988,1.0820238200695667,1.1103973176773347,1.1429353604860393,1.1416383196463062,1.1287890877695865,1.072318789072967,1.086015904568683,1.0709000127242216,1.1362531810694603,1.1511620888820133,1.15973681471936,1.1735824501011833,1.241711771797149,1.2454832247192464,1.2041663977973385,1.206379512687482,1.2343215765233633,1.3091229393528543,1.3238045126964593,1.2794903491808571,1.2996264653506,1.3738223784656571,1.385090232337666,1.406019688429759,1.4804880771840434,1.4436525928161181,1.534247529092743,1.5441816288173646,1.6301816927654662,1.7271138452980033,1.7145380460346087,1.8004961651955027,1.8741602238764405,1.945509615090556,2.0450783441200238,2.2100675099436917,2.27428612864004,2.363290918824041,2.4189489547643306,2.601383688054778,2.678274620110196,2.8313918583824793,2.8683049824592137,3.1479795976413762,3.2934865546531054,3.4654119420033047,3.715362464203946,3.8746425814068552,4.050739275684093,4.362683378968466,4.465709964306741,4.7578965314357315,5.036010619448961,5.529882330468384,5.994160353832149,6.394695256786329,6.953231271641397,7.596566761189096,8.453610417736463,9.460334982773832,11.019129658315812,12.872915820244327,15.723780211400035,19.0294334845295,2.4096817641125985,2.069092508138327,1.9617344800294605,1.7201037503894636,1.6323197878395088,1.5764358477303708,1.475252412606211,1.4051019522342039,1.392772270978097,1.3213232383552398,1.2347454252220655,1.2264778893088948,1.171328012492166,1.158520119768376,1.1601929376410751,1.1471188253792644,1.1337149337024108,1.1519814170563603,1.140857531883937,1.1568018885910918,1.0752666573227592,1.0656588562839253,1.0602765885815475,1.049728362853563,1.0539812313825268,1.0667596069494825,0.9925609457634504,0.9902203228078353,1.0712199566615321,1.0547548043263792,1.0783727444214406,1.0581440867245815,1.0732542726277858,1.0826628298391163,1.0512028088729208,1.0745801694431376,1.0628495475010769,1.1577971528608162,1.1702708800233328,1.1651951559610696,1.203909683085177,1.2024718220288684,1.2292221820976184,1.2181908818580274,1.3965037432015281,1.3337521416951785,1.3751432894599056,1.39554842681924,1.5708028340598383,1.5602444885020246,1.5985451572796556,1.7523431787818762,1.8395249646293819,1.954691294321886,2.022505787239304,2.2393940632227465,2.2813949787819845,2.561545829172468,2.775339670770008,3.14691644996543,3.573861489511574,4.414321913096368,8.916928022057293,8.461672348464171,8.18544945108559,7.834866543696019,7.562759176741004,7.218763179303269,6.833346571086572,6.528267981556004,6.136167620378148,5.8135230219743805,5.351641881426669,4.997845197801116,4.695377492976651,4.160358612934332,3.7835750437017013,3.5664391477641724
6.175,7.018588103792068,0.08756114223530467,6.96482779569491,3.05522822487657,2.882143862013996,2.6592620398819053,2.4337144779100326,2.249808208749624,2.2033066155532532,2.0217839181315598,2.0257925489624142,1.9214099042117254,1.8415164026845523,1.7509813235223108,1.6785268706223995,1.5965899978480091,1.6091676569260418,1.5376506285805691,1.4605450033114964,1.4217009703678374,1.382938778018082,1.4245808487876372,1.3441964895393532,1.3373176713748096,1.2968690328588763,1.3177689793594478,1.2832131374098787,1.2860189012918275,1.2168988873776687,1.2239016567244723,1.2099249096667428,1.1388104646547053,1.1348126715416607,1.1607404338748688,1.1539867278032654,1.167124246378538,1.1375731425651248,1.1398938831273213,1.1327810439929726,1.1445033430472924,1.132674510498074,1.1364926328807012,1.128481150673775,1.1319943553444711,1.134532585866733,1.138966338365932,1.1555546079203731,1.1622105922119128,1.2115664170258156,1.2025847577150262,1.201305528003647,1.2383910253268204,1.2306673307847482,1.220618374186921,1.1929606476449746,1.209683864893989,1.2249052920905124,1.2918116826682613,1.2857662571307151,1.3185643495075954,1.3008400202304038,1.3720365912921904,1.3708235380236962,1.4517394021950762,1.4630229522880471,1.4551518460901354,1.534364179855316,1.625684303584469,1.5925753884144254,1.6901156535282007,1.787741771391158,1.8564402718185324,1.9360468751169482,2.010290299740399,2.1030425565855606,2.178044168745157,2.21162252941197,2.341152395350368,2.505821874757725,2.511328536592271,2.709429075788415,2.7408430693582906,2.9865749387299,3.1186515953075906,3.1474089397817706,3.358238207640456,3.532671179928512,3.761163581088498,4.01110827402728,4.190160555169752,4.510563138807958,4.787150460315995,5.030244228191401,5.4882850260895655,5.910120299463319,6.319862059307369,6.925792048951517,7.62212826231208,8.541860862031111,9.742919436846929,11.318246333610155,13.371073762785848,18.954516367792895,18.744158930416894,2.549745032622613,2.2546671452578897,1.9809415872337335,1.8186293701058633,1.6099270849650953,1.5334702558354343,1.4646387555626479,1.3885966917114134,1.3585671458254136,1.29322162918478,1.3034808718973494,1.1986493072514728,1.2063115966019895,1.141233984721896,1.1356753861705018,1.1352477554788873,1.0442851071114734,1.0482816966519564,1.093495315145772,1.1013222768538866,1.1298027097846706,1.056588742707179,1.0592838358702832,1.0669273238563588,1.0400923037660594,1.0589855391552145,1.054017299055788,1.0349312114461984,1.057412443970741,1.049985347759499,0.9773578238083339,0.9666683559447101,0.9639222061658037,1.0450963229526797,1.0836527567490772,1.121752837068363,1.1433286087544932,1.1370563337428858,1.1298161099456707,1.1486682067728453,1.1354748286293197,1.2249212036547457,1.2134692175059936,1.2263396388491585,1.2952019632906568,1.3500303238230533,1.3250936843237058,1.432891471475301,1.4859693422501314,1.5541404116288988,1.601407650300793,1.7287735322323043,1.8570101840911362,1.8761882107715788,2.0750001108893583,2.174964043308496,2.383493231058912,2.5676204332017143,2.8074437432432844,3.2808420262729876,3.5688208858750934,4.56012099211003,8.96127525236,8.580875086123749,8.278972127697541,7.911358100353709,7.565800029839634,7.27251737908004,7.03608414495938,6.638055546037549,6.168272059808222,5.925930981771144,5.463186892250698,5.0231597781825785,4.699767284342954,4.078345779505025,3.9650892132670292,3.512575555300125,3.2634451354744685
6.2,7.00109008910712,0.10599260364621202,6.63127223582541,2.8243439766600225,2.620762050119137,2.4619761244927374,2.4434314386263334,2.1709856257590245,2.131230078960016,1.9676807550785351,1.9940429997004738,1.8229806508007842,1.7691715376753763,1.7800646433659326,1.6907902679144828,1.571169161804024,1.542847246201071,1.5878868821354777,1.516096289021732,1.4188497995255591,1.3467843580521772,1.4125539671119411,1.4235277450803983,1.3409016723698957,1.354814721416701,1.2833005200062582,1.2580561626898275,1.1958435978058568,1.2038073250558103,1.250551021068405,1.266761488683799,1.1944326539482848,1.181654646998934,1.1864503176503824,1.1789649565437175,1.1680303168633783,1.1081690048071864,1.0911980721912233,1.1115637331622334,1.1456791273059415,1.2245956760084995,1.1921980198191295,1.1659473954077682,1.1829054834683923,1.1924863696493349,1.176064525738746,1.1916705011329694,1.1777101517598434,1.1921984504023653,1.1935692114311467,1.1858683487336537,1.193498614522867,1.1787593652883626,1.2541833974987073,1.2558771764098466,1.262576124901991,1.25652049747563,1.2688054707971144,1.3341873958927364,1.3439406374802403,1.3429290127735123,1.4218540233798576,1.4231288820337298,1.4296903852932956,1.5166993495731376,1.5123901788614362,1.592429237861812,1.6579858107039371,1.7535475159273177,1.7459147305562979,1.8205929386268735,1.921541539971011,2.074555431350187,2.0271809757686143,2.0846826075937783,2.2264495479081345,2.360976040091201,2.4095044487307984,2.587161452305491,2.5625763209353987,2.7950082814523847,2.8969358333779707,2.967534299696925,3.162621037320374,3.383256873485244,3.5452918238467706,3.6818863075745365,3.990513765740779,4.17945387717243,4.475672171615486,4.684831973352951,5.015544817985748,5.417268039597529,5.874026485512401,6.317597187269486,6.990912171061452,7.748962020499565,8.640485337813756,9.923282237054796,11.565596576219043,14.045701403344156,18.798794471771014,18.509765515905514,2.806880840490871,2.3547183290360696,2.0260476158629737,1.7653206957257692,1.7011632497307216,1.6820515858117344,1.4167330208213151,1.3522563139656845,1.3555835942575436,1.2723202901394648,1.241196704831487,1.186462533268218,1.1967151678451577,1.1948431707519358,1.1031105899422455,1.1137164565391922,1.1122625750911286,1.0318965509549185,1.0248809542228077,1.0223272609135399,1.0396841016331109,1.0187710781678887,1.028013891915672,1.00832768067632,1.0159242916329148,1.020745532901167,1.0189032360556975,1.0090095886669666,1.0019263745067493,1.0294507500298993,1.0180756552383827,1.044838521212206,1.0078342085329905,1.0345525268323954,1.0285702868980129,1.0261118504092146,1.009812946281091,1.1096412594776455,1.0978220177843039,1.0950778855779881,1.1744563038003746,1.1815203441341127,1.1923694363849389,1.1857911847584148,1.2061602136764413,1.292511154747233,1.3390194834111104,1.3594399595078588,1.4254523903309868,1.4219885233401857,1.5673396000074002,1.5781802371476683,1.8020295656874132,1.8468527677469537,1.968299629229774,2.0811625020269626,2.2962171662823665,2.5218023221602524,2.771611034284647,3.025135962602,3.477504177381759,4.178440718497121,8.982143957416481,8.681667328652662,8.298283611857212,7.987443455124275,7.637527629214165,7.429735513627111,7.106910540083624,6.6428517025360225,6.301318607491704,5.8425775152087605,5.47781877640318,5.00844712919267,4.670490722916057,4.308738592184959,3.910568158995483,3.4520849290820776,3.316675957292254,3.0659107615597283
6.225,6.860416900622289,0.08660211660958494,6.691405631552169,2.619921167277698,2.610969909467026,2.326989282133639,2.3274774972874614,2.127359800989227,2.1053048908373784,1.961539493416656,1.9868461866850409,1.856676848608867,1.7249451295619653,1.7239859445081624,1.6459194273108266,1.579938550791513,1.5035761451558278,1.5602882994958311,1.5032302521566359,1.4947747235906572,1.415524998135536,1.3407224848693626,1.3019717955178163,1.292707695000632,1.3090553490251413,1.308110396640204,1.3084831605545286,1.2927531164895656,1.2125095352523485,1.2404968488784531,1.2224989622221059,1.1586758416993324,1.1728295525939505,1.154565342628991,1.184821119683036,1.2045156248123328,1.231927922043381,1.2317200204899337,1.2254291104131398,1.1454348580866067,1.1404545491474019,1.1453740927271883,1.1390816915917055,1.1668998488679567,1.1520092781684397,1.1304768971396744,1.1324228691234417,1.1445041871575417,1.2292819853207233,1.2332950677819614,1.219428020149098,1.219942225300871,1.2207426400474193,1.210109840573798,1.3026220990711088,1.3162000605198485,1.3101262325963945,1.3363040580741232,1.3963852592263222,1.4011954455695723,1.3906808370229753,1.4616810314697888,1.4711057674685455,1.5400233691821827,1.564325355135451,1.6163721838325693,1.7091631471783546,1.796965659349924,1.8028303757661803,1.878566811353737,1.918119833776671,1.9574842430402568,2.075399086108643,2.2024041790022033,2.214937892339224,2.2989354391576367,2.3683629644583153,2.5204718792859273,2.678293969481446,2.734837917263048,2.7992384528433734,2.9670028434492988,3.2154967850757785,3.380386406629428,3.5242248833367666,3.6011339446573216,3.9609167858233634,4.151627188912564,4.479236013268656,4.713876109032803,5.114094084523839,5.4393726122849575,5.954022814069657,6.420219492800502,7.137012608573689,8.002286615841983,9.115791991818886,10.510337635595658,12.537339391159216,15.895399364464938,18.538048544399924,18.253603757356412,2.899434569493421,2.235901665277193,1.9622266487017643,1.8767053300199474,1.6607265741767534,1.5905115638335332,1.566240733511361,1.4713301713609528,1.293042748616609,1.23459924761334,1.2410966176937905,1.2229561276719887,1.1555438413496046,1.1344220124510067,1.0547640164237273,1.0663620447723332,1.0649053658362926,1.0586363586535275,0.9733998014903723,0.9883283116262265,0.9684928888615973,0.9826923489994326,0.9912568308568888,0.9685908560862222,0.9827903255407361,0.9805126616581928,0.8981968819585395,0.9800913104931661,1.0220072780712863,0.9831559220027067,0.9993492756911432,0.9917264116049389,0.9776135738428205,0.9918867486422139,0.9969118794331987,0.9913391853465231,1.056720573198187,1.0507466774445824,1.061511712455872,1.068243236328928,1.084509516640607,1.1378529503733783,1.1450135996839468,1.1497297920709564,1.2438552575826254,1.2368198425898849,1.2790476031337379,1.3519724358993035,1.408263452243931,1.4621786641376138,1.4705253513701002,1.5449937146588002,1.7242703851390624,1.743133169699755,1.9626263382916969,1.9768972055165996,2.2462508520418303,2.4056757798200525,2.6781182407958415,3.1407154040850913,3.6399005556451356,4.66508525266112,8.982727216474409,8.721885181736852,8.317025864572104,8.030243407887609,7.767589493829865,7.368803910356372,7.049699228642286,6.626359488651795,6.231102554942366,5.908615116923509,5.498390337933105,4.989438518005426,4.462769290160462,4.0314450208194295,3.869590441427207,3.4761594808041103,3.253198884298048,3.037899063966175,2.8308435304847457
6.25,6.800892690343258,0.061479483069766,6.751539027278929,2.500131468762334,2.368454649594699,2.301937591221322,2.1611968183206045,2.0855053058931285,2.0323487401038625,1.8840234981887638,1.807416768030989,1.8468909860532194,1.672841902297675,1.685779383355793,1.676512822995786,1.6107779138840372,1.54276722402152,1.5302010095277683,1.4583340985149458,1.3838780609448307,1.4799960955973865,1.4490028444080014,1.3875981767227432,1.3982020639931882,1.3026224378980538,1.287177299295951,1.258115282075633,1.2471023597299604,1.259126273869325,1.3008870558133712,1.2881889019245472,1.2279307197382505,1.2184413450009202,1.1970294672383759,1.2115540708651649,1.219385246838898,1.1955936137158694,1.2090157183307813,1.2003296768081844,1.2105553523894912,1.226200944604007,1.2114134439560895,1.2131532696684901,1.2137528739793988,1.218388608437365,1.1963302948069914,1.2264106008862128,1.2126697888684985,1.2091212725599294,1.2082215582216793,1.2114683196672436,1.2941419529127,1.2911406781318147,1.2963574796016963,1.2902103751578535,1.30054594139771,1.365358479793574,1.3801925873514622,1.453639037714683,1.4704673702801552,1.4485594340197987,1.546611742573687,1.6311648272345678,1.6123572742845556,1.6845643904591396,1.7831440985546623,1.7672112927204946,1.764561953500739,1.8674277271584385,1.9481415164099827,2.025457500853984,2.044599951252777,2.130256096561917,2.257296194283075,2.3069115083657574,2.4515780593534156,2.467399668955301,2.5774060161867416,2.7477808758790747,2.805652729110409,3.052502302387596,3.193234755328675,3.3731416453779017,3.477801511787166,3.7915719041115112,3.9651711581948224,4.314859916053233,4.5114873688731505,4.892320456959098,5.147504049535987,5.524331507833516,6.148804187896297,6.680490984915627,7.470622442020112,8.322909955972465,9.89880196809434,11.43626450214792,14.092685327465947,18.38321373620612,18.175419791585334,17.600801043017338,3.1091339887264384,2.121582866574807,1.886306584801256,1.8089145059766534,1.7017298472695728,1.5430935579730685,1.479779437006281,1.4152978624273334,1.4104937935183355,1.2035914177363023,1.194864812037782,1.1483733056936083,1.1333986780859482,1.134663848574574,1.0478941872282503,1.061828714188897,1.0598188500163257,1.0273228239604992,0.9630527625905265,0.9612993074100948,0.9447305189904565,0.990229928124759,0.9735230814326179,0.9609548494535619,0.9506538467630614,0.9787097020028585,0.8746647459542097,0.900884069657226,0.8935632846135405,0.8848352150812621,0.8956721190115475,0.8899441303457497,0.9799350275418307,0.9738114608675398,0.9996790557407541,1.0573684374377281,1.0685472501864153,1.046250951472007,1.053814318081672,1.061805226491309,1.0599473800251291,1.0353979210378366,1.1352355234212872,1.1416416721222498,1.140605613562018,1.2175651673750465,1.245237921857077,1.2930815315569228,1.2937219287433865,1.3887427672257162,1.543737129957583,1.5800032297504325,1.5810646382652829,1.623146554335209,1.8946417965716504,2.076256420573039,2.2478909118491455,2.487994942550838,2.82058508308498,3.285675970976719,3.930216756047186,9.437083477217787,9.050641616654183,8.773986153031755,8.382398613910626,8.038447396785873,7.7139525387829915,7.384636991666999,7.038575556683265,6.6404579841716656,6.1312719233337,5.840108666287998,5.348813677662385,4.868501730498989,4.449585929318868,4.094562500422531,3.8398373961399095,3.426156772594978,3.16989082786079,2.987563025601192,2.7862207223902344,2.7132903244886197
6.275,6.789723928666902,0.039594281119179835,6.811672423005688,2.4869619482422127,2.345672216354404,2.2477051848975105,2.108082256712075,1.9682280631952696,1.9866262513581143,1.9344561226666332,1.7784004305000214,1.8580270817801712,1.8005504365595701,1.7112274593542305,1.6147097060521245,1.5659269076210898,1.5472606095016888,1.5628193027804949,1.469781536911209,1.4747964345383942,1.3862650337880462,1.3597964562081513,1.3651736823429188,1.3594258851739134,1.363500881680282,1.3766627866710885,1.3715202427192585,1.3024732994692152,1.3022788531492264,1.2978619631133834,1.2903084585733822,1.189467016310535,1.2090477256817085,1.2009290297876292,1.2282802641344017,1.1895845676563073,1.214642379080599,1.220669752697925,1.21243788166092,1.224832119549381,1.2202297029823128,1.2060990089039245,1.2105553046734385,1.2125923040528281,1.2032933875678615,1.2073438533902643,1.2262520875940683,1.2288795749396888,1.2116514965208858,1.3102828428285416,1.2865875834344738,1.312369641745479,1.2965996276453369,1.3881357713601217,1.3797680450996483,1.3699687938126983,1.4477376396295554,1.4647148192309472,1.450998033781769,1.5246620343068034,1.59180755903136,1.6094147011691873,1.7079427139922372,1.6724157163782207,1.708340018965419,1.788460558589238,1.8805219664082826,1.9449716264351928,1.8734802062462603,2.0183836627286023,2.127126627841528,2.0814859804072716,2.1988097215753473,2.292788851529598,2.3602305044566956,2.452682009832117,2.625622449354523,2.6626086036686107,2.8926626248236627,3.0389199526553425,3.178577968363994,3.3400467071469087,3.5106274311058714,3.775135008716223,3.92225165054624,4.137528858958047,4.532502411895419,4.7741908077123485,5.208216240428895,5.659379455311231,6.067461199434488,6.809615768152459,7.715694074875628,8.590556222053914,10.144622358877056,12.17538445149618,18.32930443148026,18.160712803070336,17.839300580851795,17.181481570915853,2.952318763937451,2.3495204837592736,1.9540868972850924,1.7041773924012231,1.6629372992246183,1.6347329185354187,1.439511550258327,1.3816339103365105,1.2879774054669646,1.3314003457680044,1.203321990414791,1.204456528181716,1.1406032474736347,1.0609674170594228,1.0627113175957446,1.0576515225772696,0.9783978791973487,0.9727781902990211,0.9826383588342138,0.98620045179675,0.9839456723361689,0.9814437439621713,0.9602802705438063,0.8925618220419446,0.8743402805113587,0.8745353662687209,0.8848721891506924,0.8874874629225703,0.9033641853527468,0.9065457910520147,0.8813852352455497,0.9075838349333634,0.8827283698368973,0.8868266249189631,0.8912280441311038,0.8877261300448467,0.8974671735751432,1.0253086910764808,1.010166982999464,0.9938534710304606,1.055254621365009,1.0480179395798115,1.0460873977336718,1.140874969097831,1.1151047690637976,1.147136720428727,1.2213182703543188,1.2275058991554435,1.301944219726991,1.4234881300899311,1.3842464174012956,1.4518086872586977,1.5975005632657069,1.647369360858771,1.7845156282409411,1.9259576572977275,2.199370216716462,2.443144924900197,2.7107125355893436,3.1138852848607383,3.881187406987154,9.427375280190628,9.081275768678788,8.791284378805667,8.436188175791003,8.137757047347375,7.770760218951725,7.4974251641375895,7.04329473551035,6.718227743394968,6.284355699909039,5.835819663955879,5.364116460067041,4.797144057119174,4.407804973840901,4.182382432480337,3.801605064617154,3.548642470195938,3.3641297907720946,3.098737734077142,2.9109958778697225,2.6459704981758803,2.571741609273137
6.3,6.797182595775393,0.013494660318328489,6.407245423665415,2.4510124993029163,2.4006618006774936,2.195308880657848,2.1946378012908574,2.035272075211252,1.9706799593039115,1.9557646331091312,1.8904299821623207,1.8099161552290783,1.7232179378832309,1.646817470719967,1.6658426037498324,1.6586957675223142,1.6060434050242383,1.5150279312861599,1.4432331239696197,1.492051190188671,1.52656585281464,1.45824696049543,1.4657258704002403,1.375821879145319,1.3792407161855422,1.3650855150375456,1.3693289584364685,1.291168240184458,1.304980616076036,1.2777142566537238,1.30794578172079,1.3014419668814112,1.2227499358751879,1.2044272727370489,1.2147517872808151,1.2300992878232226,1.2208648296221016,1.2035632141105679,1.1987973422129075,1.2126677479941286,1.210941379672583,1.2220688773876587,1.2261198786466894,1.2112234385162235,1.2034156124162056,1.1966843148347162,1.2932955935541806,1.307655968432956,1.2835749119169029,1.291920301950387,1.2903327143721204,1.3721585102935727,1.3944861971487137,1.3737003309817601,1.447278048250235,1.449985907665705,1.4774023214601288,1.5535099871696767,1.5325568191434513,1.556342640745262,1.5364319770916373,1.6001416807245061,1.6931556077472112,1.700991270200697,1.7653227437681585,1.7745988005637654,1.8836480958844488,1.8969580632124425,1.933561166222638,1.9830827789970242,2.114702788862622,2.1779437611566967,2.2779459806925,2.284592778024429,2.487484678552505,2.5459845347947603,2.7497329604742173,2.8472812833485266,2.9696549299344848,3.0569887988055826,3.2620913469559274,3.4292160111267562,3.5879667208865325,3.923828912756384,3.992705968138527,4.401153828166886,4.589009347968948,5.040735777838153,5.499332815511781,6.089423274723768,6.620686329847105,7.4908043456710045,8.63242022118326,10.040461834678185,12.244207455070141,18.13274158881531,18.032153075463892,17.66047954986215,16.951187380781324,3.7911605354416316,2.6344673523005135,2.209996027275739,1.7851897807251953,1.7794317432820308,1.570148147772322,1.5399929402983576,1.4269742692526703,1.261681815886241,1.2174482980174697,1.219881401149264,1.163416169568353,1.1451116678596027,1.1320462630704822,1.1196479826343453,0.9595048244573959,0.9812273633500922,0.9606831112864241,0.971444468527133,0.9539033868381497,0.8943815822290846,0.897715520980228,0.888935351707842,0.8828418096607886,0.8803491037236397,0.8743659006368723,0.8703597976256741,0.8908173862285318,0.8893433196462264,0.8903274770082072,0.8753234555786973,0.8957535053370744,0.9013572538750536,0.9123513076076497,0.8977079359966067,0.902874688097701,0.8884569943413922,0.8963566262120741,0.8822415569244458,0.9721811152416417,0.9575234623927409,0.9512151781111182,1.041393166347114,1.075812901893344,1.103140102472057,1.14863864130659,1.1204212308021932,1.190518359476767,1.1811546836891353,1.2226741564829837,1.2778618196923337,1.4573206540989032,1.4798649381065332,1.5702245776838282,1.6865848274658672,1.7952537239545858,1.8634376508616515,2.0954532627550777,2.367671764733928,2.8549241878845892,3.2964357002951683,4.68100282569624,9.277461272036525,8.924908671264944,8.634457469422234,8.289827994478387,8.046896651685348,7.722354001449476,7.190068071278493,6.849748493111578,6.369108077378883,6.008310469196369,5.561495368320373,5.205136242074916,4.55822040654832,4.353252683629759,3.966586960976639,3.7391497365824176,3.4705468331475577,3.194279855317915,3.1009793510224317,2.8868577437874885,2.601191977276027,2.6035472366103036
6.325,6.64924912866841,-0.006948959496372746,6.468103736447972,2.4540729499973692,2.2923517187113442,2.296794851175063,2.10901196608067,2.162613558513373,2.03869758696154,1.9313205196088725,1.843690217688026,1.8429150593346257,1.7781958824236377,1.7112161990667993,1.6739140324978172,1.6322181585119016,1.5700761577140812,1.6273273116857778,1.545852687372326,1.5407415679220824,1.5258084048694387,1.4657489849018106,1.438172822427672,1.376948181139467,1.381115315921548,1.3918554555090608,1.372254263061018,1.30613252687362,1.290791804449414,1.3112103021197554,1.3153643721336072,1.2893893317216802,1.284098827757135,1.2978060523791344,1.2941590932547369,1.206510024154275,1.1972615155250643,1.1972621697661106,1.2109808097535273,1.2234800907132863,1.306608192820855,1.3032441355093096,1.3101127231686651,1.2734246407019363,1.304616103535522,1.2916458378574525,1.2764626395463639,1.2857675477742512,1.3705875073946874,1.3696660790955453,1.3701457708156548,1.392025403282938,1.4700704237191933,1.4653204439638419,1.4650993386258893,1.4828866762537098,1.454887415094654,1.5383718723737398,1.5108564773332696,1.5904276708031175,1.6780063443825344,1.6589856399182898,1.7211885330069003,1.7384391066646518,1.8041465281369338,1.8041421684418477,1.8362775886129683,1.9493552163371104,2.039677967945524,2.070534687996119,2.195211439253521,2.126427060156457,2.3870084554462854,2.3970962464708223,2.5752891686980086,2.6403487229684757,2.717552007543241,2.8161291369563206,2.963336077514004,3.121726020974594,3.282826286385642,3.610553367701653,3.74996515025986,4.030464886387225,4.287000353141483,4.633150087894918,4.865730214203695,5.3149147491464666,5.937791310009452,6.474158299397661,7.413340056212925,8.44823094503623,9.853633187844032,12.185725392638126,18.0223518875715,17.807656417250225,17.549495075910244,16.802717192975596,6.939764712718678,2.9985510642026565,2.0894192027360403,2.0474982680083507,1.8143030644567675,1.6478690298051182,1.4635842118256945,1.3776176965469942,1.3084848990934959,1.3091936034354907,1.2868651952809922,1.1386289758236576,1.1384518033018016,1.1393727409711663,1.048057062931308,1.0625113220821905,1.0046129996778712,1.0032309832180843,0.9538526358000126,0.8820864845358476,0.8931663714542886,0.8823075262368402,0.9014188660303717,0.8847178536076566,0.9121617999749677,0.9029353104513689,0.9151420613776553,0.9004654891661373,0.8835690076970343,0.8744859485127033,0.8799441806221184,0.9109193383277814,0.8992824769346307,0.8939956141653177,0.8890448275252589,0.8896362467389751,0.8756510670015186,0.887095733904797,0.894749819812825,0.8805707812791274,0.8672217497742001,0.8693969094861361,0.9694907753838632,0.9624087145398114,0.9577599954072683,0.9575018475271097,1.1389235302526357,1.1363794456261609,1.159850787565449,1.2372491804193522,1.2129704722212504,1.3051716255651722,1.349788171735637,1.3354429277891646,1.5987023969169487,1.6125971380834427,1.6657187167716867,1.911753951124169,1.9982097381122965,2.424318446565566,2.9750216103928726,3.7021045190228,9.515445062713312,9.238553058446364,8.788128311381046,8.521023273632839,8.15698335136712,7.977703006733974,7.481112632940131,7.061880254733847,6.674285820289962,6.283606060897687,5.830809592770617,5.42554850518808,5.013969783363937,4.517742100063418,4.130312818227989,3.9146297613896217,3.600234579427885,3.31046642141406,3.1769340418851137,2.9985325183875866,2.823649461896141,2.6376099715106966,2.578992231338689
6.35,6.603454765533517,-0.03391497591477654,6.650678674795641,2.510341965827967,2.3438517217960277,2.306639416935457,2.211388288230675,2.076358092777666,2.0332063527028765,2.0387384206202763,1.9613856755373724,1.8638749435838855,1.813101533300089,1.7550872041705543,1.7749027113315228,1.6717480405264384,1.7307374708548369,1.6101627764785982,1.6304982321663604,1.539412641263713,1.5346564123981805,1.4652736347440523,1.4500450857006295,1.4418434763942496,1.3802044128512845,1.3793160772844886,1.3625233456207355,1.3748372100156676,1.307164516102032,1.2943101562101667,1.2835264170354754,1.2980647366918465,1.2916510352633728,1.295148475649957,1.312332539680385,1.3030867888145952,1.3007622585202936,1.3045791502133588,1.2777257590183657,1.2762877778419028,1.3057294340132304,1.2903067005967703,1.291455115677453,1.2992233579756958,1.2870220308638642,1.371581019962489,1.3825528680061743,1.3813899763298194,1.3782369137424306,1.4332018635656874,1.453895714918309,1.3908746378372239,1.4419322513806057,1.430628192152314,1.5102452922451717,1.5039372620201366,1.546164726081101,1.565813648428813,1.5929549227909476,1.59107588712086,1.6227347204079758,1.6988998144120093,1.705556163578694,1.7359034942422662,1.7871462978501054,1.9368111203077067,1.9530922302690332,1.9401835676593298,2.029907213671439,2.058043850307483,2.2608726160024024,2.2278876346363177,2.466302948327157,2.4699700276299112,2.582673759946167,2.6486508855874398,2.8360721729698004,3.029024612991949,3.1476443183522544,3.245241118878867,3.4339006249076687,3.6646294620312525,3.8614965680386755,4.19220950005951,4.409338202865146,4.872573589785186,5.161809536342358,5.72111243601732,6.324276018141176,7.169474005431007,8.14496108879613,9.636866060312723,11.712972335409665,15.017046776230446,17.731061450923303,17.42126129609355,16.909062663178325,9.807170924132233,3.4482908660550278,2.59268021028871,2.101065139208674,1.9181248582916164,1.7131430118169992,1.4937395812838377,1.4913789187352875,1.297933938117838,1.3020748495728363,1.2495863951619515,1.2551416231260946,1.2274473482638608,1.0641308018494562,1.0329527505933893,1.0764318411999132,0.98815394400857,0.9507219026579729,0.9726451467839724,0.9547706302892713,0.9563273815504711,0.9242084301473629,0.8884184448319463,0.8963593540655915,0.807647107282729,0.807135647160141,0.8210010769038183,0.8077494294275082,0.8197251052150998,0.8077462828759642,0.8035146785570654,0.8146169168272049,0.8029865302491541,0.8141988231132768,0.8029028453260344,0.8015399121433707,0.8134708907161676,0.9145560514621198,0.8936730650707578,0.895752174848501,0.8721165040032152,0.8915036478618369,0.887373012971651,0.9029990996204977,0.9750506936357517,0.9930254546427218,0.9821058706295586,0.9688971698207873,1.0423074216726584,1.0509955456324305,1.042842372305764,1.2296925553046636,1.235454337340743,1.3306438412958863,1.3667096521964428,1.464658930549828,1.6033932382642944,1.7286593297757404,1.8019453272990447,2.050315657055546,2.542102964605793,3.125880705197709,4.502406582462304,9.343289773767953,9.039418930430072,8.793246317708547,8.48629399595851,8.157772910301945,7.778042603305584,7.360722586125602,6.937744598817849,6.486946074012376,6.083806275516008,5.561525612707266,5.088761974020058,4.691961479769683,4.358036508904413,4.124291327614747,3.880958571668725,3.4924711360667877,3.314355984047101,3.1349834873384363,2.9640475128860153,2.743812259691897,2.7492465626919875,2.5419648722546766
6.375,6.611405575987345,-0.05342867894462969,6.779717143133105,2.522415917882451,2.511694957954829,2.3640694555499056,2.2516198032441572,2.1525745902492552,2.195456482525159,2.022887565517667,1.9809732848867492,1.8474015074858952,1.8648219146859988,1.8735086215705579,1.7671754074382433,1.7805088712703525,1.6913173147997673,1.61546488661135,1.6301338779838135,1.522599780486016,1.5473676498435955,1.5401065426550522,1.46550641362931,1.4594755535128494,1.4409073085405535,1.4649870036732642,1.392771906684885,1.3658722362571878,1.3744631346535707,1.365500928051687,1.366342381803601,1.3771508565269226,1.2940094293545938,1.314643502578557,1.325332475737418,1.2902222071278873,1.2811047074351685,1.2933692144197555,1.2860196090832474,1.2901167793946853,1.3570513738717693,1.3692090027441879,1.3793356164465476,1.3645803598318615,1.372125960126755,1.4144522698542725,1.430251863155864,1.3463083215845095,1.4044313311109256,1.4080621555663295,1.3948107017797051,1.383977704414384,1.4689054014510243,1.4653706211122535,1.5739583471922944,1.4594279146672762,1.528500532901345,1.530003337106907,1.6201809311763469,1.6079986991717727,1.5973962988811343,1.7018287658112254,1.7812090620198056,1.8169743053676704,1.8157678912631345,1.8945263365890452,1.9465448068337374,1.9504774589562393,2.0955806858277817,2.078883368987861,2.1941764805046433,2.3057787659499596,2.4222075694937635,2.4586299817084285,2.522573942207684,2.7146328233042176,2.80447321015319,2.9736014134902398,3.1306259895172195,3.259020801139279,3.410575958993818,3.7207857785413436,4.037124390368201,4.31563260839959,4.556695428152021,4.8682751423528545,5.4028177605431615,5.861697447674808,6.576583250867883,7.513905636459692,8.40255782196491,10.442136414353069,12.920522552446693,17.67322873290846,17.46825870695482,16.98967361236078,16.09462333624209,7.389456027723432,3.3361594493144,2.512784593889708,1.9690808995257034,1.7780343656049669,1.7258175365747215,1.5806912855623871,1.3624687121101176,1.3814510007204628,1.3483903397797956,1.1273926153521585,1.1302915072503679,1.148094442426856,1.0705779393900243,1.047596661608036,1.053474863660743,0.9828342372320543,0.9528685675236714,0.8809959114252647,0.8915364298603509,0.8811702041945804,0.9005514936360998,0.9025317886790215,0.8940644189412751,0.8774114077120431,0.8980332506785033,0.8973438096921181,0.9080150367485831,0.9005295059257227,0.8171268898391276,0.8025660424246196,0.7979872550974434,0.8162346103886908,0.8013742554641693,0.8229418919066038,0.8120932137135375,0.8315685181304261,0.8072007933709608,0.799988238632044,0.784921474593536,0.8167647684015092,0.904384521909708,0.9039960415847788,0.8894362599889697,0.8950716164544545,0.8811862510428446,0.977786876239663,0.9683488271809368,0.9875366846314372,1.0552469373147517,1.0311859127491643,1.0323031104907265,1.13316204348021,1.1255337178483449,1.3679518504103005,1.4062046801015375,1.4830716611320751,1.5626871924429477,1.7525163630512974,1.8810542498325478,2.1564408838332483,2.7688822978341983,3.9662299619970898,9.467585964854377,9.202113978997222,8.826880919648639,8.457795492661152,8.13330644767702,7.800962185345822,7.364247058113663,6.944649262809108,6.592589239094948,6.201653861544925,5.674528068208952,5.07271605246547,4.680167495371199,4.4535624856379865,3.973822233540751,3.7900824466054193,3.5409709162328498,3.3237316373744883,3.156363421704562,3.084079090532277,2.966310298077052,2.73822779778843,2.6468924030690477
6.4,6.635643111892167,0.008435856174253265,6.56229643370835,2.6084064982511697,2.596788938844319,2.461396149135858,2.284169227472321,2.288814725194435,2.2392143176827775,2.1262987897838124,2.0322942509981083,2.0304267226590773,1.9467995178485253,1.9635792291864818,1.8615232914105067,1.7958027334668722,1.7211719214435284,1.7247840815985347,1.6372741729382245,1.6411876539960883,1.536545880667565,1.5641329965871755,1.552802097168777,1.46821069176625,1.477288929446742,1.4641013413164028,1.4759620090015209,1.381558988646588,1.3859366607195525,1.3923551041155542,1.3907256823797125,1.3903440189824685,1.3973121981542498,1.366981707537222,1.3950824187882995,1.388933915461272,1.3916246743286365,1.4061411040910283,1.3824296889735546,1.4078819496032378,1.3732253431186092,1.344840338412406,1.348968238070792,1.4065862497353907,1.328387567390584,1.3307818016457003,1.4217536849633712,1.4046791434304802,1.3908637010139087,1.3967098621212772,1.4896765722484997,1.4783010413009017,1.4106147302110474,1.4623738991598305,1.4622793811371828,1.5396495417505476,1.5315780303294464,1.5297248835133954,1.5982085086058893,1.5810034747872277,1.6579452175067773,1.7611796172975365,1.7276713287098857,1.7449575427520252,1.8232121417765916,1.8109578484077185,1.9599941987660612,1.9679843532223493,1.9872390843193268,2.1884792101915553,2.141161892269429,2.2654525279331903,2.2919742235419465,2.4068318471526866,2.555060494494433,2.646472186524866,2.709451169597193,2.79814719996317,2.969439303719904,3.3183508495447565,3.411706189736394,3.556735752628644,3.8540546086688994,4.0798805063381876,4.3553569275521715,4.8143895119311235,5.2254140026064535,5.654756582822714,6.426289171725491,7.2000752560966195,8.26849738950935,10.283291345924152,12.669915170489382,17.53572701221971,17.259088149186987,16.811650459368174,16.126659878901577,8.088587476680873,3.8387010536691677,2.720048861636702,2.1945755453039713,1.9403311029587644,1.662555683857929,1.651592241213271,1.4242402610355505,1.4159865392850168,1.2340119329161643,1.2002252943278122,1.2380427211669618,1.05344512061362,1.0513900696686271,1.0621646243027654,0.983706470760063,1.0071685556166334,1.01979640783227,0.918514186737497,0.9736053460646866,0.8327677715931319,0.8269033264042343,0.8140451160225788,0.8261006027491055,0.826270115266482,0.8202622786099306,0.8114624606072797,0.8251139744921753,0.825426494391689,0.840966938856938,0.8279085977142212,0.8309123119067926,0.818694640842418,0.8311955426325464,0.8290827257281127,0.7539037594445043,0.7327800580451093,0.751094738363693,0.7411630718669753,0.7375674605450274,0.8344470372831764,0.8247836023051768,0.8253355337493097,0.8233644291301311,0.8187209064329914,0.8331003301004754,0.8979480104449806,0.9114095916314423,0.9285495758086665,0.998594411592163,0.9712047158736972,1.0109342227789369,1.064891780630153,1.0601059961055803,1.1441807868424032,1.159368887165876,1.2466037600735185,1.4616489930101433,1.497975314028147,1.6475278899040229,1.8723420869832936,2.2511822128644283,2.8250545579466904,5.252959511864497,9.377483834299063,9.071618188663038,8.75036837723629,8.413904564649968,8.063059547222924,7.691415104406842,7.270466549940088,6.932000436641933,6.391299608962258,6.026458543966615,5.467985924027519,5.01254814629561,4.646201924543576,4.390689104834143,3.9492954239077185,3.73464011135033,3.5047185402657832,3.3377076695163406,3.2209373003914203,3.1056543616681256,2.840920324676482,2.7920145337882234
6.425,6.622041095316696,0.017761919386120043,6.672195085224645,2.799995521312577,2.7789416463029672,2.64100964138368,2.4459228314414,2.489457465781753,2.350190990880715,2.2591163559707277,2.2333733953710633,2.1662633452309077,2.098951812591959,2.0146094331512647,1.9250356878860848,1.8431894691659751,1.8623302560108013,1.783293743152873,1.7902938863443398,1.7040707968885358,1.6851637093144747,1.6173462885529286,1.6040752377350602,1.5381495896856134,1.530967061666562,1.5524819885754741,1.5260401736429474,1.444330605703728,1.4289733240243185,1.4474175332446388,1.4322551346748942,1.4515688919237841,1.4497927456910953,1.4458045703635065,1.420411645779994,1.4136922108407923,1.4173077570457282,1.3943423194997548,1.3880031828206698,1.3978596101896343,1.3763787238097356,1.3771340301705546,1.387821633493396,1.383699554716019,1.371949671788837,1.3768041037769123,1.4671443275840066,1.4541222952660016,1.4457045664787809,1.3502851482324887,1.4432182703354104,1.4320977962046901,1.506962918859341,1.49362707751364,1.503711560456149,1.4647366279013074,1.5496768201535736,1.5372569907949363,1.6329791273650638,1.6029608872061365,1.6265383611760407,1.6872643068776743,1.663495832957304,1.7201554969710775,1.7496858587935356,1.870333386429335,1.8093284996211663,1.9558522683653505,2.0587290994071736,2.007956728074561,2.117857747517491,2.165924430851107,2.264501263375118,2.3454742995521634,2.4198842139958625,2.5207441754201056,2.7092421302809084,2.8262591559371777,2.9331078900258976,3.105984035948289,3.2399004914831115,3.3499551600228554,3.686990670136828,3.934834514656628,4.168284684898634,4.51324509777816,5.037719529343121,5.436739735622239,6.00513061313704,6.74023137993118,7.638276903499296,9.1350692274103,11.395702165243845,17.357965202729257,17.2399454170305,16.994809506635328,16.42942064852238,14.094441487768579,5.865734304528663,3.3073145534496358,2.493308564244222,2.1584839535728118,1.8454779833339001,1.6270162883341255,1.4757233942727312,1.4398784696302929,1.4267972941353544,1.3012959085500957,1.2102883837983716,1.13338551925153,1.1272624431049505,1.0340493763063783,1.050212977115213,1.0576367821892496,0.9780621402556464,0.9047550055544632,0.8842119819874068,0.8692578367766026,0.8745414589237034,0.8324971043013493,0.8478882974066373,0.8422637791616985,0.8556891080540255,0.8010831366023626,0.8127051514148234,0.8015578739451338,0.8114051523428438,0.8168579447875266,0.8088762711788212,0.8000542596489448,0.8195350303949208,0.7893654316516412,0.8115729338758154,0.8160500358759409,0.7988442472506988,0.804964198369387,0.8029878203014115,0.8172255053231476,0.8060240869698129,0.6972974393886835,0.799010813407029,0.8045879614952394,0.7954442412177217,0.8052336925212378,0.805383065683201,0.8993692960616633,0.8901235355672926,0.8771022937696429,0.9870543489448637,0.9544652809491078,1.0730767136716528,1.027476777859622,1.1158798797021512,1.1249019327618157,1.1821303375947607,1.2812053158461982,1.376086959573711,1.5707120335231513,1.662541807893135,1.7949742604911696,2.3907839507605475,9.723734433239466,9.390906588166635,9.101156408287588,8.762465720857577,8.463523076942712,7.945630434184923,7.715962132263074,7.267473924930262,6.754410034600398,6.294408145984133,6.029481311538221,5.381947405967875,4.977621218704039,4.634502182599637,4.3613862558365035,4.151387961299387,3.8974402847079355,3.671919617565981,3.4893955417939875,3.2317960824405705,3.1256798700234496,2.9999369527031754
6.45,6.634215847768509,0.02786406659400791,6.782093736740941,3.0636392431085495,2.999937869240418,2.8138753456378685,2.6755639610407647,2.680475527874417,2.5056475018060405,2.372958065907351,2.343508747656178,2.272024623068951,2.1881285370919037,2.0853644002852,2.044761515833785,2.032523678792966,1.9348413916930152,1.8672466355097026,1.8707564655614886,1.7787993951555425,1.6928862850491402,1.701824559772196,1.7056061525289932,1.6177094262123914,1.6157460430523143,1.6165041488144827,1.5316406867461467,1.5465917906852102,1.489643692567098,1.5025139114068817,1.4991834103327355,1.4662827360109003,1.4784903277784096,1.483461326031841,1.4688757161205992,1.460554847699132,1.4423570213665102,1.454477762555179,1.3842199225657972,1.3606387182220732,1.3610010392592442,1.3775636898188979,1.3801598266892576,1.4624679694355764,1.4118599689678368,1.4128864769823375,1.410032189905486,1.412780011138663,1.3869010010900862,1.3965396945113218,1.4748144866279713,1.4092237662015195,1.3764430445373403,1.4514919273488538,1.4514147996952127,1.5231214738128873,1.593957438758776,1.5394007540662598,1.5792446168544272,1.636340890428456,1.5953277163144317,1.5920756447565623,1.6583438936568762,1.7146781521090944,1.7177555629191013,1.7918232207600173,1.8966048575746377,1.9522253810480126,1.953930413610494,2.0131457660523355,2.057212761795496,2.176119915363579,2.205663540697087,2.284807903615661,2.393148274611853,2.4685782637929172,2.5229220669024572,2.699744277846181,2.8319139491863505,2.998665447636876,3.0299408109182586,3.2278506154627964,3.5314722688116484,3.765468445831125,3.965886966554516,4.403940285936564,4.626607138421839,5.06380789474102,5.646987486677789,6.278503292391665,7.028524571987156,8.470659052628957,10.129153604878077,12.658494001893615,17.08676541200313,16.928920849080566,16.550522219344124,15.816368650165675,8.949985984895237,4.551081269839349,3.0516830338126053,2.3617925514015736,2.170307182508771,1.827898299117213,1.7164050426333943,1.4818036967238368,1.4549622590662412,1.3020024264592234,1.3317566883051204,1.1574894324771743,1.1575764570616465,1.1195911255235789,0.9440740728660931,1.006823267024864,0.9976709226988033,0.9196514624937913,0.9576723191265025,0.8850619676733094,0.8245384483403524,0.8074392228020898,0.8309496168845383,0.8135671674962055,0.7950459040588521,0.7940159286420317,0.8167562702036856,0.8454056028713594,0.8097360735402397,0.7980575608201426,0.8140048605688379,0.7353143333906813,0.7382192156502693,0.731313555673221,0.7322016086785728,0.7262341671269087,0.7313345793177299,0.744087895141026,0.7349100994390894,0.7173550137463021,0.8196497749318864,0.813700563990115,0.8224177537151705,0.8179818519352229,0.8159535871678675,0.8139009459347536,0.8010183628601454,0.8485316995723594,0.8480666835920492,0.8204667154391848,0.8985575147971747,0.889879804225493,0.8945735300371841,0.9726333796325514,0.971529723689531,1.041813263164929,1.062392422054779,1.1331389495134105,1.2138560794515207,1.2834693901893384,1.36971049910596,1.4724675310649125,1.7867440508361063,1.9429459886179177,3.125930470529715,9.472785541480983,9.152239398523092,8.809562998227737,8.491976789611712,8.026717774901707,7.798922041868516,7.358519327662834,6.80330911589976,6.363128167696156,5.90102333646465,5.3706578251615635,5.1194456510946145,4.740968955244564,4.469859544097826,4.139870626031844,3.85799780613057,3.631942976089096,3.475031116655303,3.384774218951735,3.1581970743113823
6.475,6.657275882904848,0.021202511123137792,6.932940195006682,3.2921456411998835,3.174933419502616,3.0429543638792937,2.7990099127820556,2.8009048005030905,2.6653895079110694,2.5184728678847725,2.559296416391983,2.3830734182071733,2.2986501452264925,2.220905883245207,2.1456570443844827,2.0646244791526738,2.0427322735743885,1.9694018218589688,1.8747888135899817,1.8892232420748531,1.7893090627945554,1.7712202680617535,1.78470065306497,1.6773904640138244,1.6775341681678924,1.6720346258004082,1.5893016501226636,1.5833830711665096,1.578221088024777,1.5844995938493391,1.6003816934283202,1.5819813059393746,1.611209424175084,1.5065277573384255,1.4275641214792454,1.3973271793942166,1.4131877738793392,1.4145810472481284,1.4590093995885949,1.4756730575645252,1.4695552770464486,1.4644437716004894,1.4329346449562026,1.3638314181838815,1.4532928744699647,1.4093584200974278,1.4096958205032986,1.4055567384089365,1.40241260583029,1.3937658943186446,1.3841579728774576,1.4430344831229218,1.4094182837002127,1.5095945980267669,1.5255107730923143,1.5136010979760646,1.5233848870591498,1.5801921118547453,1.5245134798387738,1.5927841562890557,1.5671506936955188,1.6611768666229583,1.6579748498204367,1.6904656860888376,1.7214111171256787,1.794501494675592,1.7898540654643293,1.9089768744056919,1.945046228105978,2.02129470736991,1.992031411239863,2.1063590657592215,2.1680752683765174,2.2421171184304916,2.2248536022020464,2.4176148593682307,2.551639401717169,2.670685614166925,2.669774944440819,2.7936648601934078,3.062331809077311,3.2437489173126584,3.3956983029706214,3.644188531937944,3.770626456661447,4.015045779580896,4.507392202186068,4.735674540336224,5.343770088069648,5.889573679559386,6.724312056239821,7.733616762820736,9.19113794498264,11.19943101190593,17.00598934410032,16.867164021156483,16.536948784258566,15.967321856881703,13.074264075227255,5.993604375973491,3.944690757676864,2.887141649800497,2.264115363420208,2.015931231213508,1.8404508262537553,1.5137591179889236,1.4839032049956096,1.4005243062231576,1.2040963270113032,1.2027138247755085,1.129983180391256,1.1703366812722924,1.0206375602873317,1.0230663275737197,0.9635102457927378,1.021888967484007,0.8530059439755664,0.8594263899878908,0.8559978185137526,0.8930527259910408,0.8822840164954086,0.8084452911113565,0.8016467580881349,0.7693760642242833,0.7742045892734377,0.7845570548772867,0.7637636947940191,0.787631343218635,0.7850900317788273,0.7763370444690573,0.7812668897152705,0.7633640565095697,0.772756230525069,0.7694942624506322,0.7533553007685511,0.7577909135686833,0.6946393450194347,0.6981764698570904,0.6964464488632125,0.7002036542873566,0.7868819192700929,0.7536228854114682,0.7548919078737542,0.7721824456075983,0.7486777686240185,0.8408338081131507,0.8531332496393037,0.8526225478636812,0.8445936619455029,0.947878806398072,0.9296511608525524,0.9171835204585841,0.9093306487157963,0.9522917857171125,0.9609662601586131,1.0272804477678208,1.110443470447248,1.1144171892006343,1.2055798875224844,1.354834210706817,1.4024102356978794,1.4988317819658026,1.909927525764204,2.321264082462072,9.50832995776228,9.110203065294785,8.859505623159121,8.453015989318184,8.079196358754054,7.7140615008419555,7.248378475182809,6.779593327436736,6.300322214423879,5.9293380938579325,5.337657773850404,5.146070954812239,4.660521825789702,4.463292533574563,4.212273434500201,4.023415217335614,3.7897702569698786,3.551714805023688,3.338409402326996
6.5,6.69066409569539,0.08653450018855624,7.2067798030847205,3.4903722887895676,3.280782374164649,3.1504624639990246,2.965784767414126,2.902272349051856,2.784881318383024,2.6421030054359806,2.647873858559621,2.5822550009114704,2.3834715556172434,2.312896996399221,2.221391221430963,2.1895917617108513,2.1190554129004653,2.040025819508627,1.9623130161787614,1.955827045366125,1.87661036215285,1.8645310034145406,1.810130965257015,1.7867719794932408,1.797810931454515,1.7045056218502492,1.6851728305674014,1.7082268889175818,1.68274887061303,1.596699725230946,1.5993264500011566,1.599103625947302,1.5101817020336006,1.5073049240040768,1.50055568934015,1.4925269992652588,1.4875876812896036,1.469619369633243,1.4685346714876906,1.4902623566944344,1.4417296062444247,1.4406451467612662,1.4160792813373775,1.414599587456415,1.421732651179777,1.4211682843808204,1.3847252612307537,1.405019701290668,1.4044573387296082,1.482500287889554,1.4639140460525384,1.4498766247417993,1.474198650981026,1.4765637090316017,1.5285563958463444,1.4639170557278867,1.4497615459432964,1.5334946123196098,1.557911418847627,1.5772061538026114,1.6049821850106065,1.651129338944244,1.6547275272978668,1.716189385307703,1.6781264097598465,1.7711875089527407,1.770649850238696,1.8727159972855825,1.938680544018444,1.862514797543565,2.026498150118997,2.029783554497445,2.1407641025280246,2.164346170933908,2.2280910439796187,2.3966308775128256,2.422311668874891,2.5268298457673124,2.658063338711475,2.7568717077944678,2.8894457991978144,3.0795740326637526,3.309607185749639,3.47883451596732,3.7090615910037963,4.038441998853639,4.315996508470008,4.596193131952257,5.231567951441797,5.714803547693612,6.335114629757115,7.269050769470718,8.832609707797426,10.693017702207571,16.810525964950703,16.706709815367716,16.500860114506168,15.99967880744769,14.631088079873853,7.424794802238577,4.695273484871848,3.2038921313276987,2.496929004949681,2.0989774657489098,1.8922989516242639,1.7303011737938656,1.5935685803040989,1.5151535363236985,1.4026476637603127,1.2216838026610786,1.2383227812628712,1.1161371109151632,1.0386977367993673,1.074234268119891,0.989034796600635,0.9889780504521081,0.9128376805672633,0.9142314691565374,0.8901482885286289,0.8774212598046319,0.9107199080624947,0.8235478140404306,0.8103985341475323,0.7912133049728823,0.7281741675460178,0.7278190958228371,0.7357546373791118,0.7162696189550116,0.7364928349964878,0.7204973490562784,0.6489908530132343,0.7429353243596111,0.7203796119972729,0.736346706108455,0.7322353463718434,0.7435233737450244,0.7380126627170314,0.7354459824607271,0.7367966093361558,0.7361644550982231,0.7367400390356946,0.8073498519878176,0.7442784457220873,0.7604333355524666,0.7547301774622728,0.7208368945202909,0.7439087309420662,0.8181417661992235,0.8216859697574661,0.8056310984036805,0.9088523023659683,0.8744560493729366,0.8918176644691379,0.9818040676465803,0.9785286096492167,0.9754697213073665,1.0380170785992766,0.9974858311016259,1.0558172199826286,1.1452281731416631,1.205665802080105,1.3898998620849068,1.450833283735913,1.667008667881813,2.082255544591661,9.445750130502931,9.099376435793216,8.786029119876591,8.303153451293513,7.959675266430737,7.612839460602419,7.095977215898322,6.607290843989223,6.143976179068903,5.724549830597776,5.3074091397593826,5.10345490727229,4.584983367258403,4.378362829055523,4.1468772013705495,3.9266296734441135,3.7293802624034993,3.534543487503247
6.525,6.750748729694457,0.09428332100643938,7.235688859232924,3.6557358286796133,3.443265575836346,3.287843151679349,3.135203372255363,3.038644875279914,2.884513146715054,2.777490945548661,2.784572358617629,2.6250307559373995,2.5552563081507635,2.405544101842981,2.3203134879713705,2.216549492598368,2.1460898774613217,2.161421999134078,2.0674094830530914,1.9781122458933298,1.9882272281963413,1.886411068056401,1.8789506474169921,1.8686470669758208,1.7854208109508711,1.7938911011909713,1.7657484388080706,1.7159638118664553,1.738603588604302,1.5946805271868634,1.604294152143637,1.586317332902463,1.5738325254795407,1.572478616512024,1.5586908023233166,1.5722472058269188,1.533873699680286,1.4528045961327194,1.447957287288254,1.5203165706621118,1.508220121705125,1.4309723979942457,1.4185820216542353,1.4369158867299725,1.423333044675859,1.4363198464898066,1.4850749001352224,1.4941718184894208,1.40236733148728,1.4661080375545155,1.4527150589364068,1.4694910682678695,1.4505558536666034,1.402971608498899,1.4985944501206574,1.5156848883932628,1.5652787797138634,1.4339882514411062,1.5361224326652976,1.6473556543192927,1.6353422338570662,1.6127711753514054,1.6214822691018933,1.6882188561657478,1.6800804659199087,1.6870103660056992,1.8371853043147408,1.741296842428132,1.8708270635425581,1.8484391643066491,1.9389004532984788,2.0194156733257214,2.1434257025868084,2.1247505628748473,2.2330996145744995,2.3218791248326434,2.4011629275303488,2.5128153376587794,2.5762627226215113,2.756952324864965,2.936939239604594,3.0661203948933355,3.192531170136675,3.4204430765360185,3.5194582430522106,3.9259619410913933,4.132161429210856,4.558133444470371,5.038203023773483,5.56417796722764,6.191332727822212,7.088265379301172,8.531718613467987,10.415598492493935,13.673723948730387,16.551198321417058,16.276542545468622,15.77978101566841,14.931538283891772,8.30736996233751,4.716165128375243,3.622538025023925,2.834382961614723,2.3362936790026194,2.0688545934355314,1.8001717057120363,1.6069292677108278,1.5409028739878203,1.4588402812721748,1.2389450781797129,1.1957142258373352,1.0715942692858822,1.106000479876042,1.0909440836209363,0.9938255831094772,0.8971320253476018,0.9643199467244,0.9551050545903613,0.9381988092520314,0.9407711306872215,0.9336696722162862,0.7809771767203628,0.7522257209977928,0.7794955986399237,0.7677408348211617,0.7689142152864367,0.6851901252111243,0.6952327415335419,0.6847491460550479,0.703879554455644,0.6818137674217449,0.6939070723807738,0.682191230407702,0.686755331035103,0.6986051197722973,0.7648040434760549,0.689249314849106,0.6981419443253296,0.6838407947854702,0.7011779840290049,0.6891462333737371,0.6829040316776785,0.6826073385858213,0.76839522103448,0.759044665270348,0.7705474142412528,0.7656549605229181,0.7758391685963721,0.8509353365992774,0.8224171538503878,0.7981389000640569,0.7881526867840383,0.8139513344351649,0.8466652862609797,0.9412002904024905,0.9272155054413833,0.9969400495908116,1.092612399746472,1.106372094330488,1.0941522367774201,1.0848724035938915,1.1520944105382587,1.2709453599761746,1.413431414199535,1.5863144360525685,1.826526418584381,9.370409391793222,9.108801996100302,8.653818537785895,8.316062573865334,7.913889361587596,7.329577861788427,6.920100208743943,6.399128205279387,5.960539021422994,5.563389600888822,5.268624643525389,5.007105277224131,4.580511584827866,4.338369769427121,4.0960119505398485,3.9134327244726332,3.7516492308316605
6.55,6.806523726882905,0.10147339742872725,7.254961563331726,3.8314379070452196,3.5877343744138313,3.481188051780055,3.2672789194326493,3.194541350677274,3.0268400751467412,3.0120024898980606,2.8712908919874365,2.715573527138244,2.6368457484735375,2.4795770147240663,2.395014075555663,2.3067432842090354,2.2399507634095293,2.1557629420165,2.1581218936618582,2.081930585733413,2.074698066811602,1.9690512040615937,1.9793812327931801,1.8669834363165485,1.8819246337903104,1.8506899850911718,1.8554775365173295,1.6922443207135782,1.6941036195409098,1.6878092942357465,1.6673059625281572,1.6741502753703035,1.6026409507429091,1.6531409515066606,1.5707305412525583,1.5602578535786158,1.5520009017152259,1.569141658503772,1.4771277846204804,1.465541655295083,1.4577510346969835,1.4578524976511653,1.459471336114765,1.5326375043402205,1.5206991929251263,1.4318727466571768,1.4751012656284113,1.4571449668510519,1.471731075332144,1.4044257468812147,1.4423412437795091,1.4249075775524593,1.5290780996747828,1.5168151177151639,1.4250345634825505,1.49622787173885,1.4844347220082441,1.5744297793900581,1.5682084538984387,1.5327274203536008,1.612849445827047,1.6246260916701216,1.6172781445638054,1.6648639058463768,1.6747640633728862,1.6857242304035103,1.7494267194239488,1.7547791597611888,1.829360854250257,1.848220055096383,1.9672405651588258,2.0344485206264826,2.000391729179054,2.073250156243299,2.268666774449901,2.2382600258212375,2.422661646061766,2.496005127830932,2.5824401502558576,2.7538171865344463,2.910969556119786,3.0263952063094375,3.1773024822566613,3.3220361395743585,3.5480877687281,3.8161622057305187,4.198154838885736,4.550379817663094,4.954184266996828,5.430534733818125,6.225265148614694,7.117239732818044,8.35827796837185,10.161831166164015,13.5496692087792,16.381254809889878,16.1660749382807,15.65707681668653,14.745684651102026,8.314802636864243,5.285658418661593,3.6128707302583076,2.9098776853960677,2.4297102862881146,2.177644805452372,1.9024440328212433,1.7630662567240927,1.5665323259501351,1.4526088872018763,1.3960925813611906,1.236996371194309,1.117982301327258,1.1090499209679674,1.0843828598429002,0.9988818760970046,0.9551347081177806,0.9447919630123285,0.9238318284992469,0.8397136084314837,0.8207527249791827,0.83208308169698,0.8222641329274255,0.885027050287094,0.7890618055091801,0.7724311674446722,0.7699093423105637,0.7656153384869262,0.7488558840240982,0.7511889164355178,0.7462729612933057,0.7359674552036795,0.7635014118384998,0.7414724049537089,0.6678123724578983,0.6780738516677555,0.6756775153023911,0.6626438221537144,0.6709946156972059,0.6582600453504385,0.7473917828274339,0.7536684779085213,0.7500177554825835,0.7412959207719461,0.7404252874749772,0.6706992211747144,0.66631182139691,0.7458403488755108,0.757169577021862,0.7759591145474619,0.7472463146521987,0.8309715733156597,0.823824148457867,0.8208258602873113,0.9053165122532048,0.9006934962527987,0.9081263661381491,0.9069677591929988,0.9815228995443979,0.9808415917980186,1.0406462586493155,1.1611168101354554,1.2349477219620413,1.1522861839930036,1.2250423900901966,1.3972649541096438,1.5521575157745442,1.8603103342131568,9.259620789875632,8.868511060987084,8.505866211614057,8.232973821079176,7.659349957381988,7.264744518300204,6.809686598586856,6.189519981182383,5.784509859932881,5.431917625679772,5.220622689696024,4.838804186563953,4.497413745164984,4.329409384189732,4.1086017056590824,3.8883441812764477
6.575,6.858495894145625,0.1002894220783161,7.274234267430528,3.8191211965268224,3.7071648901087375,3.5144169259173754,3.399843282396852,3.2442844629445498,3.1302822000904493,3.076151277550495,2.910927340937647,2.757833141142812,2.6620149947420746,2.5882867610648312,2.427351404469762,2.345192273549616,2.2887689164933254,2.229888598220383,2.1773894689775006,2.181682212089054,2.0968197711955163,2.0379878287465685,1.9966687124966347,1.9679785368573963,1.9589031384425053,1.8011290270115152,1.7891620642649464,1.788362477704794,1.7871410520309838,1.7443800828719904,1.7164161654069758,1.6007093191484567,1.608156576912943,1.5944828039605439,1.604267222078882,1.4856339330515738,1.4831269509808918,1.4928498816004272,1.506031365102717,1.5541167526169355,1.5139530584814684,1.4529857385687812,1.4119523292375173,1.5021554344468135,1.4917474097574133,1.4130646250143672,1.3868358630025233,1.4658230752495707,1.4849719514601054,1.4787485421440898,1.433354921944573,1.4432921520364765,1.4577825112966585,1.5268645630357736,1.4858864192150751,1.5321706490676716,1.493882861446275,1.5852922099609386,1.4988520617406957,1.5449715829362927,1.6326575479796923,1.5849512609414944,1.6431481690958034,1.627721538886495,1.6942709239545786,1.7194554666964854,1.7381651007600762,1.752376373073743,1.8508124575839928,1.857268649952499,1.9839445829474573,2.029542871974732,2.0305762296381498,2.159604828967169,2.227846581026772,2.2666396904480797,2.29475572327518,2.4406419811847693,2.625009443938161,2.8077932851026706,2.8221214208250847,2.975680806408798,3.1320985296465755,3.4360248574196874,3.5881116341625887,3.785353478312054,4.268590309770013,4.5041329798770695,4.947189858357434,5.729422687513298,6.321542546727348,7.430498428346659,8.81149161932536,10.835233460349215,16.317580829600956,16.172646474848445,15.85035673215561,15.30377847784635,13.555494004816287,7.355524922725278,4.921618820746729,3.767549411608143,2.7286419043180756,2.2399255943681355,2.097488962383845,1.9141379735372799,1.6459638341825062,1.455699061540978,1.4351055146511016,1.4248905671415588,1.299142794593572,1.1799134462729188,1.105295461092101,1.0624622838058815,1.0423177265656058,0.9708002541318487,0.9789628858695376,0.9687971702498436,0.8235418817378554,0.8405370142562534,0.8490455991487529,0.8481178274791032,0.7499637132067045,0.7513731054820768,0.7165697892436015,0.7322027056749114,0.7233823128439831,0.7148763995340408,0.7436592712096293,0.7412437702472849,0.7265361379208052,0.7319424013558589,0.674083339441941,0.6694857504409859,0.6524210339866647,0.7210504527604642,0.7262678158950021,0.7337105230848143,0.7220134726758137,0.7296963389221863,0.6368839367464871,0.649857075467686,0.6638743751630639,0.644093261554344,0.7384733210727934,0.7254608847029164,0.7318526103946557,0.7326824201752693,0.8156673910530379,0.7646146443847649,0.7594001429492174,0.7635225643774728,0.7725774380679554,0.8583689986046399,0.8122482778089051,0.9115678069574717,0.9786343865382597,0.9801810614033936,0.972614129815357,1.016013915367106,1.01141979680568,1.0996016723187425,1.219682602393084,1.371465642259156,1.3050525855757273,1.4077114756596072,1.6295897771587247,1.9474216467165284,8.922758472252191,8.586037495501442,8.215151824239229,7.88085416877921,7.292126252516351,6.709645244770823,6.304269140408707,5.934393818795937,5.583023836080173,5.224187420690685,4.9229236880266,4.680196513757041,4.439834686981458,4.289019489059992,3.9752527549784245
6.6,6.907191813393637,0.04798372307332565,7.304688898426112,3.9893735021699097,3.6977282402533684,3.6350528420393866,3.4134622080266417,3.347958720659404,3.24383004217666,3.060185074691319,2.943735077850744,2.7746461048490794,2.6658464367596806,2.5903677543329233,2.519993159346703,2.4433294398147534,2.352203673967975,2.2795945594263873,2.2658848987961395,2.1686537353618762,2.1095274333478664,2.066841983412353,1.9367639972774109,1.94702400270084,1.909352910747197,1.8733693751688736,1.8624392487386556,1.8354656897226316,1.7196260422724798,1.7057636442756259,1.6643702881172777,1.6086414549836494,1.607746685467235,1.5944733164075593,1.599619286922734,1.5919012432953625,1.6256241524985886,1.4859061568722114,1.4779005990106249,1.4779905951485364,1.4894113466159005,1.4689152335689948,1.4515102942418365,1.4525001039682264,1.4419130484167422,1.4554884719505137,1.4199155401825403,1.4178751185024738,1.4183303434673642,1.4858705807735377,1.4765852759421034,1.482416867434104,1.4760781807256327,1.4783596918374582,1.5338270382208412,1.4707323773754397,1.5396916522538624,1.5263981215957456,1.494922395058436,1.5598792749670005,1.6368222905507672,1.621513714685831,1.6338120225776722,1.7075614353611905,1.6506788418106124,1.7023426584770152,1.788867919942326,1.7425134649180634,1.8675701622123644,1.8834373243263263,1.9685786196853072,1.991780829541929,2.1566094216999003,2.0980277011423065,2.1439598315170163,2.349045313018092,2.3964982974467866,2.471862092522972,2.6002449202572055,2.667032897194818,2.8177318454852114,3.0567753455001516,3.199506936513444,3.4318579947504073,3.676386236155413,3.8967262498228705,4.31550156932061,4.781792720118532,5.283489017667343,5.964328565603961,6.915148916854516,8.200443454791719,9.837169492072398,12.928170644113495,16.075142878884932,15.894939966469474,15.325873247367893,14.517493731247798,9.125610046067477,5.89728577169349,4.2555438780101404,3.281298246214516,2.8628104970160893,2.3810606452883665,2.1129405812631776,1.7575215057885862,1.5668994254007,1.462694393986542,1.4472957300095641,1.341921617588062,1.256534505421583,1.1733395186946143,1.1417755302503374,0.9833957638391546,0.9761153083775207,0.9775248790662953,0.9365632910166309,0.9039021246639972,0.9188609212497502,0.8391402883173444,0.8294992068123503,0.893447088492218,0.8210527397073972,0.7208620130512672,0.7430397248908053,0.7274310493590846,0.7463824756305362,0.7381072668875717,0.6686511501917486,0.6498304974451767,0.6520102185686125,0.7382194903781858,0.7376719945146428,0.723270249941898,0.7334706177297972,0.7358995497822409,0.7488984322219892,0.7493729748424354,0.7308955044786019,0.6439411930022203,0.650652574588077,0.726777678473384,0.7238739455178406,0.7299260803329513,0.7465809865466151,0.7337110676054468,0.7352919127052334,0.7313337169550338,0.7348574098850483,0.741495591921005,0.7364670673124643,0.8164120954800544,0.8187670045230896,0.8821135570656861,0.8696435732888242,0.8114771379912437,0.8170000907189882,0.8863773321433297,0.9818835012148558,1.0421380196646428,1.1697638277579399,1.1465930884188817,1.0639013116923175,1.249222710992968,1.4003690744905934,1.487032435292206,1.4870901752535755,1.8361138932333805,9.01756494563532,8.665132322132823,8.257360164099909,7.769627329889597,7.256563898552874,6.855511394606732,6.370541535462869,5.971985600505501,5.53031645610506,5.253425756538536,5.007288556996742,4.6731506694286,4.4850871310253355,4.293947604011626,4.142354796546326
6.625,6.9534341917050035,0.034242142483667,7.3189689596561145,3.930038399741675,3.81942132814463,3.6173353047378924,3.4929080801354484,3.3620440319165636,3.203028231466642,3.040536940876801,2.95784859489661,2.827905466071358,2.7402211499445235,2.650085335392491,2.5553650210085777,2.4788679059545675,2.4347578821305698,2.3509894526404835,2.2717904983470043,2.1924356406647707,2.0839920848071967,2.0415677685083375,2.009586056856263,1.9872468380639947,1.9428576867279963,1.8687730452079587,1.8303142852746552,1.7725743226127477,1.7098990348936787,1.677738004227773,1.6828051654381422,1.6664774598851742,1.6359811173424077,1.6730270970159893,1.5756891466786767,1.569920465028783,1.5790645797015836,1.492319373937186,1.4520634601635583,1.4634499122019535,1.5382186408688208,1.5198615919987801,1.4543520335050657,1.4406899189079314,1.486167609959953,1.4835744047258115,1.508378664608173,1.4775010473039942,1.4564481562308353,1.454815403378439,1.4653208005808964,1.4491141623201178,1.479686192283639,1.4936619614484645,1.493960237479554,1.514063225320668,1.5549015714080598,1.522827580720804,1.5278320792871172,1.62245618044143,1.598957197728771,1.5948721268785149,1.6531454786911775,1.6213987601639062,1.681308829620944,1.7991821847214127,1.723459504326184,1.8646103030720569,1.8545804247197144,1.9392863920902037,2.017122781068081,2.0467830694808407,2.0463827280745286,2.1503559790485522,2.168684475304143,2.262240680769715,2.483691556343874,2.50525015556288,2.6741778281805564,2.879385248755389,2.9149117773889905,3.0721121680071897,3.2994197531067457,3.707092810179089,3.9275845513812784,4.202477428069186,4.428665580292772,5.080868022915275,5.720640344177174,6.453123958069038,7.543179848419375,9.240990329208447,11.6186755359728,15.996275631922328,15.802731089899853,15.323379173368439,14.738795731679764,11.601643497735823,6.601453651444354,4.834866611779263,3.6252187454304243,2.9733599597120777,2.5085236144345346,2.240429450463911,1.894745246874153,1.7948916434733064,1.5735332312013142,1.4283760502054992,1.3065867623436178,1.3292898123272385,1.1993570396288817,1.1854467270612143,1.0988298950693527,0.9917118125819724,0.9927786316480541,1.0009688520272957,1.0018775560144062,0.8943344286109833,0.8885346164199289,0.881019540499205,0.8566928510495583,0.7834849276610303,0.7676936195438795,0.7851034155452632,0.7460487099652201,0.7843366173504597,0.7581237691777465,0.697184542702074,0.6970984287215628,0.7049866658375398,0.6943994741619977,0.6829745202398705,0.6863369827793084,0.6973423259532787,0.6989579698716509,0.6992225898488048,0.6932408491867266,0.693764380765797,0.6827218061576423,0.6812052951761113,0.7035299418224877,0.6971663585097042,0.7761287435709827,0.7666235112329889,0.767978134608355,0.7699661352535794,0.6919407155692746,0.6709143217754984,0.7550372780042092,0.7661803225583395,0.7754944534420082,0.7790034703198885,0.80068154572928,0.8087218674263679,0.8116590603674169,0.8886378152130752,0.9309723375134857,1.0150852957386376,0.928489549761928,0.9633173958169154,1.0056577607500914,1.0883101684633782,1.2552603799975202,1.2326925271396099,1.29547984480242,1.459764577198508,1.6362209222588844,1.606250787024919,2.324859046954138,8.647331807354627,8.171774578465666,7.718938233910574,7.331051902621203,6.648163626401233,6.2728967882846725,5.916248016119487,5.565543660014339,5.229191529746945,5.052153986340146,4.847493004118124,4.562273902312825,4.327302342253346,4.123656361632292
6.65,6.996025616977078,0.018807187910095422,7.34038905150112,4.019320920141451,3.8134054091166276,3.649126052378508,3.558297856892215,3.3960415355076674,3.222499769289675,3.073444186801536,2.966301797986036,2.843593955461422,2.788104740804579,2.6959687054691877,2.5882379729600564,2.516420992413319,2.4485528409329067,2.339292183163416,2.2374399537814393,2.1754195149804105,2.178659614918864,2.089907150096601,1.9390463083309788,1.9321965004096338,1.9293735869329034,1.8310842567980614,1.7562618220049966,1.8213771236084881,1.761950168085615,1.7648892453122844,1.637726111031049,1.5986085169718918,1.6009936248578633,1.51735697522952,1.5098778261392447,1.5182078523828957,1.512126178272027,1.4943852549513905,1.4860406099835979,1.4965156493409162,1.5169863422178147,1.5387395108387572,1.4515067083002242,1.4818132397892545,1.4716077928595102,1.4954012372704626,1.4137506976683327,1.4731016336342329,1.443351696226043,1.4719353864163454,1.461181502807637,1.494448907868091,1.491045675468776,1.4891202183893868,1.4868811477887545,1.5109516032274148,1.5331610723238296,1.5308533236120994,1.5467212780865947,1.61735507236368,1.6200083387087014,1.6599496779715037,1.663897655270341,1.6796331597310115,1.7626018719199377,1.7245627501319993,1.7650876146327863,1.8500951698810881,1.8579694693376712,1.9322130723081046,1.981682799946806,2.0537645457264113,2.1585906138986544,2.1755137757669547,2.3581997591548274,2.392258440428349,2.4839059147357974,2.5776246255014637,2.6623767879610316,2.8911403635121102,3.0458451977389407,3.1830450812209667,3.4523150557461775,3.729733959994582,4.019700170350728,4.2805448762859415,4.785744124236987,5.321294662414021,6.053147677860666,7.174941928463602,8.786790012458322,11.100897714272826,15.82016234376633,15.599403827233164,15.326333828148352,14.834539380063639,13.629561369675873,7.855252063747954,5.31257438065961,3.927516850465481,3.3934046357933503,2.824250568799944,2.3478078166289893,2.107581557465107,1.759271137320939,1.7546739314748419,1.5914801894003738,1.4975664546213117,1.3770044322056072,1.2974584453755433,1.2000535944646928,1.1988981917962969,1.0310661760539708,0.9920603082416901,1.0028316973857363,1.0011894284999086,0.878945826310769,0.8674558926882426,0.9127853094975275,0.8819887208470393,0.7594067559312597,0.7642633358966199,0.7674944536371898,0.796097000808605,0.7712016163749607,0.7706443054554832,0.6746528194621709,0.6748228902267415,0.7040208001972693,0.6872368776167673,0.7000509928278198,0.701446798183784,0.7774778473911418,0.6820877456571377,0.6922671740956663,0.6893933192145528,0.6940250958804915,0.691980126466239,0.6875669500617264,0.6841863989797382,0.6990650631342092,0.695107691362902,0.6826259011936852,0.6863241793712186,0.6895328893510864,0.6797486677279229,0.7645732585328469,0.7755770179613412,0.7681668783809258,0.8536785343286323,0.780149516955869,0.8136821845432728,0.794370171499366,0.8099026393565898,0.8798498361175988,0.9221793032319532,0.9190660522101537,0.8568454860352883,0.9458190276873574,0.997922251459958,1.0796888825251,1.0924548304665815,1.120500983470018,1.2585493748814987,1.4307100098587675,1.3810028101028577,1.6058989062173417,1.8016467613827003,2.1005472816553086,8.558621012743597,8.057138834950045,7.642393614418907,7.032253029685695,6.654489345609575,6.318723264925725,5.864771665079172,5.610296222053756,5.21702773127252,4.945701689148214,4.774817345207935,4.528184857964154,4.283702614201287,4.167068931336368
6.675,7.035644072112911,0.008300510853227968,7.354669112731123,4.047281086441649,3.831257453189499,3.7748779342051737,3.5802915867001044,3.405409718693707,3.2657689492709494,3.1653780209987636,2.9740673687297536,2.8847313261968606,2.7788495271458693,2.6792395190082807,2.612973025960743,2.597769193799871,2.3819316896656635,2.3201264116846754,2.2817764547563657,2.262865963655081,2.144208150601395,2.0322868148470206,2.0352904364823985,1.9292016621459511,1.918359216741061,1.8915018208482728,1.8511177323854289,1.7565697871666002,1.7370950431614305,1.7660069010094541,1.6516145410184955,1.6306266653891146,1.6473274382736536,1.5953186016616543,1.5245605413359709,1.5051502456581762,1.5544781513232535,1.5872231942233697,1.5711091691020758,1.5001623535330935,1.5524863875899668,1.520687462780868,1.4562302957394548,1.4170397081579325,1.5059214349936787,1.5070501626225075,1.4035877917164234,1.4767107766712333,1.4471799919478714,1.4625668131704244,1.4407663656920007,1.5113623846850721,1.4959840014101982,1.4179091890869941,1.481013063057845,1.5169596960389353,1.5350060349342396,1.5293392382807443,1.531290997936688,1.5893071727746433,1.5989417041603882,1.6224828599093664,1.6375889405724025,1.6678577663040657,1.8185648211871925,1.739005217187221,1.8359772099108764,1.7899592873783665,1.8954367711247562,1.914131439611799,2.0568534698766823,2.0539469989654413,2.1586706639357396,2.282085490220595,2.2520598689125464,2.3493180735336936,2.545083117348455,2.6142025547235406,2.775448665799891,2.9401003705284405,3.159672014595443,3.3559211154175705,3.5813074035008166,3.8441163200108077,4.153399976372258,4.596318770275911,5.05009229969854,5.794637131654198,6.540163255689502,7.968082690975739,9.662259274859178,12.66775275464999,15.52848961890203,15.37845653944006,14.922956312906258,14.216994070965676,10.016769643761329,6.3637532724856785,4.669121281841194,3.7550112858952374,3.2109244525834018,2.6545993412601905,2.3273584340894455,2.0373589198159574,1.8483868302131163,1.5709086336857894,1.5714458189201688,1.476028663531817,1.288834710785904,1.317185976225407,1.2646158923632178,1.0174572319673354,1.0789221621766685,0.9857682600896391,1.0123568631835127,0.9526096148938826,0.9524053136018825,0.8486710343721685,0.8786047479039434,0.8590415243594736,0.7707932023971584,0.7709413468302954,0.7737017181163562,0.7710956240948675,0.7889147988562656,0.7922570685122999,0.6928758540155868,0.7052272088956246,0.6924568501440349,0.6781668438154796,0.745783573449635,0.7577971647995974,0.7009768206979172,0.6715713040813155,0.6867070987444812,0.6968033131388912,0.70272869602482,0.6907328189290792,0.7069611367546706,0.7660123415990571,0.6905974712338682,0.6838138707471911,0.6973057274996565,0.6955201238041231,0.6776962103280565,0.7719698274051547,0.7612859777217558,0.7805022906302964,0.760914903238613,0.6977515947723973,0.7574657155272446,0.7652629878600261,0.8554916442711146,0.8638359524117187,0.9283048248622002,0.9409756527156873,0.8455370072872592,0.9234831513609062,1.000285203465866,0.9927072481418397,1.0143676174816936,1.080407757087036,1.2264783949611526,1.231758537307001,1.2135698808667246,1.4486084388352216,1.5095265620079346,1.777024036350789,1.9518412074944131,8.664824501049639,8.034656188646933,7.579789099948113,7.192151692171011,6.61797397736648,6.281542299081593,5.975283301951919,5.593581953747025,5.3549437730045435,5.0984690260278756,4.879469689476964,4.671372949120137,4.490821248151868,4.207476845061825
6.7,7.072639916584756,0.013002085731727215,7.309581793469141,4.148694626925355,4.036209003535121,3.8484746440226942,3.6210918440051296,3.4347251636119704,3.346845362421687,3.194866774150493,3.05294885007551,2.9827035161302504,2.8852155436768787,2.756214558472283,2.712659272661723,2.5453229891209657,2.429107068034214,2.373191252356742,2.3671457921275216,2.2251564799754666,2.1683450281693455,2.0429988615228156,2.0411374040001484,1.970062029166093,1.9370785348109927,1.8932442249334491,1.8219357643360607,1.7485634872998983,1.7512736939335054,1.7601013483695223,1.7213999135325986,1.6452122734069965,1.6608055302777534,1.6565130608426801,1.6469341761340357,1.5046245719387805,1.5758980946357601,1.574602851710363,1.4990298143498393,1.4802049922445406,1.532035630608631,1.5149177912657474,1.459465308128607,1.4108779946838779,1.5030993853244612,1.4186711404378782,1.4150418714214632,1.4529683851336832,1.457856998574677,1.4368939973260684,1.4513628054401428,1.5001277062349716,1.5015948963699186,1.4140831340588278,1.4902470025851648,1.5213836622957533,1.4489982305150177,1.529923114476114,1.6159083424801162,1.6134485637904377,1.5755981765535632,1.6652656577927414,1.6456307395125769,1.6786559780366634,1.6679560283804693,1.7604387805035289,1.7817509774541602,1.7682882908325481,1.8948551983233926,1.971632527595173,2.058621272757987,2.081763622632139,2.1428636424175487,2.234016071518225,2.341985898352962,2.42481152743336,2.4379566572523985,2.59875324795218,2.745486929967344,2.9915478518295733,3.1348932083124628,3.262545883627672,3.568968121175003,3.8123383398333694,4.306591474967371,4.737617199618615,5.291471431322183,6.1444680421324405,6.8323887420787495,8.23220421429716,10.27878649054705,15.404004762341629,15.302888131411661,15.054002400752083,14.633048373020685,13.697344220171011,8.434209272175831,5.926246473620414,4.467634212491525,3.596369719037596,3.0233820059026484,2.635948239102946,2.166990069615851,1.9399779548433507,1.839714477071091,1.6807218097975976,1.4267793309381391,1.4741236074062614,1.344706789925728,1.2547917748598358,1.2946528083003122,1.1726182764560082,1.1096910528852912,0.9982212747558595,1.0161403314828816,0.9573928188046962,0.9484940230820169,0.860634305639962,0.865243971578041,0.9294333037942487,0.7532413325744195,0.7585924693047285,0.7772883406915773,0.7803507019638706,0.7585655246554049,0.7023587222543004,0.7015114065528633,0.7041300414482737,0.7531246722654322,0.7822153095511301,0.7802088477762659,0.7587766390736628,0.6845829271453265,0.6904536154910712,0.672378034293464,0.6911582461359794,0.6816233971401392,0.7068571185103466,0.7023489067857689,0.6808020067498392,0.6893772781762547,0.700291200754434,0.6997861467015993,0.6959639992402151,0.7548628824839722,0.7847520451048998,0.7782473313789052,0.7570043721870824,0.6933123886344514,0.7785094679385154,0.7730484063911907,0.7672587118653491,0.8443490453926366,0.8495643386613256,0.8046952289315411,0.7906718804317349,0.8711289953131437,0.9399988714745157,1.0221475222176517,1.0325904968798916,1.046989202850604,1.1418828016830185,1.1964077065780319,1.1138401646935185,1.2883675720834242,1.3772597219136642,1.4418709645409507,1.6957833392307289,2.0589152214359356,2.0815578909583046,8.228369645916084,7.752083271316989,7.18713862307671,6.783802936182201,6.369657877634908,5.935857649550081,5.789368330204771,5.377803552058853,5.131597749507241,4.858902548295168,4.711971848795712,4.503269890507456,4.335164549833185
6.725,7.100601060047565,0.01066012366270295,7.324858778281017,4.251322461250345,4.183241528713124,3.935626825876042,3.7231693194771958,3.546396537402811,3.394071012671646,3.2975584213126563,3.1513202455704588,3.0552544738843115,2.9557710911257913,2.887968057614753,2.6708698295471427,2.622191757605924,2.5780607538014824,2.422408271238257,2.3450711686335293,2.249079821651664,2.1819272938891645,2.147869955930163,1.958494246634088,1.9657455429548356,1.9562728464162216,1.8557444756740726,1.8579808653379601,1.8336433513217665,1.7642453221386143,1.7104593523473615,1.6716694214024104,1.6807718741892486,1.6479639502758554,1.63557671873556,1.6460823465872254,1.5396011188421372,1.5870269870644746,1.5669123589590352,1.4826754109703446,1.4471784109636432,1.4511476505944285,1.4544471754949995,1.4687416405695852,1.4043914051865158,1.4973435091195395,1.4190347663636738,1.4255898414402324,1.4658644814334958,1.4545592436939563,1.4453424595311042,1.414034747619884,1.5132751683024217,1.499682141585983,1.4039978675144342,1.5009312412151334,1.531889853780482,1.4532053511399476,1.5322488696304404,1.6064940144340785,1.5643643617729792,1.5588068629880965,1.5705673668981113,1.6035598710689214,1.731037993268739,1.6882591087949048,1.7393325912438027,1.785318248926229,1.8276843918726733,1.9034412431666927,1.9306529226565916,1.973094169192301,2.1087429474122863,2.1202940151445264,2.191011516500818,2.3242291094895258,2.4346877347917526,2.500699128601684,2.6222763130343894,2.836442976960409,2.998315589167287,3.1076416628989203,3.4161645786485644,3.4903475824592265,3.9377939231853647,4.2369692585440575,4.689509398252929,5.284370009866237,6.0464319337993615,7.108708593088121,8.466359489667354,10.904865655806569,15.294698377457454,15.102884441198869,14.808543295637058,14.265396336016675,12.75609836063229,8.054836950922594,5.7430692541884065,4.320381920773681,3.6407962447816016,2.90369514687302,2.6091158605143496,2.3255193452446123,2.0515720123898467,1.8601825489285477,1.6606054000934256,1.6026660662393408,1.5244238571354587,1.27081912761253,1.2766205482111823,1.1818993323795084,1.1867670814366291,1.161803881513449,0.994794271507811,0.9934381699014107,0.9995795484765425,0.9943182448212123,0.8598691611328685,0.9340260835434201,0.8455682843683272,0.8628876703640476,0.7544645693135433,0.7649260205559613,0.7770008905902537,0.7860348425667629,0.6968060574696253,0.7709791421428883,0.7800280503660767,0.7841418873481423,0.7606455527679807,0.7892922035170414,0.7653957677188499,0.7034769769151135,0.7032018762734761,0.7036228616443607,0.6954527497392984,0.695973158873486,0.7058219935158129,0.7665111323170737,0.6729783086775506,0.6868576969280681,0.7031049527220101,0.6906342274038221,0.6793133558686122,0.7689491757443963,0.7655100972495644,0.76000368671275,0.7622730546544352,0.6832265709434092,0.7667577964896382,0.7679899952122333,0.8398129450375698,0.8390859049711201,0.8132164861846001,0.8101685729231334,0.8912790438776591,0.8849526760981883,0.9605403621700976,0.939682296804039,0.9921614101042792,1.0346579941994587,1.1957216540145856,1.163740342392466,1.1929900971527871,1.3337420712354753,1.2736395783018535,1.5673921164823696,1.5037740697859012,1.8044747563510852,2.2306134159668884,8.398098531947527,7.922880980998473,7.329272587629965,6.98668896836354,6.56953831729659,6.148688354306567,5.953657309854579,5.577944669594519,5.308499723444705,5.005024184185361,4.810870561423308,4.5951094915890645,4.503231390456081
6.75,7.127113332721075,0.008662080055999295,7.347774255498832,4.326259140088071,4.257601200332236,4.019164900678715,3.868217766231412,3.639990670144478,3.527166205853238,3.4078103417792316,3.2533782609665627,3.1307959249532407,2.987674933825576,2.8588973564996727,2.765177233369322,2.727703642565221,2.495041341269942,2.4659466076837546,2.3392854615351824,2.263425911743796,2.2506931991654846,2.1021519382671623,2.093964272110432,1.9893046987651746,1.9610068815550914,1.9591699145233819,1.790588255855524,1.8625231147043235,1.7830693858096336,1.7202093210340352,1.6621683921657782,1.6649467666525912,1.6500141464862241,1.6393128780608115,1.6668343171018924,1.5306534950723103,1.5266033329987265,1.5374696950287645,1.4745367702354382,1.4578806637888144,1.4415734505665274,1.4513341508605746,1.4529796355452402,1.4180562686638447,1.4961948761594308,1.4258807676367686,1.4168936811044865,1.4616534905662784,1.4470949543508356,1.4438100867210466,1.409758270479278,1.4921048289859051,1.486302062032983,1.4088565577824423,1.4763679839933221,1.5206193317793428,1.4508015889729353,1.537241991566517,1.5352570976664426,1.5136566373390883,1.5639685008740098,1.5868500506230048,1.5940995056676195,1.7078231195466567,1.6643650803636763,1.7631649190290493,1.76061936527072,1.8165702231887406,1.7894894650854873,1.9335733664278012,1.9467504252952637,2.086853800234282,2.0814728204131536,2.155207562911812,2.3426285576308916,2.474938704301313,2.564550881219158,2.6741602548932946,2.8484644355272213,2.904048503157474,3.1286001706358966,3.339996659042079,3.626994135497158,3.968838754370584,4.416615671153683,4.863621463308277,5.419163515122129,6.262594151422616,7.292173071201602,8.778676066511018,11.497607753484926,15.037028188545463,14.897180162725371,14.507666261017988,13.991595394416956,12.572604471888104,7.61251623784128,5.479314763367338,4.27104402444194,3.4986991475119984,3.0099254027840674,2.6202259786788207,2.282054854822733,2.1368137491258437,1.815935856808689,1.5593584959847657,1.595415020885559,1.4288775770416458,1.372246483615513,1.2754133053712327,1.1756517669912312,1.1572462711961058,1.1112486686724057,1.0336520412257777,1.0018064507893873,1.0186191265141924,1.0034531003135123,0.9159064916493743,0.8912451580904532,0.8782963114761935,0.8505222030278058,0.8854302522361924,0.7765028545444711,0.7652979376337729,0.7709791001321813,0.7873441396894847,0.7634944105842176,0.7789521714524161,0.7669630281796564,0.8022205328502502,0.770483470990716,0.683431119315872,0.70220353280892,0.6958745968539934,0.6994988919137044,0.6963131524910037,0.6932210782095382,0.7064819870708454,0.7776329063973453,0.681211984346499,0.6890924985012302,0.712994313996337,0.683952016656446,0.7013438497071519,0.7867018888002554,0.7639561294512911,0.7708542261035779,0.6811779502966012,0.688286684838741,0.7615184626621623,0.7616788740089415,0.853979917580407,0.8559090347230046,0.7739833251998093,0.8033339968516756,0.8869238023551296,0.9642684170643369,0.9373623703369717,0.9517033210583693,0.9764388439093746,1.0279211521056004,1.0246919204187392,1.0710881419918026,1.193999298818877,1.2571819749482678,1.3294431193251972,1.440050425719217,1.4702430843665732,1.6988294774154777,2.000444385230286,2.4152458805498664,8.096533522683949,7.539294994345533,7.131688417008014,6.778611602380646,6.259424719031717,6.158520238316811,5.753945884685317,5.473601807698243,5.231630395918196,5.043097840820032,4.774071233746993,4.6715095034903005
6.775,7.152912079716015,0.00826564939300071,7.363051240310709,4.507476225497323,4.387537203530552,4.208543662143502,4.006559347513695,3.7524145317263593,3.6520269579365983,3.4451487885218937,3.341750028444775,3.2566981927756924,3.151850834264616,2.9554024100586127,2.842755735249825,2.6915078509744195,2.580278722566026,2.5020269284021968,2.43337005777496,2.383944422370465,2.2465709692404583,2.0963857321999226,2.0834017869078325,2.0937596644118153,1.921453024339629,1.9824898647868996,1.9027024587043775,1.757368082844102,1.774847032503198,1.7109278957858445,1.6567966468899797,1.6826964819201562,1.66705903502735,1.6693369024580258,1.6562072081182506,1.5429559447053862,1.5355203149904584,1.5740295073459745,1.4945417416951956,1.4394354168500776,1.5298744500780472,1.465371601860874,1.4663766401936746,1.4909491261181052,1.5019062976120938,1.4192410398797193,1.4154110270024747,1.4441278059976466,1.4649102331303028,1.447597668829719,1.4266963040129752,1.4875681541081875,1.4996657684475148,1.5084476756287766,1.4855511645804396,1.4356710762953586,1.517919328334873,1.52851645748819,1.5098887365307725,1.5082346611518647,1.6204876296553086,1.566301023351358,1.6403960804192195,1.7006172727866447,1.6841109672645178,1.701453833970101,1.653873274165518,1.8381900707858256,1.833925280879967,1.9644127226133388,1.9723097021710647,2.013449296681981,2.1216641091901245,2.115178318670495,2.3359625180682,2.34288022215024,2.4991955453667565,2.7304585866451934,2.7535878773894873,2.93440520268738,3.0848737353541047,3.353028692532016,3.573846087245506,3.8863588972879026,4.294540801212028,4.753416963730698,5.427003578436491,6.306719901588511,7.244622575971818,8.787412743628407,11.507263434152023,14.809664396143205,14.719221252354863,14.353406863181789,13.81617765737888,12.20983846838773,7.448867810696955,5.37492260662539,4.270206837142756,3.48576122759531,2.996473723082549,2.6033391779547888,2.41915401243205,2.083781191800643,1.9574117808359814,1.7338700144779031,1.5245426013972483,1.391625230737637,1.3948793740876604,1.258261037491092,1.297793836063584,1.2176361569969325,1.1060985451813443,1.0072403078490926,0.9993628282112216,0.9794136809201198,1.0099326739274634,0.9202694213035892,0.8742564769737253,0.8773801503045674,0.8683202394429734,0.9381204676383968,0.7669240574331246,0.7587618135059224,0.7806900215044746,0.7856701064284154,0.8063381463835851,0.8163475439496239,0.7731267312583294,0.763104640612054,0.7826364253583524,0.6944104563052257,0.7112075324213624,0.6707172958418856,0.6728781161584386,0.6996514164935449,0.6818825034958698,0.6921119605515611,0.7694751786620986,0.6793272349493141,0.6879728307179839,0.7009828785532342,0.6885865891993704,0.6632823810975377,0.7638914597939729,0.7627299369672315,0.7847553011746892,0.6828905977861995,0.7849614998686738,0.7688301682736358,0.7521092537454596,0.8635057195676652,0.853793718160621,0.8075940780611722,0.8174631644208029,0.8937866292825049,0.9426254655937983,0.9589336670844925,0.9421048025986102,0.967404440960857,1.104167711220036,1.085045775100209,1.0741191355857678,1.160496238489206,1.1781345283847044,1.1691119067511633,1.4188431902130845,1.4300033871330038,1.6155081287768032,1.8738951371836494,2.203737866566706,2.571085672480914,7.884612338596111,7.334577444852503,6.9291051619023385,6.5228407086963465,6.312981331015845,5.927036468123176,5.655935459055631,5.400152988334688,5.170160799231925,4.970293758967724,4.758293611485523
6.8,7.177829248889668,0.007379934670258799,7.34292801252247,4.714167806265233,4.576149779903005,4.3072339001177635,4.106758552715773,3.948753456659799,3.7214883970178434,3.5978183605657,3.4969087073762553,3.3942620743277736,3.139069859785908,3.0681690116560874,2.860222881973253,2.775452852887272,2.6428573425011646,2.5338608123092383,2.3852844368121273,2.3729729649249203,2.2185939114293225,2.1991439403957167,2.066531721263558,2.045957936390325,2.0027570314165115,1.902706941826911,1.9109434176203648,1.7907960616723295,1.7810811046234225,1.7218254619389823,1.6852421446580537,1.6776025362395859,1.6518853765693533,1.6356264998297458,1.6364419961261367,1.544694535252574,1.5347007691462713,1.5525528954429102,1.485977336646096,1.4613656505132095,1.4692393946614961,1.4715145034340833,1.466894945422985,1.421200521430831,1.507090081237438,1.4119138321096472,1.4062803296167572,1.4528205875785516,1.44184880688945,1.421339075030085,1.469123078668705,1.3877533258394312,1.3766553829825967,1.4697731258576534,1.451676114320488,1.4199125309854819,1.4915081212111068,1.5829199225750485,1.5306339838765577,1.527338655061259,1.6121565982212611,1.5754680459319992,1.6643799712106848,1.6421246658343196,1.6564046965626755,1.702461080488078,1.7696441610472244,1.8186804822794924,1.8497094133766667,1.896575466652693,1.9549195771418006,2.0060524943450813,2.221995080469681,2.181093647977442,2.241288125183996,2.3869344193997093,2.583623287762252,2.600270298874219,2.779659566250352,2.9317470787498947,3.1612687628474685,3.2939327644845524,3.600716362483425,3.8834231736017735,4.353383086377064,4.758680014935354,5.400008292903491,6.179664863179566,7.394006824951416,8.939957365262304,11.839878257580903,14.718949058025412,14.521451062119148,14.107841257807713,13.577177469331513,11.547898273646835,7.730125978206513,5.197962566605198,4.274856506803609,3.6171654152240884,2.986847611415912,2.6958976138832376,2.249182048452305,1.9494590366124362,1.9296840008394156,1.817932518777529,1.5362121415651417,1.4821483651544831,1.400934647623811,1.3100739476292573,1.2228370693354085,1.1001844546103863,1.1450109422223265,1.1177441690615268,1.0987287471218081,1.000638253738501,0.9152296974691667,0.9133437031185955,0.8799840502912496,0.8991563246141938,0.9048033677775643,0.7700267900840578,0.7719545185997636,0.7933227594678565,0.7670629910147163,0.7609202989374702,0.7677383480299839,0.7834595359193092,0.7775682316127425,0.7974346104305158,0.7793823327044244,0.7753159459539826,0.786270404404608,0.7745869123924254,0.7601260456556709,0.7133598537946078,0.6908860470262113,0.682278422721454,0.7106424017056214,0.7032816554570935,0.7005741130661577,0.7099516037149175,0.6871427808047617,0.6924887369575436,0.7725307280728523,0.7689351569789894,0.7749321771956253,0.685743539342918,0.7015592434932698,0.7766992636784203,0.7618550601472914,0.853103310374144,0.8402393770340293,0.8201751415887696,0.8112628018605201,0.8796119468492942,0.9743447332434022,0.9445194211444313,0.9639313663437116,0.9626943109295332,1.0660684012240422,1.0752425816615674,1.082316002071828,1.1794947509905054,1.1944247244529043,1.2484651414072252,1.3377233054938007,1.3556888564486538,1.5579702492566159,1.7875839502535478,1.9748062893130034,2.309841177488944,8.06251064913314,7.662414124103915,7.21754051414754,6.907820381584811,6.502370626317615,6.165139216310244,5.810377088012104,5.544196451165792,5.358418359148843,5.126878382600603,4.9049541023394685
6.825,7.197615709874505,0.006931831725347612,7.366654865022425,4.906183890401685,4.704781097922969,4.47637047023035,4.190046507715126,4.068424805208105,3.8575391066849645,3.71440240776416,3.590665183028058,3.368074792808199,3.2411909527427145,3.0137385776062464,2.934435598675288,2.832767691710756,2.741206529930819,2.6038763435309575,2.386347658106901,2.35696786554759,2.2259464441717176,2.228462016963653,2.160534678621256,2.031759360383769,2.0616595587450677,1.9317018364803973,1.9193872776338283,1.823836399854807,1.7921056552132406,1.720589105294617,1.7134962792815334,1.7160612575332528,1.5974862292942014,1.5883795167563601,1.5995753887636082,1.5769372745601986,1.5221634992742246,1.5183139722455454,1.4497926334896112,1.4820064444202343,1.489790007450582,1.4071447024289065,1.4574329268657749,1.495520468494638,1.487969702551058,1.422905289043718,1.4523337773733471,1.3770663346307839,1.3719870854052263,1.465082337824354,1.4996822223325166,1.4204678383382991,1.4283807648982498,1.502554693224977,1.4572178581209587,1.4594358962618317,1.5136226841928901,1.5290383880390086,1.5324980940101296,1.556913831740268,1.4918908673603823,1.5791672442868585,1.6329273714610122,1.6264316483509877,1.712063307377527,1.7603573364423382,1.7564573337081741,1.7674390922758565,1.8304524986349116,1.8826787538940788,1.9357462071437146,2.0536522671636024,2.04556683815973,2.1382648584979007,2.1994403534664873,2.3707498491831243,2.4269157170636606,2.589830199981424,2.8171423688750417,2.8545843232570016,3.101490851946474,3.2339369814631422,3.583833656521254,3.868539029633105,4.326160804967228,4.796980419019042,5.3283547392445705,6.113111946390108,7.355009673102748,8.904670655753192,11.597526525935159,14.464071881036821,14.323119072469002,13.949771843395142,13.32608365550797,11.236659716592474,7.54485749355515,5.453635777639828,4.387947634405418,3.5636831658335804,2.98104302611473,2.672347714670555,2.236264461214102,2.0501133125557955,1.9276871467933376,1.8383805098146762,1.597297214612766,1.4672850144876612,1.343085127868748,1.3374455032323354,1.213467784472982,1.2514684101717624,1.1043196679662786,1.095506071368488,0.9928528284340077,0.9864903597706575,0.9744143666273729,0.999305880026858,1.0027416132134488,0.9253588067151658,0.9073354201071342,0.8101383843662678,0.804706269507567,0.7865507944210431,0.8099109344140948,0.8021123851661066,0.8074994190260921,0.724876581927401,0.7303312275369709,0.7253746271821921,0.735517840060363,0.7447330701755827,0.7322104636974709,0.8044605521690521,0.7127804286601291,0.7349891006055556,0.7287468964593655,0.724494950655928,0.7346773576735838,0.7421213967332502,0.8067235938535179,0.7348803596146876,0.7309707373871278,0.7116114774832987,0.7245942344974011,0.710877230247693,0.7318262066904854,0.738271993924575,0.7112964962348892,0.7173313168200224,0.8041820247826,0.7954796521261445,0.8145764387175337,0.8471903846999843,0.8415879640646063,0.837326715019748,0.9176464810026491,0.9665991863578255,0.8711669976284749,0.9832418222818957,1.0364479264051811,1.0264779413424454,1.0738962139976693,1.2276395040968842,1.177914977481412,1.185862391366954,1.343319801396271,1.343247908731572,1.541154382663794,1.71279505702291,1.919297074623983,2.2119290320897322,2.544783044043481,7.846788645405948,7.533943510373661,7.0840926333750796,6.648315993380872,6.423914230469826,6.057499874890894,5.7407979899788035,5.521325529855175,5.237376307312587,5.0714199323566
6.85,7.217237902964415,0.0065603765769818405,7.382472766689062,5.076691375503218,4.8487945585404555,4.58526809217171,4.340711793414304,4.192113020073881,3.980518898883764,3.8199051243240394,3.7228453881344907,3.4467362324102258,3.3243292172496326,3.1228762249648487,2.9849483901016187,2.927164357579453,2.6821539440814974,2.5419288051670446,2.50397558478945,2.374346196900876,2.301919964523475,2.2363332706701264,2.1432318445032843,2.0377465173795373,2.0476099846502165,1.945283774234699,1.908324072487736,1.8083839615929829,1.8142044845309668,1.7181902162944296,1.7197477393158818,1.7208569847152517,1.5905870699877636,1.6812446193406356,1.6707870481929854,1.5542368741489276,1.5264754110107,1.5231001656828294,1.4958192358003377,1.4684263197907248,1.4839737932301904,1.459107093687798,1.4545660924435417,1.4036877852168312,1.4053345924167038,1.407738829786005,1.459463783222316,1.388170652729116,1.374747581066854,1.4492322363127992,1.4864521092984195,1.4023446449843897,1.4322667078460978,1.4984560726194287,1.4580591115702697,1.4351236315700073,1.4473104074391974,1.445045009155529,1.4989983706668957,1.5495864461351354,1.5416441357086392,1.5474166012794666,1.6223499458608153,1.6453649534046264,1.6686342837308148,1.683019783415315,1.7953549947049092,1.7892199482078703,1.8438896192080403,1.8626035380494803,1.9642716629537942,2.003335060099391,2.1282180106280366,2.1825449538008495,2.2645471524131704,2.30354437644781,2.445901172131841,2.6270810944356615,2.7149975337607146,2.884661759325737,3.1254613975215593,3.292808701324736,3.529176919619115,3.767787173842885,4.230231117987787,4.679487806058725,5.510869788656139,6.278961800169632,7.314894793406567,8.994237799909513,14.378758897141154,14.220108533709947,14.14333946809451,13.733087012660572,13.117264921140574,11.008690053912668,7.396952832258221,5.410839186061919,4.321428123216332,3.465709543319117,2.9948335358747036,2.649650116386792,2.4026820061538405,2.1116409275879664,1.962870404481944,1.8971141662312188,1.6443807535390245,1.5129876765175083,1.4977811882417715,1.3315813499443947,1.2626279974424162,1.214823878903449,1.172771982514124,1.0818918168671972,0.976945712050995,0.9867033643380345,0.9945609016366456,0.9649359678576603,0.9820559641180863,0.8676534982801262,0.8808937323836342,0.9197992401109696,0.9226627479522074,0.9296461813929785,0.8014756907012193,0.8025585612150578,0.7888274738182914,0.7158318886424577,0.722144005302356,0.7227141551775956,0.7324786003526403,0.7142380209782804,0.7410713561695252,0.807541951704103,0.7232537492960227,0.7160842330648464,0.7305832144709403,0.7282822801070362,0.711683527545158,0.7139213221313825,0.8264924015123798,0.7210799935337016,0.7314958134459373,0.7303759963034677,0.7258835879494114,0.7297930633302498,0.8327739488709582,0.7911046997196346,0.8118718275156758,0.8049156348900067,0.7987372689666771,0.805126577999105,0.8102630547374579,0.8038097808973229,0.8438620844499563,0.844617739238011,0.9618416845932056,0.8853517002411756,0.8946585834176473,0.9865517648891138,1.0338969965730465,1.0451780601090372,1.0709002465253394,1.2285780942648312,1.148153795911929,1.1817950101984935,1.3410346951208156,1.3524087529686666,1.5530037923918107,1.6267310995753381,1.7235091463883183,1.8927383770058892,2.314199422397355,8.035892772225786,7.678314140064746,7.206523627460554,6.8669413733084355,6.618003684063446,6.248103672650911,5.953457875860637,5.721352634552212,5.465189370104049,5.257820088137174
6.875,7.236726518049766,0.005759082137228342,7.398290668355699,5.27867005221131,4.9524264665055915,4.7248297685909995,4.519484172198909,4.28935746487748,4.161846180241018,3.9817174543852554,3.6944344733773677,3.522085836907044,3.327890052340982,3.2672256434662517,3.037815063024536,2.861303818863777,2.6837542447173726,2.6989351097850016,2.516488064652415,2.448922545224604,2.319938148824379,2.2287405115809755,2.2275189738098113,2.054060090707582,2.0574162395863604,1.9841769259203377,1.8966655603870044,1.881560321974957,1.7981804973896724,1.6862140860609365,1.7539771246058864,1.7336153243097825,1.651346595799322,1.6236377780323235,1.633206736191231,1.5247362830660494,1.543749753789801,1.5388342490472355,1.477532823013362,1.4980750981138509,1.4600226570617083,1.4443171468042948,1.4488729049725895,1.4090246292805402,1.411108878103621,1.4175872179949727,1.462637375114819,1.3805909080673482,1.3696079455680248,1.4559791850076862,1.4882632453282993,1.4111437998520553,1.4109458644430408,1.3967652346445887,1.404763162150043,1.5140512626125875,1.5007825875572556,1.401518608618758,1.509697413840622,1.524559131235089,1.5612556494839211,1.6150457365405597,1.58355656042164,1.5907679209162389,1.652922874656761,1.6499696912748938,1.7453720370520456,1.7426570508842192,1.8686153292493608,1.7938278377734302,1.9502970478308446,1.9657309234576592,2.0835169723623537,2.1356629204334627,2.2749283575248835,2.290606636795179,2.441530642905056,2.49479727193565,2.679466214015738,2.964655707335574,3.1376413816056776,3.3989931812457725,3.5159737438267933,3.9599645817649294,4.241779972127456,4.859562241064021,5.634087828266558,6.447843111909377,7.493649461283863,9.410783103193824,14.226111934915942,14.108985004023266,13.890361468763404,13.534688022820937,12.898116328621468,10.647483166303127,7.19223258031737,5.239920509289609,4.177272425096512,3.592900565815395,3.0945950158284887,2.6566051326048834,2.3171120927754365,2.1700808985564217,1.8952270069951147,1.7475271158840922,1.7561280699686241,1.4637471220175649,1.4410799870774935,1.3295594014907754,1.3158679399785,1.3018342102143863,1.1686640933811676,1.1096300604058291,1.1123567337223657,1.1015513856289034,0.9848520046792018,0.9545398465074764,0.8832583795446578,0.870159509262675,0.9106374229973607,0.8461908245917293,0.850762250518944,0.8581069921806519,0.814137654116736,0.7996811309998632,0.8037716805186689,0.8079408460707919,0.7945086027973608,0.8143401691133278,0.7256295400133133,0.7338406644889802,0.7261096585959871,0.7129502554215663,0.7253692504633932,0.712708488724328,0.7252686234268744,0.7248912516146928,0.7123622302247168,0.7374665335279882,0.7189689344800136,0.7180139245568502,0.7100152469234673,0.7120159652163356,0.7210051727032873,0.7265438922269912,0.8062952901165268,0.8026763814686018,0.8190705897449101,0.7969680921040898,0.7881354069357499,0.8088312542421641,0.8883808745169887,0.8906484808041484,0.899120271274015,0.887562640143279,0.9159866879782731,0.8980728739342935,0.9100764760472948,0.9231965987261073,1.062828449777902,1.0372952329759988,1.0285463308953369,1.1478655307535286,1.188685563302536,1.1519756059311865,1.3364324260414722,1.3347803915920942,1.5436676084074357,1.6489118840842754,1.710402900912152,1.814470027290528,2.292040825223001,2.515337220376699,7.817497772363779,7.42391232217963,7.05701379726105,6.8002823730298925,6.454969401543357,6.116915705644876,5.898017285961939,5.625482316639948,5.428401009411017
6.9,7.256090437028463,0.018686854086569255,7.417708812143423,5.37209055985946,5.078745455809818,4.886774034585583,4.619756140961016,4.400244881774584,4.251781788251725,4.077241889665737,3.826432299270783,3.6562157384370453,3.4451801668389845,3.249770800615578,3.0095478032872114,2.9379288554624563,2.8630026021080197,2.6644416393883534,2.584080237977813,2.4380972223255717,2.3189357976336624,2.217865587799535,2.2157372341076234,2.0431070380336527,2.0836164681711606,1.9219018512817145,1.9377780642520368,1.7885856738615662,1.798350556072637,1.7160319678604385,1.6987833367890537,1.6864403335969824,1.6725441217290977,1.684724367796954,1.6619654754426738,1.549400975055187,1.5353418098306855,1.522881080183968,1.5108609557528105,1.5003893832181134,1.4690352821802488,1.4685930259827706,1.4404015271418409,1.4350225042117257,1.4426544184698404,1.4187676795191775,1.4538314774720893,1.3983930733319956,1.4802971098088735,1.4127142953506435,1.3961828171474715,1.4012195507393743,1.4805280493438644,1.347496537151549,1.4427154343078445,1.5156750055230737,1.5303025486199917,1.4388094441967398,1.4791133515924144,1.47142795270782,1.5384151508210673,1.5680408307726517,1.5777140793617634,1.6646384294043612,1.6551746823604168,1.6372691317234405,1.7482127946881818,1.7367599210899,1.8100317194980107,1.8628145249876227,1.9318910732591914,2.0696556393263577,2.065176733277244,2.1547302184763555,2.3317181122061044,2.3570765655098773,2.3685267944089596,2.539064270696511,2.736305396677936,2.9748103042221494,3.0223008586609614,3.353463812615395,3.6551251518123347,3.9381332083793894,4.383577957849432,4.830982649889934,5.651355408770047,6.372519555332348,7.754411807290356,9.515052476012263,14.000005900733415,13.853010210520806,13.707111619634805,13.267689022160104,12.690785656693377,10.207186053054377,7.011112691715846,5.147935159539956,4.287233895948257,3.5166600364984033,3.072565223947782,2.60336444995641,2.4082777933363584,2.167438470008651,2.0383149375482263,1.705667929724561,1.732976459565862,1.5846355039573061,1.4479150497754267,1.356694464669947,1.2745808404012922,1.3104052090883538,1.2008758436160303,1.2059365364634964,1.0580093113260767,1.0570912632085478,0.959949922644128,1.0132669421730236,0.9362804779557267,0.9278841576996906,0.9395012337817044,0.8594767240982244,0.8534595031507511,0.8221265542956241,0.8433823302600859,0.8437331075421387,0.8190512350995386,0.8376764622905678,0.8020572603053476,0.8236258026779387,0.7452819369626992,0.736193420027926,0.7414184540724538,0.7354850591283952,0.7465419638219114,0.7541414212664209,0.7498072860406148,0.7499594374310952,0.7516510447656702,0.7269072769201038,0.7467970597322245,0.746244977215463,0.7511270818863991,0.7600380896332574,0.7552902368937895,0.7279014853112641,0.7556662742648449,0.8070746158336789,0.745430375034375,0.7602260330791794,0.7354672118301263,0.83879759907431,0.8322650307560309,0.9014267923763712,0.8437164507238454,0.8536615709008905,0.952558578557489,1.016185799123996,1.0272437647804447,0.9944795162360742,1.0619620483004202,1.0538231166385956,1.0087849452251716,1.177205960262601,1.1969950177647748,1.1989138123314065,1.362566165108209,1.343245242907782,1.4766211376814236,1.6419098788747344,1.665470263598224,1.8107307110203699,2.310483824177814,2.407835496476604,8.018040325067984,7.574505045532153,7.321282511989063,6.968165978642334,6.6185541132664225,6.239931233092435,6.1196715145486325,5.739855487947286,5.560092661175238
6.925,7.275408252360772,0.0197872428366738,7.4396175295547815,5.589619782571834,5.279105151104769,5.001990659584894,4.701485032708464,4.567048552496614,4.372547184177728,4.185585633148199,3.8933529299029255,3.7087650224482918,3.4974840261779674,3.3478658355667843,3.073471681990917,2.9523551165097017,2.8314433380536688,2.7628364786823507,2.60813874014635,2.4448714920526395,2.3844484042826126,2.216957632096532,2.229617495426898,2.113741951529601,2.085687781816014,1.934080521531788,1.9147232383664756,1.8461592365875423,1.845814146903751,1.7119622063787796,1.7093613706108277,1.6934611197486593,1.6113024680868102,1.5673742631418783,1.5599079857864115,1.573709582508221,1.540029391164115,1.5357620895176776,1.5281959623220467,1.489549687126911,1.4748290532820674,1.4810348501720598,1.4723445916402715,1.4004530856073474,1.4179164235728665,1.4234353021421529,1.375766919309129,1.3871780298099732,1.4609610894924063,1.4212812874433531,1.4120000603669411,1.4049064047902124,1.4937141920786587,1.365274721948582,1.4440958720139836,1.4345647888725623,1.4532027234500648,1.4610821494051573,1.4620484251609258,1.4625680714258458,1.5506165903580045,1.611539576458033,1.5678975769532162,1.6498749200821303,1.60274048551036,1.695612718463503,1.715639429287889,1.831401094056813,1.8108013286794988,1.9345818430347124,1.9110028547650457,2.053804386631345,2.0255887447275294,2.15402803672179,2.266826375640466,2.3891062929053617,2.425599541819327,2.6031127507415306,2.76958680531943,2.8536527699091283,3.028432783331072,3.2522795825589643,3.6469717445702705,3.948827915116357,4.3907443923921115,5.0118798228431,5.572911482160907,6.562436726172533,7.742626584203649,9.637223859876896,13.847857164173734,13.734114254476248,13.454529016275472,13.096505665729383,12.240414004214507,9.848896286363702,6.853912477332405,5.225881894544759,4.25819972872002,3.420127225681788,2.96518326909791,2.5763372207277717,2.425688737542391,2.157704020669305,1.8596583508458053,1.7995661180682567,1.7117531845665845,1.5474989664949403,1.4649331967949502,1.3921488308239862,1.432894834991295,1.2208410341022793,1.2213884612149644,1.122518037927343,1.0820317936675312,1.070536577633985,1.0233302146837122,1.079779819023463,0.9660463399019203,0.9521242381608341,0.8447192109375447,0.8435830100006929,0.8468024079441011,0.83453218673067,0.8476537454505632,0.8505261650399787,0.7660853827754953,0.7675344903753734,0.7602303491757713,0.76481396180239,0.7687941027670538,0.7462079193655122,0.7566752079127551,0.743453695487269,0.7488434057950057,0.7725145007771612,0.7513346693948484,0.7713379612118325,0.7694132846180368,0.7592430538299193,0.7491994171981412,0.7585508356346673,0.7635555835420926,0.7724092707729118,0.7791377884791499,0.7743881546544438,0.7724514016612364,0.7702307149094543,0.7603857732921893,0.7600876142295337,0.7774738522854302,0.7813541032077633,0.849292210157637,0.8391070749138692,0.8419622786367442,0.8824075997200672,0.8733567469519039,0.9753693687696018,1.015651377099695,0.9547145777660334,1.0154965669932714,1.0735960755349605,1.1663106601808164,1.1096510176533636,1.203087547151037,1.1775592079710693,1.3216825933373035,1.3289896030825132,1.4716246042092982,1.6253830547209083,1.7233488157285208,1.8183313107009529,1.9782177856201717,2.418350328735866,8.285124183885788,7.895005759770642,7.549219854905345,7.178000972320333,6.868496866166179,6.455719765518107,6.271862876376737,5.901055694907324,5.6893308681236885
6.95,7.294454729437725,0.02064362201950053,7.454223341162354,5.678101056577052,5.367456159605017,5.05922293894251,4.840274660795826,4.653906636238484,4.480607537167672,4.19771415136992,4.002923150397753,3.7626753923274134,3.619343873859764,3.400224971025369,3.127398066372098,2.994305887263702,2.9175266829749873,2.7771232587759833,2.6333853255927786,2.46556928915514,2.372066649862444,2.256620294933598,2.1672883353549888,2.1109111552387856,2.0569051693687572,1.9734548879246598,1.9377648560941527,1.8575947042289136,1.8500088001307091,1.796428832470866,1.6811924065720467,1.6483522246928377,1.6632102203941688,1.5643015315829552,1.565362198711339,1.5675374672937457,1.5440093485868043,1.544821130854216,1.5360094152649562,1.5446706642546602,1.492040463983212,1.4126619170769272,1.4162211321489417,1.4548506634704543,1.4569446589187953,1.3588935942011888,1.406941663509523,1.4236971090286494,1.5045871114104745,1.4075059684800857,1.4236710641326906,1.3682157332366551,1.4226887591049397,1.4245674358530758,1.4599491869320187,1.4572922613520436,1.4432514545000237,1.5077242676746139,1.5349442295923927,1.525594992702494,1.4875811578955511,1.4826083243840944,1.558540943910131,1.5987959714123519,1.5907581648523854,1.7292297383214403,1.693135102766703,1.7645908871772218,1.740716105582014,1.8939040962405642,1.9319162829162921,2.013032754422988,2.0949947761099,2.1165285376735965,2.215550998897849,2.3101097944149016,2.4580228374950734,2.584166559316098,2.7110187875750897,2.891046612500201,3.13433016132773,3.3327011666653723,3.572163389523652,3.87931290859242,4.446929391438404,5.014675669192678,5.519819431460704,6.472879689612941,7.863112579106798,10.063174753534579,13.733388162941496,13.484999251312336,13.249426611060436,12.773029145754531,12.027221932748171,9.474938496023931,6.677668989979832,5.091085231545729,4.092447583877115,3.498255540599362,3.042435891133838,2.694135240913993,2.3398392923883757,2.1515617064202552,1.8400452719996345,1.7845557624714246,1.6905937359583048,1.5589072817102079,1.4107325828329749,1.3748403578539679,1.2696346395507667,1.2495587864946256,1.1288974339254718,1.144611528097275,1.058640343083473,1.0516128779446234,1.0546236089003798,1.03870470381002,0.9524031105104585,0.9513483795046603,0.9136261114232798,0.9085686962922408,0.9182680768246381,0.8267858962490499,0.8404229103134122,0.8397675461970299,0.8133357993431551,0.7944016503769825,0.8023000204375726,0.7882518219575267,0.811801336597897,0.8174731044151228,0.8058276001394942,0.721456096095656,0.713328792451618,0.7211069365405022,0.7131170081861044,0.727158355458248,0.7292471741721647,0.7215433415005833,0.7285908180950253,0.7332502007093226,0.7998403544082975,0.7745100969385005,0.7397066411543834,0.7223303706012957,0.7251052639013984,0.7933735382903881,0.7878205144979118,0.8844502810993059,0.8196056782992045,0.8431033977305454,0.8384488160437561,0.8280061418256914,0.8388015810609869,0.8402299424845759,0.8329848015127342,0.915417736820641,0.9913660761369651,0.9978321065000315,1.0134743611940538,1.1503420633542771,1.1348869119249836,1.1305171154195113,1.2488877948547066,1.2333089875372873,1.299038719589285,1.3007547657560805,1.517497416642207,1.6824995528262319,1.6868449042909517,1.7936035511103672,1.9657954403948232,2.3378839801472777,2.7948876042811555,8.105190293899621,7.699860808844422,7.318883514402729,7.027459591264472,6.659243150639747,6.44422902284941,6.1321378014989865,5.825652614253164
6.975,7.313271874584071,0.02122504744301649,7.468829152769927,5.8351907501321145,5.5041701743281015,5.273768884476662,5.023913761156055,4.811035337349997,4.588512787837737,4.343448618258537,4.032036223244314,3.814010348097507,3.541269743619007,3.3608901796932202,3.1205581248048406,3.0754486606166136,2.9211640993455554,2.76872746227281,2.6542992426014,2.524823458895386,2.330991106153392,2.2793338459166765,2.2606755367214597,2.1273713428518026,2.1032198541866123,2.0024174310542717,1.950904093768526,1.8250718360385176,1.7793987891174174,1.7840250855442217,1.6239120209756062,1.6858434199630359,1.6703351161241229,1.6244129651648247,1.6174103709114704,1.5531995581315026,1.529834726959227,1.502637055550358,1.3958383980115987,1.500666840643241,1.4565039064443968,1.442211737385912,1.4295480246063186,1.408629658204325,1.4749194736791815,1.3844171810761818,1.380895341823453,1.3371141125487598,1.3397799518874227,1.4196061604862735,1.4193985561904887,1.3877502396501324,1.373729203431004,1.463475778363125,1.4536597766986608,1.438595300384927,1.4935392561657581,1.4262546639307152,1.49712572115333,1.5670949219801618,1.5574741227978302,1.5480123314363916,1.6093833885567326,1.5768184700881978,1.6961445945798705,1.6752244631973603,1.7536723797989089,1.7432246536565967,1.7889910309260122,1.9465482328281747,1.9376267106092184,1.9247562415987114,2.089771057337038,2.216936739112852,2.1841885636414724,2.3419365867322846,2.460010178304719,2.5679305512204587,2.70206750812202,2.952462163904368,3.0942717667804165,3.3442157733793483,3.70953185145884,3.9950309060693256,4.441592858864221,5.0783751646132735,5.835960540615781,6.619277884332972,7.824368038514904,10.076332678379416,13.450198953574922,13.279206933470546,12.984816859682335,12.63294642735764,11.857005453179417,9.240252882426416,6.424385153333643,4.8851951322469525,4.083602244183185,3.4385111610464794,2.8490650660487438,2.5261912671858173,2.3627168936520473,2.1424175067219746,1.9159345356431434,1.806994565968824,1.6934285337860995,1.5229622956997588,1.4899044753762243,1.3928315288944364,1.3125412993555408,1.227702278066804,1.2370795984974854,1.1369391581189845,1.1351366104565574,1.1102806415087547,0.9893908932092667,1.0143770422932483,0.9254244493015169,0.954704094840774,0.9446462668429071,0.9537940936376849,0.9430665423873144,0.8345180083498542,0.8629623963224922,0.8523189560054886,0.8812096084221713,0.8922229085262595,0.8689996429292455,0.8126096493199011,0.7400930397945898,0.7741772221845931,0.7764792134025025,0.6756455652697302,0.7660729655596589,0.7667133925230357,0.7697860838394187,0.780864207925802,0.7594162806065629,0.7480159300452134,0.7630214205301883,0.7487479678531624,0.7476779621458316,0.7574992181711467,0.757150672747957,0.7135503292036295,0.78627292896189,0.7472144165688659,0.7729511629926671,0.8623621943968204,0.7967659249576762,0.8022639570220942,0.8089230281923127,0.8979453992816074,0.9598428929312183,0.942478710912947,0.9530540693152715,0.9261555185483141,0.9753646040379139,1.004803459551997,1.0109377114367575,1.14717828576598,1.141643109900889,1.0906428745082852,1.277902733019904,1.2155218294607284,1.469026345479667,1.3852773309893456,1.5008431860578788,1.5099780276274963,1.668573851618969,1.8386149534216758,1.965204235118381,2.326269320682648,2.758197159028837,8.357207352787045,7.92871234411922,7.502038787447088,7.2068165321304365,6.851323200988384,6.680662036023256,6.304036601300338,6.032938724472755
7.0,7.331688047004363,0.012375884322305311,7.482282487307869,5.939676306521716,5.63427786922399,5.394091873825896,5.142936690599295,4.864470440471954,4.695952758630583,4.430452693625423,4.128395462703506,3.8600616815510107,3.5779501173826644,3.495302369768921,3.2479732006250472,3.1315766867414276,2.939695960616834,2.7912066554272115,2.645524163744217,2.4846223692948812,2.359310861063817,2.281733141280535,2.2128173579250743,2.0917539691170863,2.065835570334172,1.9705611839869668,1.8706475323141116,1.847371852883445,1.8050240689885966,1.794258501852666,1.6688289379774663,1.702597148404923,1.669717485562133,1.563934082622715,1.6356501005549406,1.529815802503438,1.5040564282373918,1.5048019033270519,1.4730933746809798,1.47196918368461,1.4657976972497047,1.4254816383316762,1.4298215673382002,1.390806999330452,1.3974997351738034,1.3706771873509311,1.4656796832064405,1.3437545702177698,1.3478699725681378,1.4303343611560793,1.4202192329042704,1.3965143792613897,1.391685328445968,1.3739289267403085,1.3746686465511093,1.4684184563573284,1.463569886811929,1.4916291376067172,1.4543227210243062,1.533340760364081,1.5658154073734265,1.5341916773933686,1.5173593627541395,1.5686069728488683,1.6402724815660203,1.6622076901168006,1.7993738389985687,1.8140902167441784,1.8779075773272573,1.84286427895686,1.9998432161130606,1.990270841299901,2.007914277079137,2.16197319236201,2.30728557894663,2.322403810006029,2.361218419417954,2.5182763478710104,2.8300211378946085,2.977389892950041,3.1537712046402326,3.4037241517847883,3.6926701524973753,4.130081049471632,4.4610251407369566,5.046364141566147,5.805987885115351,6.726513202833686,8.103325562776508,10.704514156817023,13.238428240482166,13.125109170786502,12.866328962220452,12.418513643307472,11.650116902043019,8.831833490934258,6.395548482496927,4.800950380080229,3.91267741691351,3.3425659568299477,2.8947888402476663,2.5214104127387635,2.2288300449245786,2.048778798433374,1.9826804167816816,1.777237180663787,1.6376744166263242,1.5620345959795008,1.472404775144746,1.4127193656192716,1.3287686718594474,1.2737533202003473,1.1472770617936054,1.0980975443632242,1.1121791859466756,0.9932518455167626,1.0035307898312256,0.9999041116040901,1.0041474457978106,0.9959790502525945,0.8771231951257649,0.890518083728025,0.9203363168018542,0.8706490651573486,0.8643250032906503,0.8438332716467959,0.816212101433185,0.7973791580681853,0.8143386189669929,0.7845851436100396,0.7907931942633876,0.774229778215071,0.7672639072066,0.7779883238413082,0.7811120262730347,0.8164668867583647,0.7805429984499915,0.7773964013950785,0.7750124593196742,0.7798040210415154,0.7068356374342187,0.693660966457325,0.7638911914413731,0.7821275084368381,0.7910076697866464,0.857783951946071,0.7762730109247131,0.8095663562352469,0.8134242870707579,0.8594367448935537,0.7838442308290006,0.799630478090785,0.8066838072107245,0.8099642471900587,0.8915356880529545,0.9399070793803688,0.9277929971383833,0.9367673138900524,1.003835487715232,0.9985534432122107,1.0053369058823918,1.0439976284157515,1.0740400044797656,1.055530240195779,1.2704459709375713,1.22074199124381,1.3916590375782643,1.3741038687783647,1.6016198795932315,1.5968810035938392,1.6316543229568539,1.7971897922343143,2.003796296650151,2.310640702595707,2.6945087260682286,3.378083637064021,8.131178302581732,7.662526006639807,7.316720524038494,7.054694167633517,6.8476905832777515,6.487798676634097,6.198212406559561
7.025,7.349044926135059,0.011525213257145726,7.48624546579254,6.131362284579472,5.753880992529548,5.500037171132956,5.26128635539869,4.994653359972916,4.67535795184387,4.421678336357414,4.18609519440736,3.9116948494191424,3.648953693103394,3.4554051691427237,3.268577403720827,3.0975377476089863,2.850726452557746,2.8045229675111525,2.6138030732168347,2.4628803987577896,2.351928145981024,2.3004162335463123,2.255296098454037,1.9927216149035785,1.9981282907589448,1.9370095864239878,1.9153477955960385,1.8466537543195634,1.790776475006567,1.7970511206490316,1.6565159512691205,1.6510787087141041,1.5811574098381411,1.632486100069892,1.5752247635775518,1.5207112797478672,1.5233010293873972,1.5267261036182367,1.4978006559197734,1.5090870557815215,1.3649826545591033,1.4528110401901941,1.4412635833374288,1.4116363960550768,1.4142529159762505,1.4201993221533804,1.407484379914181,1.3553396312074184,1.429379562920577,1.359769850211953,1.368430020306775,1.3928413242285071,1.4521945678986443,1.3626747145409621,1.4213241488421238,1.497622804835706,1.471287321508075,1.5031158357010064,1.5066968292752339,1.422709093466878,1.5472614988951747,1.6083421016000121,1.5498505596839633,1.6090928101847104,1.6731391102387925,1.6967458891589315,1.6909376484907686,1.706678345595334,1.8414105305444783,1.8535219351479393,1.904125332996656,2.0632046611708947,2.059196469563241,2.1434095874186885,2.276009382122832,2.422724895684803,2.5406727474560857,2.6652046066687554,2.8667771237313358,2.9790218172443605,3.259551371163626,3.396334023293331,3.6399038254778557,4.106023571703598,4.509593038891828,4.9742453714167665,5.90841513166833,6.8620668946199395,8.390696470755522,13.130339156005466,13.069431310471828,12.895789635589175,12.59540671264569,12.189630348968013,11.375630464637862,8.267479235884212,6.044831543840519,4.706062816323192,3.765939542415106,3.4380230692799634,2.966188198733708,2.642491208193892,2.2167088386629183,2.043818916840863,1.922413691769649,1.7214116377843165,1.6316140025973669,1.6162304026944685,1.3454063702523704,1.3362317274137643,1.3052954525130362,1.245821074039526,1.1970678052852057,1.1922908363785996,1.088222741290697,1.1227809306684027,0.984461204651822,0.9811270583446253,0.9738789521547553,0.9324145254456201,0.8916369101508652,0.8659448477792238,0.9202551756197104,0.9249360643932736,0.9172202343972836,0.789765904365536,0.8080637604471715,0.7987170648256664,0.8043987625318653,0.7128252296039919,0.8017290397429027,0.8132109857366495,0.8108955905039082,0.8148247854327173,0.8151007214959529,0.7281769417437511,0.731032593603232,0.7108490492928372,0.8067092427564944,0.8023965061455175,0.8189441711460039,0.8046172395632777,0.8073514103585661,0.7174454211499668,0.7988129787917403,0.7962881490412181,0.8010258529395212,0.799831901394213,0.8064236477492137,0.7949320355775034,0.893381799981161,0.8843318693351953,0.8892917027001361,0.8325594845245573,0.9344601416553101,0.9110196567098485,0.9128545884260426,0.8979696687203593,0.9896876007088898,1.0306287932294915,1.0388516348999888,1.061145831887541,1.1945505233399882,1.173454619612066,1.228171047462733,1.2158782107592052,1.306296556265336,1.4178721996523578,1.5715199303664895,1.5855134399311257,1.7006254041691282,1.8179724461980145,1.970129345424625,2.3470376618951447,2.726883160659525,3.331949636101341,8.281940100894905,7.866228653793314,7.578819074218657,7.201261431112322,6.977779451297637,6.719389199788821,6.36725367386473
7.05,7.364769248385987,0.010571287702022356,7.488887451448988,6.245124427648871,5.92368998785213,5.614165374317453,5.333796947796581,5.150833432089265,4.793385122639879,4.585608636139696,4.294111534742592,3.8800839991241327,3.695999120328734,3.5286787334046212,3.269700562793113,3.131834913615075,2.9676382392955283,2.814193953345387,2.6671798746286832,2.508942255829965,2.3655828891795148,2.262672613317079,2.202272196055513,2.0526420893684674,2.0740433959278506,2.025399965418655,1.878028729317796,1.854037685395416,1.7645317518440053,1.6667723904868275,1.689860510527696,1.6529146088939166,1.6538010492120732,1.6357897992427624,1.559177194976715,1.5294563838745368,1.4998157100494627,1.5005743174700499,1.489872051262185,1.5152425582364872,1.449345603857519,1.4325157615996071,1.4984218216007101,1.3858061179727905,1.3612845509792277,1.3725587613138412,1.3535670318823387,1.4189744148747778,1.423166263641989,1.3939472896479606,1.3664220407057024,1.4471205192716556,1.4689112155650466,1.373768521462698,1.4208153185179933,1.413634761368529,1.4109504688939862,1.4920147032860114,1.4561491148065602,1.5148848008608002,1.5581432257593784,1.58714113030758,1.5969998673596422,1.6387666432581496,1.609618499377142,1.7473063967079314,1.7113273109150304,1.7458632595825747,1.755831791109074,1.9269430637031446,1.9440982568407172,2.0149849815872227,2.1144165987787993,2.1248246562704862,2.2137319521812406,2.4134039088963744,2.5241736174285463,2.5983161702578195,2.833844218993625,2.8571907429383216,3.21445498819976,3.4792372118024293,3.764030769245674,4.255978845967499,4.515921314728588,5.250416376526145,6.146238837391214,7.0125296485946835,8.56246588524815,12.996969211408738,12.829771834610813,12.692865441537009,12.294841234196182,11.875994527351814,10.810846525064319,8.094858256947589,5.92429995421356,4.635183423322317,3.7011563365294586,3.2688184461397123,2.8265427658384956,2.4832902977102855,2.2882871747312885,2.0958522208888515,1.8755929606542507,1.7035912360936718,1.5855246525042046,1.5754711278086577,1.4335695950799,1.29905792265424,1.3155451174615134,1.1944472678728189,1.2198039842042363,1.206947747816603,1.1113523842681445,1.0580104458569084,1.100361354309481,0.9619468171496119,0.9875261185849254,0.8950571909101098,0.9064913715452002,0.8783628341635313,0.9254441002130525,0.9220479432552484,0.9124840715153322,0.8177111721125424,0.812892907502727,0.8251120241609154,0.7977255207564794,0.8082461057097499,0.8196870640603307,0.8241299930071542,0.80153232722046,0.805041939955088,0.7908122599447333,0.7402497234701146,0.7291630462374933,0.7277851460291627,0.7141325476458876,0.8051222214444717,0.8126288894041811,0.8207822577170144,0.7978937698114453,0.7340161023932127,0.7956649487408275,0.8070649365438776,0.8103216602125711,0.8825612432398755,0.7873548937661182,0.843831215988978,0.8461184520704814,0.840078846868241,0.8321663485658072,0.8333527999222435,0.835717449685618,0.9336053108255858,0.9799488217643445,0.9883733944392243,1.0296865392353418,1.0122351039125068,1.0456345098396247,0.9875796115299817,1.1437988946402078,1.1691449962720677,1.1871368255909955,1.3516160699528745,1.349760959159587,1.3620315716185947,1.5207765130356046,1.5428515119255501,1.7077489875012155,1.9082054711787524,1.9562260290091853,2.3516505964724344,2.5115857538853916,3.015866693000493,8.415116335866884,8.03942453262331,7.740387217796029,7.3764817763503325,7.122727443262778,6.844383772717394,6.592130701922308
7.075,7.379049487453619,0.009384116112883463,7.491529437105434,6.38249724637332,6.027208355364702,5.787564426474802,5.485084038593447,5.119598721194132,4.929599296948038,4.474305554235538,4.276666691945634,3.9781736269278873,3.790379343120166,3.4432199775331163,3.3385565523427942,2.999256222514565,2.880091256242728,2.831466977465457,2.654547581636669,2.55966932520171,2.282071680252631,2.267740967328154,2.1409871937931926,2.164808994318035,2.033801520052654,1.924087452631183,1.8065202464067562,1.804624088654249,1.7945215479122911,1.7092130313975475,1.7599426730095156,1.6023003235166595,1.5933827741048856,1.5114112538652675,1.5136607583362862,1.513467371204129,1.4877394711255691,1.4801323387379677,1.4809328830197408,1.4699979843712467,1.4240081431907134,1.4459956305168649,1.430052797265798,1.399053127052274,1.380949608959714,1.3951303760072515,1.3655845001996396,1.4597092578402018,1.4510098815820234,1.4208654068804376,1.3747985622110699,1.369688660654052,1.387161682506677,1.4675986108456265,1.482101210729181,1.3988162136473763,1.4741175423533026,1.466390358213771,1.5167539939928318,1.5306573989580532,1.5118095710702728,1.5382773553795528,1.5966702235913088,1.5768700589616282,1.6907009042134715,1.6544964516644944,1.7428638399260656,1.8041690024091999,1.8028688811621127,1.9262278854305348,1.992028192411412,1.9320709800866274,2.111184252894566,2.1953650066289834,2.270773403640045,2.327377051038534,2.4832147234285005,2.6602865962152085,2.7402509841941822,3.10193313887029,3.12886640859962,3.5275672742395687,3.756308633222416,4.232354823040107,4.67872537553686,5.251381614334382,5.96631615372728,7.1035912928064535,9.16318359311157,12.698889178630793,12.626220825810684,12.398825823749922,12.092629730817237,11.63879331442621,10.612881788412764,7.739361274387842,5.272761484757993,4.434397231557479,3.703742533700431,3.192505489714764,2.792794273254646,2.4370411001454104,2.1684989894065434,1.9865961534618082,1.9018788944717064,1.7282746333264114,1.555087937314924,1.42759263891472,1.4782001592946696,1.2916863602822957,1.2720109094945504,1.2431417632000177,1.1539175473488181,1.0897235967093204,1.0757272519799088,1.0487970849101567,1.0685172155255387,0.9664149508521556,0.9532215099100155,0.9152559219425022,0.9273004261685791,0.9216860945384251,0.8556381939751396,0.8666598245123933,0.85917974790526,0.8043415838649212,0.8263155218761138,0.8340318988528038,0.8060356854267814,0.816944210771795,0.8438635437628808,0.7325308900676968,0.7286508510479315,0.7369225005395678,0.7515393225326289,0.8287143851760012,0.8279738763301342,0.8137608860651936,0.7454011899151374,0.7537117074931626,0.7572267070981312,0.8316276062298342,0.7488666498576786,0.7447834798843526,0.7451812507770412,0.7606988191201435,0.8177949305081232,0.828043394808004,0.8292707662038129,0.8235404050342883,0.8452240704626058,0.8220250480164772,0.9144141990854379,0.9146179185982883,0.9046229513022168,0.9060248137735553,0.99656784962045,0.9681689503263533,0.9221154075666235,1.0116911636234376,1.142079022510367,1.075930492463767,1.17271919342256,1.1604329592409894,1.1474257580564158,1.3093241591855294,1.3238176417907832,1.4394360281797092,1.5267102821761758,1.5479677375007497,1.75314043619041,1.9210784225754802,2.0796407560981827,2.3687191976341593,2.5442090482111213,3.0350547127633645,8.578877023947655,8.172693827664045,7.872841737686807,7.58072898457398,7.342390188423798,7.054204816671533,6.75720952946377
7.1,7.392006638813707,-0.010506239683180624,7.468641670311918,6.540762708345078,6.198121996176599,5.878433512381634,5.590823393394464,5.30136490638181,4.967513265833129,4.681179490470246,4.256733176271667,4.072195261565504,3.7940454171086646,3.5223008277842873,3.339187048756081,3.1566015108772354,2.983272980847264,2.7085773128576967,2.6918720244750682,2.4499574333590535,2.361793885916679,2.268928676020581,2.1713075048607307,2.0168161051617557,1.9909259303964304,1.9047305166112116,1.914898100193623,1.8399217168551316,1.7911977312207719,1.7234047049411416,1.6561945338889432,1.6856586534408855,1.6724224854709013,1.5401359101005745,1.5412630998735593,1.5655505387825468,1.4945289460523423,1.49873291080668,1.4330186815012966,1.4577818137345147,1.4404153050597814,1.374844772817327,1.4083803907055255,1.3915625934930107,1.4934796190803603,1.3978027174729106,1.4131570376830387,1.3534540678917115,1.3457272237608764,1.3599872279418757,1.4622915671274888,1.3818300567135353,1.374088442851983,1.4306579196157212,1.4919824413875968,1.4287704814193147,1.495941653335299,1.4079462554595072,1.4472617415764188,1.5460893238450013,1.5461835430108826,1.5737684553522509,1.570262985095132,1.5642384119781714,1.7405880241529528,1.7085392584885475,1.8125837179080015,1.7954358873945386,1.8489567653713301,1.8291064336950196,1.9709281742569162,1.9830114020111456,2.0824632813608512,2.1838196140682946,2.3293790635963876,2.4731819219285702,2.555059504852327,2.7625783311501952,2.9342332190023273,2.9554403918358267,3.3468299123711374,3.3810964078119916,3.968245664295291,4.3659391835277015,4.8058618492508565,5.415474566511547,6.288719675240799,7.427013448745667,9.120936020695018,12.584144229052768,12.383456819183891,12.213327915014798,11.861381980170057,11.37700108826113,10.393655643833146,7.24227241446916,5.383608066370486,4.421092767963538,3.605190794216361,3.0221451436829474,2.7104915960893634,2.457360447289086,2.16351130665952,2.034741341586705,1.9421656738232933,1.6739682420832056,1.5489336768248492,1.5952320464935574,1.4193440570278224,1.329691017365445,1.3033955129691621,1.2926780103233804,1.1234567069164547,1.1318935117281756,1.1667053921981432,1.0444670576183774,1.0105898856234532,0.9286915458381259,0.9627521690556727,0.9605499214939913,0.9540291357174315,0.9389317225320974,0.8333122899616003,0.8506198461765758,0.8583160937026095,0.8293205799432295,0.856498604171549,0.8534564333720064,0.7753641246432289,0.767790251057145,0.8285499009566566,0.7617594466723404,0.7657638521950648,0.7612684533720115,0.7658367924496243,0.7542685644396728,0.7696914519542737,0.7826419736162367,0.7464794360211465,0.7518370253063015,0.7452414077969637,0.7426531047922919,0.751090239712661,0.8461519893317178,0.8409336486590527,0.7664649006695693,0.7517771507598364,0.8481719610437601,0.851746333923974,0.8577825909825098,0.747942862922351,0.842026661070488,0.8355175848498916,0.9263391822347332,0.941660634716587,0.9309879620092412,0.9516940611767933,1.0219850432466913,1.0322206331606707,1.029648779116555,1.1367541064111617,1.0925602595910784,1.10836222677776,1.1982278502090222,1.268856018363916,1.3536937607257185,1.3412860771767985,1.5203973389661714,1.5194512384633365,1.66896193887412,1.7008544516740975,1.8975775119723062,2.0907809325570654,2.3079666560760197,2.716798015525687,3.090558198460928,8.829779464307258,8.38068767918305,8.062925661025812,7.69811160868826,7.507850359992879,7.118637938679467,6.844775989895837
7.125,7.400704479754935,-0.01588297904280848,7.467211215824512,6.62828275294579,6.262354547081623,5.997176963188861,5.761328879132515,5.3637738914378845,5.06305794528204,4.623387303196796,4.407839134217334,4.15145189774475,3.776149824103965,3.495398351965177,3.287600370379793,3.0132466921957928,2.887091162399574,2.8222350780318113,2.6391113315739827,2.4517375744992678,2.3614834805768004,2.2815642237710483,2.123568780532121,2.1066591467449927,1.9500585452689883,1.9483763876470377,1.8144900257495833,1.7513640236246688,1.7774889848051953,1.8030013196945365,1.6610637762614142,1.694635227194567,1.6863403988549883,1.5576111323515376,1.5329391993544783,1.5208436271090813,1.531650832932034,1.5002598417415034,1.471287168679253,1.4615991341060015,1.441552900522676,1.4675838862413066,1.4137788098009703,1.4292661526747947,1.3647075996704972,1.394095764216873,1.460596255965751,1.3648808935547463,1.4228416009671299,1.4265625418188832,1.4127120320324804,1.3990825813588934,1.4569345026098142,1.3766625449431569,1.4052313222081898,1.444811813977567,1.4562901747350898,1.4932708696581096,1.487774391202226,1.4504954131239627,1.543094086517027,1.5848906586746971,1.5810630284099678,1.6528688973018684,1.6536641230555333,1.646544073321072,1.727071032603829,1.7505607019406613,1.827987087487281,1.8543538076813477,1.9984241691324218,2.010532607935021,2.089197743752923,2.1738555005405873,2.3625426476859004,2.456909490690077,2.5333231350787035,2.744665460084854,2.840852104215978,3.15040249846279,3.239144505248399,3.606912481994774,3.878156396947549,4.311545331261475,4.73319937395997,5.511851824788202,6.511100508834942,7.554218289188432,9.409441599417901,12.379382740552312,12.164192923921814,12.035579779725602,11.58627461736102,11.157012747489402,10.0379551254062,6.995889372595451,5.315333390787022,4.373779614964714,3.4899552566650747,3.002512347610703,2.6525030913782466,2.432758116921435,2.213995998340925,1.9441469688038266,1.7720980088446352,1.74041422827245,1.5722463112790819,1.4734148255510866,1.413917125277881,1.4188111882691026,1.379362407684786,1.1351873628982636,1.204448697810807,1.1118841375585102,1.0001606305492332,1.0002836001370006,1.0061870905973345,1.0126741993261137,0.9878240748886387,0.9822260822132729,0.943514255695945,0.858884412903962,0.8732126984901598,0.8485315464636168,0.7844633948292087,0.8194660606006018,0.8924733262072183,0.7983129147605942,0.7787671129327537,0.7749867955523572,0.7793710607441283,0.7814027408915327,0.7720136327510815,0.7646308683907305,0.8086731431146292,0.7840219819737279,0.7795069751106034,0.7910475132413581,0.7823289028667426,0.685870211055535,0.7599354145141446,0.7929893104352747,0.798169168820072,0.7769273414072231,0.7613475324755716,0.8148874362236525,0.82245900031866,0.8232231207342872,0.8635573068261859,0.8406991530354759,0.8550388554231347,0.8593820304805055,0.8538362786812302,0.9434836312659017,0.8791832576060211,0.8796188762568915,0.8677819917324225,1.0111213999983473,1.0135144050489229,1.0099583151862195,1.0249450846548411,1.1424094299968972,1.1454130813583703,1.2360532450655477,1.2475796014002976,1.3200137039405042,1.3960382252217882,1.5000284252513814,1.490887996318446,1.667007765383589,1.8348363153633265,1.890896257639199,2.109581946643636,2.441407461757509,2.544664983115062,3.0508135322061407,4.01165553660816,8.550031013704077,8.195371024469624,7.9315414675907014,7.624958284797402,7.240351736839697,6.990830529958829
7.15,7.408282437138879,-0.018685295052715913,7.466257579499574,6.842920093265163,6.51295190016993,6.126746012153346,5.898485875996193,5.547106637852661,5.089387904720663,4.743032307075276,4.438383208126493,4.108743281303256,3.8197642692022473,3.5041281239966393,3.2903111567836927,3.1365532315461215,3.000869489850124,2.7366416298602916,2.5912161759807004,2.5203460826006805,2.3468899621620314,2.257758504281603,2.2568329537849476,2.0713986755377807,1.9411060416141697,1.9304360809281695,1.8264738802068523,1.7596071935349844,1.7936480466367875,1.788607921137144,1.6743178011531537,1.5749543345127377,1.567935834498259,1.5497779732639287,1.5362850290726522,1.5384431939703362,1.532385295489525,1.5418032713388197,1.4953874036742156,1.4041022682514284,1.3583864839475583,1.4533081265578616,1.4663592582696845,1.4248877794157289,1.4006494320999676,1.3991888099968095,1.4029714197043712,1.356644799214394,1.4408907704921627,1.3526943607773139,1.4144912392118054,1.467216387626926,1.4530631321465675,1.3733493571641129,1.434254086240649,1.4178087586867283,1.4244862226507373,1.4902079585589696,1.4873255225412956,1.4656758106637489,1.5810575529968447,1.583161238382693,1.5756992306413693,1.6093450379275245,1.6075038997734066,1.763633959508725,1.6994084509567873,1.8319566625419532,1.8291246381842001,1.8903188444985197,1.9757811799767928,2.109787152200183,2.206267953576156,2.2150798288784577,2.282041436019534,2.4493117872440515,2.596221053230941,2.6566076074361993,2.8291833883085076,3.109750120969117,3.2123565904288593,3.6902888641805425,3.9918024864454753,4.265963030879567,4.947279132471205,5.427560942598113,6.411467407597321,7.672705111969102,12.153656129632022,12.15951418306162,11.987532362656252,11.775272742883375,11.443739779543064,10.92040338230456,9.87128702057726,6.808954272332741,5.131785338987314,4.199633277310604,3.415513737055177,3.006133750162735,2.681347087015493,2.4613836816721584,2.179569297727376,1.9273065178299156,1.8424177418783174,1.6597195753776801,1.5694893077296865,1.4732915189962599,1.366828760270796,1.3314218400655444,1.2578522581950646,1.198996654152499,1.1641032933962578,1.0915234535784315,1.1337635358757479,0.9841448196181076,0.9591107505286957,0.9859969062846355,0.9544912621286032,0.8999011064646224,0.8983769106306957,0.9188564800732554,0.9248640612607731,0.9217861058684966,0.817923171168516,0.7940648234270338,0.8043384443597191,0.7223209161870892,0.7966064082283086,0.8024925701266299,0.7979848212105596,0.8103968063919269,0.8052485252038175,0.8042932880922443,0.7211472877089019,0.7194128502428917,0.7329018201045123,0.7961605691194218,0.810895010085275,0.7996108426947238,0.8143330071476318,0.8046257959046282,0.7428111907274224,0.8173506017162808,0.8201826665478273,0.8300455307907936,0.7129645046605554,0.8134953681245203,0.7912686908354732,0.8790494560394938,0.8984078947722443,0.8419053324288628,0.826353883552005,0.8453623491113293,0.9219082854823138,1.0014613371040473,0.9924709099143907,1.0224846865223542,1.059369490699689,1.0364151684855047,1.073327393644892,1.1586519507708717,1.1711368804076998,1.189536522187561,1.33687257945267,1.3336307468289563,1.3500592126433402,1.3539341476264233,1.5261019573478765,1.6003177140521516,1.7714259961909782,1.9288018744855848,2.0292551726861197,2.204636552537275,2.7029449779459043,3.051406665765238,3.7487797783679446,8.808757278654499,8.451249655528585,8.07674694788292,7.80743969683403,7.506940741824854,7.176215721069326
7.175,7.414867712669545,-0.019661187535759794,7.465303943174637,6.9900982569434325,6.60120347419584,6.321813930387103,6.053313738428746,5.697647716893209,5.218647364526024,4.917808354190629,4.501443795313689,4.227771371057271,3.8182806969256857,3.5430164479063837,3.3892119089586954,3.1816320205051714,2.9019766363053767,2.7805863548780927,2.680695411716396,2.4949318583828486,2.357972960354893,2.283778953857282,2.2046666661459158,2.002290361587481,2.0550024335657877,1.9528706945993068,1.8747718976673924,1.8619544164944897,1.7575057710630948,1.675659621398495,1.6436183202830168,1.6451416276173445,1.6593952101849034,1.6128262136761546,1.5615834266871278,1.5208806340361907,1.465620423354735,1.4915511569835804,1.4913568622146365,1.4919568121111757,1.4328470757426075,1.4433885014012857,1.511946483995029,1.3839263659682675,1.3739560810850728,1.3862385976711293,1.3863314816285655,1.414140095855925,1.4216822720585343,1.4056109670937607,1.4183798813984148,1.3525788924026536,1.373134266113276,1.4375478575116272,1.4128029561928857,1.44116105758967,1.435273593131303,1.5448343038809933,1.523480925486023,1.5185374578105233,1.50483644378233,1.526282799218869,1.5625998202544646,1.6534644446521727,1.5941156732020696,1.768451153059896,1.7041067441110898,1.814166529195697,1.7619908732532292,1.8911994787643531,1.9265334715408464,2.024901270391395,2.139476447791783,2.157832296524733,2.227961371329284,2.4490663688076335,2.526025564869943,2.6452875343317563,2.8789210640399623,3.0642815053238848,3.4315931682305343,3.5334726047431153,3.961183273490774,4.40411372718261,4.8848866290402775,5.5289230270642715,6.401505229763275,7.680443618970241,11.93740649843825,11.984689390846185,11.840475358911533,11.575536213834162,11.251712524830337,10.762700119605586,9.670546717040724,7.027307574982869,5.2698385847592935,4.073334482236571,3.5289124647646104,3.0909697802447713,2.515453474794529,2.347903560273352,2.1938306004687984,1.9076419530345687,1.9119382836014442,1.602191281691675,1.5980023065511368,1.5371789827972209,1.4297639194881668,1.3015801801151776,1.2665763380218347,1.227859905370662,1.1776812337933054,1.1013343751373261,1.1140642596121622,1.1029461718156839,0.9844530019494877,0.9862800587724698,0.8787829528672414,0.8701854901940149,0.8838842466357627,0.912951124924076,0.914583443975348,0.913819424783574,0.8010859160898192,0.8048705410841097,0.8183011057633904,0.8268567897441277,0.8068024554239603,0.7954883905960811,0.8012423081607245,0.8058084014648949,0.8153682921405796,0.8096153515550029,0.727690345858875,0.7155883837544696,0.7068547486840918,0.7290327496447088,0.7428878344263682,0.7913489894300005,0.7901939708477252,0.7198814193720181,0.7246236425472554,0.7385444399847338,0.8146691813013944,0.8011275313553092,0.7758260995807839,0.8016104365595697,0.8283322641716175,0.8372806161042182,0.8341407524660964,0.8887733781522327,0.8406580479866902,0.8508242618221916,0.9260479036850132,1.0019624630504835,0.9916397231038263,0.9719758588293862,0.9945862520619011,1.1068746076461464,1.1268639064502246,1.0917183142514926,1.1108929584179057,1.1365933610142807,1.296450736264194,1.272185250325696,1.4273189118206107,1.4110583795695189,1.577845518648029,1.7016038439795467,1.7382306332645556,1.8274411329301643,2.11589038307561,2.2408687287130356,2.6048674405191865,2.8534409891487167,3.602130160779461,9.074501731911425,8.749058988608782,8.294036588961298,8.060630355117402,7.672847361256955,7.385938479775973
7.2,7.4206137460748876,-0.015261234401981537,7.445084383903708,7.271777319779534,6.889253703183004,6.475425856664799,6.223302952841054,5.888933542494356,5.428582503519448,4.996049688395412,4.719104687224699,4.317182513541141,3.9553394735932277,3.7304910172425907,3.383229133936287,3.088049651596536,2.9983584891505846,2.824029631974705,2.53868973869346,2.4935339451888483,2.3645994221442095,2.2824382199194817,2.1322521278038065,2.1446356283831767,2.0121047029715435,1.992252060426409,1.8120740657171122,1.841167967320046,1.7945602019194848,1.706718879554645,1.7465036273378496,1.686579942026573,1.6004057824114748,1.585688790777094,1.5127687954560314,1.5414011187677834,1.5280138976230153,1.4688579835196283,1.4914522252715252,1.487090351546967,1.4421214534456082,1.4305592349793472,1.4475938638471997,1.3842401809967266,1.4442899821714108,1.372579276598892,1.3702020278425011,1.4094800826036873,1.32896682523794,1.3855536938987234,1.401044023703383,1.4310199684952896,1.3628164963582399,1.456239280018311,1.424988592241779,1.4004789263258417,1.4866421432320538,1.4915938692281618,1.484036294420088,1.5030760722227225,1.5068918105993674,1.5617626943553782,1.6469011875381965,1.6402788932489996,1.6942581981469165,1.6787318446452075,1.6861990949552244,1.7579154839106703,1.8403275383952191,1.866508675933927,1.9757321599597986,1.9765097254126534,2.138574719239192,2.234981440584166,2.228583908137016,2.3744673570002,2.5298192236455432,2.6882651308071437,2.9071923130562936,3.043670477448358,3.3020467346996187,3.5065494651781113,3.9742042124793238,4.176776610369142,4.647497337127685,5.439448030637223,6.199219834279304,7.482105562721823,11.787255457723711,11.830946731380898,11.61375164990756,11.500322333449606,11.17492416680367,10.725151991984417,9.700162414503314,7.140106619516189,5.410795037714218,4.2704115429956095,3.450194597333192,3.08335802536158,2.7390047514852447,2.458068881666725,2.2127891148269327,1.8841555350913712,1.8731523275034352,1.673924375734779,1.4392852181732627,1.4265661677075347,1.4126401319232642,1.3139939474442404,1.2528722843101896,1.2011815821821614,1.1741735056028721,1.0834232125075185,1.0701692211580078,1.0629487841978835,0.9680512747057877,1.0000550201714689,0.9251890349719308,0.9315974988713907,0.9393466375448973,0.8541444774567412,0.868025042832763,0.865872283577064,0.8302291181341933,0.8333714468478826,0.8238003922487397,0.8133030545000753,0.8350747120157872,0.8190811145705712,0.7457393697566549,0.7560718705172623,0.7672769313550424,0.7495732992659665,0.754016897845871,0.8239628268356456,0.8180358779722945,0.7351089685433442,0.7419673277364238,0.7379945234450347,0.733361039446521,0.7484424191314075,0.759947343798132,0.7517590355999991,0.7276956086987545,0.7322508648989419,0.8425354501839847,0.8275571632985648,0.8299430356148346,0.8146363318540312,0.8151589111807861,0.8190669404519664,0.9108843603770347,0.9174667090687939,0.9204287672400024,0.8904425285592651,0.9541819518189791,0.928849917179848,0.9399920121002611,1.0101997720895577,1.0549966697670548,1.0515054081270254,1.1575682326014183,1.19132395960261,1.2052059789666483,1.2786978012169392,1.3125328749430223,1.4417761264321616,1.607973780698132,1.6409754290648304,1.664445163508439,1.907663852105112,1.9701597497587195,2.334804840518971,2.459950415905326,2.9700427572929455,3.211281823504795,4.558201004587803,8.934175792428613,8.572935903904298,8.341340565305256,7.955948571832866,7.600705457955679
7.225,7.423410163830968,-0.01422571014384671,7.445115462579864,7.421474019107009,7.120567937552568,6.733687823829146,6.427210814760143,6.077680643041608,5.602275003924588,5.184273309504542,4.839296418567031,4.384271217689587,4.057601936272197,3.706116715645802,3.5316743593997093,3.2259678916956904,2.9374278312318785,2.8392583452837745,2.6690353343359696,2.506207375034343,2.388912183590243,2.2746388159754507,2.219057378929305,2.1533813990745347,2.0766317075519245,1.9982724277231732,1.9126826522973075,1.8336925407533762,1.817762201599898,1.6985928767526075,1.6977410313545347,1.6386756987177775,1.6807704460186375,1.5605480850342834,1.597767239076196,1.572170857956481,1.5719562039251678,1.4777351101108478,1.4758950780432507,1.4625989473450967,1.414314714194995,1.4574445976976955,1.4187939620093506,1.458238634147737,1.366679081173016,1.3786355469401608,1.3904820367432251,1.4417300004350566,1.3640045878974507,1.4159927550066314,1.4577651798703308,1.4491056795221822,1.3881764183775964,1.4561437711183005,1.396014921834927,1.3986776394967992,1.4630456729872943,1.4905632257930552,1.4404579119093384,1.5589212021491672,1.5626493397752663,1.5392058944910452,1.547482644322554,1.5968397589810748,1.6579161403695615,1.6968014560927378,1.7669502582991248,1.7835849359350209,1.8729373415995452,1.8202255195311383,1.971247032204337,1.9956239464389183,2.129241038937412,2.2339679117286604,2.2795952911371224,2.345333688895383,2.5422663562028487,2.5212765400963995,2.9338749031242717,3.1252505852181565,3.1331285582554496,3.5805517078168867,3.898998845036814,4.181741341499215,4.6374823119723505,5.4049653675840235,6.007494685729361,7.114114416549388,11.630942087846236,11.592545358583255,11.487406026163322,11.311719829048995,11.037452451920368,10.562170083325809,9.893504117477097,7.618505381293805,5.574893836734122,4.468223784343112,3.6491009908005316,3.0972512303370077,2.7323954342775836,2.46578086796944,2.1675310702862474,2.001651959308919,1.8451076501264507,1.7610504785582368,1.5423682181899734,1.5750342793333163,1.3862429228178177,1.3294387019797445,1.3062637002022381,1.1840034001087967,1.1501292988155727,1.1313611269458137,1.1913404898966091,1.0186216534509298,0.9184644286066272,0.9274868218039263,0.9611089425620138,0.9599210163447632,0.9693750330194346,0.8528788860234248,0.8541103316337364,0.836920909882113,0.8482144599090018,0.84044415865518,0.8515345871331835,0.7536240426499622,0.765797107757189,0.7764800947038071,0.7516074058019827,0.7692765395569972,0.7614204007450737,0.7643611398658658,0.7606650554854454,0.7694091603827551,0.7664943995192365,0.762220928721757,0.7733054191906793,0.7630232950513299,0.7588125822138506,0.7700288838758393,0.7775904881439145,0.8482409119585302,0.7579819082205687,0.7761152026016102,0.7595898121290521,0.8398593859200907,0.8357555079863207,0.7560098165602532,0.776380646399192,0.8540093241235244,0.8483589886077576,0.938969329621427,0.8853866486243979,0.8757299913960135,0.9492291268705296,1.0270287283987554,1.0388259583322335,1.0078922590760573,1.0553538413549413,1.0886775679460423,1.1014642011649092,1.252189743725946,1.1862346257502034,1.375638638253072,1.3678615302766275,1.4342659912938742,1.4396127015597073,1.5928723782020213,1.7818494576426123,1.9033508810179747,2.0012882002800527,2.178830373946258,2.509147618993846,2.770114770912087,3.2351157936230233,4.151938571521451,9.170706421088891,8.841584266682224,8.483026834423086,8.137619636518693,7.873369041701872
7.25,7.425889901037941,-0.012495384623344192,7.4451361816973,7.745422320933334,7.3398619259882105,6.959569679079747,6.687009691109371,6.2571388001355,5.810452712786847,5.326846696300541,4.86405035970707,4.381818180206152,4.188443304055315,3.711550745425925,3.4556992915145126,3.281010131985417,3.0846148379707756,2.8380675929716204,2.6837312885912343,2.427237151878606,2.4249437611899816,2.2834536111382664,2.179702365871953,2.0932225328839906,2.0951355469393964,1.9174305177060487,1.940477590347066,1.8659264015465138,1.727270996442937,1.778433514752238,1.7410010619385132,1.6918046799810653,1.6302795040478053,1.6348311064942973,1.5666227111754507,1.5095892982501087,1.5050722395811653,1.521394357335473,1.522827510256322,1.4790823038464367,1.3858507745098665,1.4290323212463882,1.4377516871283782,1.419566868869404,1.4374329319600492,1.3736638088390642,1.382943190998053,1.4730259864547897,1.3862572635626016,1.4037754450875164,1.3927607029963076,1.3802061870718165,1.3887336203179268,1.4359286500030894,1.4571097706982208,1.4203144729317303,1.5268603146742594,1.483609466051775,1.50498425339583,1.4811515675717446,1.4490688272894787,1.5446900260764915,1.5715425736657107,1.5900743144851017,1.7045828476717058,1.662016977938083,1.721625597749014,1.729837656621561,1.8637204767356697,1.8608628018370041,1.9833237131503874,1.9879561051517305,2.041409821674897,2.1909015731201302,2.337329053845788,2.3598166346725176,2.4212761797446776,2.577294262878396,2.958546037171845,3.0073619187387823,3.3276088865171216,3.4149174525617068,3.855930695304533,4.17860355157454,4.687617115070169,5.194763700008717,5.987912377303947,6.94195576387162,8.696944453128703,11.482335757296864,11.281712004174416,11.109383977576561,10.818680506730233,10.474194584097745,9.788411957465053,8.108858939996104,5.88060954508844,4.474753709747599,3.840587166620611,3.179363230556106,2.823044442639011,2.445513456632974,2.183001802924698,1.9520374155135916,1.861631328743306,1.8248845861675775,1.5479859220246672,1.485598847960401,1.4172580129574184,1.3994881294172752,1.2836992993032093,1.1400182863950759,1.162170062064987,1.0938315630312436,0.9918192436362316,0.9873708701956934,0.9979221791775104,0.9897724724460545,1.0423278921202241,0.9798832941238432,0.9537631049019444,0.8571520456049732,0.8561304711035418,0.8436501919934991,0.8123055759739052,0.8210578834617452,0.812886249326823,0.7873636618319356,0.7796467876386103,0.774111199105497,0.7833888083476247,0.7791774977269101,0.7718542747507701,0.7660565331456897,0.7762832303428855,0.7826624492437511,0.7796683970404641,0.7814190725772555,0.6842291544098821,0.6913691334718325,0.7066037276053465,0.7849627030647615,0.7704314697094464,0.7769977128769303,0.7869499093266943,0.7623833691479034,0.812079287843201,0.771550587692782,0.7593086303311963,0.8439975464215086,0.8640435899120656,0.8610237080903737,0.8229148440751486,0.8706634293834756,0.869233261438782,0.8795054391218199,0.8821998013346743,0.9606177597012143,1.010129134039001,1.00037330164532,1.0385261162821413,1.1429832508300575,1.1190854410383018,1.1193583322159026,1.1829892627529544,1.2430184715347457,1.3868840476043127,1.384441000645255,1.565183456606831,1.6254186949619494,1.6058636751525177,1.7881520325239677,1.9252090653141225,2.1895373655616845,2.3273952906253235,2.62157703325153,3.0992322612527516,3.6014601201509753,9.529728603806502,9.13063226420743,8.796141731213064,8.338295792177163,8.020727105316269
7.275,7.428089146721379,-0.010545601444491227,7.4451569008147365,7.988489937366426,7.58023292060211,7.147429439492628,6.877271634532617,6.462289950885921,5.912320656659994,5.51448735592851,5.040285390110057,4.579327759591066,4.272490409988332,3.892087022588311,3.608462144622888,3.3244204652809057,3.027531736949583,2.8992643404690845,2.7427491848707275,2.5825395180902233,2.471197290306096,2.367606509120273,2.224713745150475,2.083031848735526,2.120130577124526,1.9606240971400681,1.900894682829754,1.881289737236579,1.739631859653288,1.7786566277183653,1.7892182607959657,1.7143073829622917,1.553546635971769,1.5754800503851014,1.5872030469092149,1.5161966877890118,1.5541522731816517,1.4321598999524958,1.4831827351878355,1.4887055765356252,1.47861585074645,1.4429296030682437,1.440048989837007,1.4215734858583953,1.4237087517049725,1.3630433596646923,1.361506767265058,1.3763363111229252,1.4244400230521304,1.4230245649656006,1.4347719905676024,1.416348527254876,1.449104637073044,1.4508221904493683,1.379412858233002,1.4483858416259052,1.4253522704976858,1.399688523161275,1.4812973068378004,1.4931311874206357,1.4748903088735354,1.5292496533153672,1.5992019049084363,1.6306014199384782,1.6572327203433048,1.6658284551141174,1.7449993941868038,1.709097500985153,1.8585080512809025,1.8756752338810643,1.9446783084933297,1.9894148646947438,2.0694831812571564,2.1820624876126207,2.2474214081237336,2.282745100812064,2.4307518545417786,2.5724893429732085,2.82373768428932,2.9989291473861455,3.2298964741256873,3.456498740439989,3.711750158242772,4.086436879259306,4.563607163732493,5.071308782786481,5.836954127255459,6.953548447860233,8.53147175716582,11.261288135235255,11.069366909775024,10.993928490065354,10.682483015746358,10.419275971382152,9.728329195401212,8.361879741035077,6.112887042982576,4.576276197969161,3.752118285959234,3.2778191064029074,2.6996176765449453,2.4538992731580755,2.2825077936211824,1.9813690700173698,1.7957783051794431,1.6590873186708128,1.6141850778538516,1.4845435291420623,1.345792335336731,1.3833379381821953,1.2336890789293948,1.2607264258511006,1.2067202819206482,1.0881883580074592,1.1452555655846017,0.9715804805124211,0.9762826532826157,0.9730758647686915,0.9449222692540495,0.8766893448028605,0.8853871649075761,0.9249008883614671,0.8991225929653455,0.9195052381996822,0.8097434900247905,0.7929231953907562,0.7936179004027404,0.7365923057856522,0.723445671395831,0.806828787007575,0.7956141145659057,0.7995077416356353,0.7947313578656022,0.8020288662303747,0.7163944884144319,0.7101432062191168,0.7117215858123258,0.7359600194644693,0.8085278832301993,0.8134785211975227,0.7892287954111898,0.7233041473906504,0.7237558121554261,0.7954921554573119,0.7817552061705201,0.8222762403446099,0.7291500444475154,0.7205255984571785,0.8169235018305536,0.8059998328555302,0.883916006435274,0.8303713871153008,0.8454196313062614,0.8195256114895894,0.9086632619514199,0.9219824430115415,0.980928699281448,0.9038142149771842,1.0033569763761985,1.0359636937150714,0.9409104034227738,1.0334826755048503,1.1826168140381512,1.0912503304213927,1.28379813457842,1.3176875463326494,1.3194903622805383,1.318614513326192,1.5102755575133102,1.5084601692027968,1.6847484336955245,1.780858629892594,1.9352145895762458,2.120326063750343,2.4256695977321576,2.703617170012357,2.931349758592847,3.5924265191547655,5.111536121522724,9.434787271426353,9.041536040846205,8.648501500142029,8.34807353511276
7.3,7.430175095821826,-0.009363465965498419,7.441809036102581,8.244900145984817,7.821836792076439,7.462609543359911,7.09667482184908,6.660775211006325,6.122673970440893,5.683882948929465,5.2213290206742755,4.748656827091595,4.33719819809486,4.077901729688003,3.6243267551275573,3.420361637858135,3.1906941111995777,3.046474569034475,2.7809113093411586,2.6703994138056073,2.4795429771051345,2.3546321925005134,2.245494366747998,2.1944495611491,2.0070850082130858,2.0555441364915312,1.9603756110932566,1.879089900690394,1.8890626302115217,1.7740792604078766,1.674541927582398,1.7074717953556326,1.5855807350634383,1.5971505693405197,1.5512153252137766,1.5802588744063695,1.5461284251423921,1.4941490285327752,1.4266770870557064,1.4601531994825685,1.4883936370765483,1.4474755088109577,1.4129331877203168,1.42479837764872,1.408096149799589,1.4599387765179346,1.3627270312082416,1.391075087951963,1.381805400490651,1.409247838507281,1.4139078966208736,1.3972332713058195,1.416078349338117,1.3399762261880468,1.455740183889609,1.494827658309279,1.4491848548214048,1.4572886514564425,1.5384464341025044,1.5272716057127664,1.574350029580342,1.5257497974350138,1.5221005363270834,1.6399170444512223,1.6377400163501157,1.6322446567611277,1.7985820702373216,1.7200037091694274,1.7819517946630776,1.8659414473003975,1.946521690285028,1.9914580899897818,2.0295838354174656,2.1870305285619827,2.336473211514548,2.320533703289875,2.440492489995397,2.62185533587267,2.8626555966948843,2.9961612063484693,3.118889096982913,3.407166796615139,3.649345768972817,3.976481383767415,4.422903584242751,4.843530895368692,5.80597648951287,6.578691027020932,8.206552609787645,11.071698961465298,10.972491164768911,10.779731688387852,10.599342932336473,10.159271724357545,9.74688498957169,8.748701917153156,6.419752332174949,4.9605383323706675,4.022950535521942,3.371485323104246,2.904981218846393,2.554179712448546,2.2862682121457585,2.111551786759732,1.8362651549937772,1.7709999155140224,1.6805275160445863,1.5286329537532715,1.5117335399318177,1.4673309796572302,1.2489371849303386,1.1935548127670141,1.1518991998441417,1.0991134861312755,1.0875944111920932,1.0869082875620395,1.0643094769338686,0.9760596192049181,0.9799542136390681,0.8864876552810331,0.8909089952224307,0.9099895890313832,0.905136001014603,0.9174216789235818,0.8016273706054623,0.8051362394845434,0.8162101640054188,0.8019686790349508,0.8226238314635974,0.8065592235618829,0.8072964626722903,0.7188589474171403,0.8007166042185921,0.8080865615630266,0.7157416698513469,0.7207240849683866,0.730093002435899,0.7289021100950286,0.7159131895406848,0.8021753221983664,0.784084884745123,0.7263426815785083,0.730301101033837,0.7246154164732849,0.7102547853308147,0.8003852660761231,0.7935296621391223,0.8041222710119105,0.7949319084999251,0.8572180127741978,0.7972055704473886,0.8017107303016646,0.8049330372382553,0.8382046275546675,0.8403418367368309,0.8943257323070035,0.9848394940378824,0.9722170553869309,0.8771658052552705,1.0471088550363181,1.030783613344874,1.0301483412431869,1.1374077457353844,1.096510684927568,1.1063607154183552,1.296142793198692,1.2409882973827062,1.4052780235896707,1.4058322053681247,1.512384807386996,1.7298097905214163,1.829495802012815,1.9445028410117415,2.0943540421287867,2.2856705956295365,2.5674056631886017,2.8543763907577087,3.308785899909694,4.13715219497931,9.684322608594451,9.259508610818965,8.957049984681841,8.622012825954208
7.325,7.431656730311864,-0.006765190831533641,7.449517643252568,8.517416888364307,8.081159451669327,7.7099856122744175,7.286091363762895,6.832222040541211,6.309614261069397,5.8776672596968496,5.3748146386022855,4.934759663887666,4.425111554530534,4.109896185341583,3.774384616075363,3.388842692794643,3.231740614630838,2.9009873085289666,2.8117308243619306,2.519519514382024,2.4849693799413846,2.4117307910068675,2.2933037275487616,2.1328403740833313,2.1393595071598352,2.0284321019983786,1.9796102700748814,1.9526929936223918,1.8118298752521653,1.8181601576405246,1.670599278343414,1.6571117593033402,1.6312466465976778,1.6745959194416302,1.5448659649397758,1.5171718592348764,1.5334018777689933,1.5375935965037975,1.480764511867806,1.3956363478624498,1.404754315105977,1.4819693915504923,1.449685431787073,1.4217944243876508,1.4481176085870782,1.4340182464562683,1.4637733841267961,1.3660302163087836,1.4592505581035724,1.3474365433337594,1.3972227060036082,1.3997931004314246,1.4408447155321427,1.3554032347618061,1.446982596709786,1.5413043551956689,1.4766524189385772,1.4773912203797344,1.4916218198983011,1.4573569140376537,1.5649625097708073,1.5739840763289181,1.5356000959929648,1.6517653615887162,1.6561320229277894,1.6605869629567878,1.7259078490861857,1.7585321760545478,1.8226261460215545,1.8328585248135212,1.9609282542374897,1.9855432820391445,2.068973175579168,2.153405198075923,2.3456194290790684,2.360374898352675,2.4425909708987494,2.5275703200600095,2.8411417485012618,2.894285270154611,3.079409893594809,3.32266299439959,3.724619568377221,3.946041987900538,4.37973375871469,5.055895483702262,5.595196879889713,6.6135882703570115,7.996590188087055,10.889663850439465,10.781086658574914,10.692826339618243,10.419260521561462,10.069892387327624,9.632242891444784,8.730344582375066,6.902321597288949,4.846734271597779,4.003562057654235,3.3899515553517703,2.9654707165766196,2.546582380851975,2.318922387708256,2.094664462525317,1.8784167409489876,1.7446215891165548,1.6492107617080107,1.450824024746994,1.479209338120614,1.4380363469167448,1.3489325579867575,1.2750282474827412,1.175019507850767,1.0838985574215474,1.0900508620862455,1.0405332936654514,1.0542021579623302,0.9841183238495006,1.007715310423208,0.9116725472916617,0.9330533864273899,0.8697759525445266,0.8481032691467737,0.8434958237940016,0.8469776259542315,0.8252772417714719,0.8444767135884104,0.8305387170388319,0.8293567216646522,0.8383590516527589,0.733827054053955,0.7455759352116124,0.7510254029187625,0.7388221287735147,0.7539175904362923,0.7497218664749222,0.8431141451800405,0.7624431404315444,0.7557809661251857,0.7306299805788259,0.7434932598554986,0.7482914461881142,0.7503246386248325,0.7416325517855638,0.7562291913693993,0.7368043881398963,0.7609007307316893,0.8115300158229363,0.831148496812869,0.7547670260765948,0.7606228242563015,0.8226573111099735,0.9211928680900376,0.9101643478490326,0.9019002593488634,0.857542263187494,0.9465047875925743,0.9507069081652688,0.9324024606544158,0.9377107515842923,1.0952773012814183,1.0607078702865687,1.0512895951909453,1.1656614620599508,1.2080938739673284,1.2161744365714964,1.281286230784563,1.282798334290385,1.4471130656614994,1.6047425268826152,1.7150925373300279,1.6714600286871533,1.8224106336400214,2.023282181389792,2.2733483536915116,2.5483268723686217,2.8245172223713264,3.317442991955459,3.9871551498620486,9.978942388256964,9.664360957591127,9.24910912033204,8.911307290631138
7.35,7.433996326911606,-0.0039728156557823765,7.457226250402556,8.796804390594394,8.358222916062518,7.899095974255628,7.5167456546672335,7.081202475379367,6.490549040248131,5.9674059293873105,5.552647904312909,4.905173153469905,4.526328994794212,4.132857624613143,3.7918841591280805,3.473462304385203,3.3450063195851465,2.979988995664108,2.786270809853196,2.6951859473213546,2.528312526912047,2.430864576037345,2.320606518221101,2.1679308039485283,2.1176356177594826,2.07298431021164,1.9278819575153547,1.9352909534314529,1.7935055822062065,1.7560491046020834,1.7194384772861484,1.768671446975617,1.6535903247820491,1.6667826511721557,1.5910510804985545,1.5615411730626356,1.5217305285536047,1.524881291003449,1.5363416000834773,1.4975530829359935,1.4686726218011523,1.4744359164863428,1.4723158226132247,1.4210646314970847,1.407646671004532,1.3600102425231644,1.3651631561644357,1.382795157296687,1.43126477397677,1.3580397485039708,1.4277209192737255,1.4235213979005619,1.4511019763222281,1.3922280132436844,1.4471680296219551,1.4603922205991569,1.4049719408904764,1.4635747342051806,1.4842853490241015,1.4536618069371676,1.5631391423613545,1.5838622395456619,1.5335035514296753,1.558068473469086,1.5918923388272335,1.7056585406200013,1.7321623635992887,1.7564058625676855,1.795598972522776,1.8757533240022402,1.8821630284390665,2.0503768145556776,2.002454635167248,2.1161577513926892,2.298899724671158,2.399673382483522,2.37369642102389,2.523931232353075,2.73491676358477,2.9065905769447458,3.081099903835859,3.364216266070092,3.653248704828173,3.9598327438306264,4.425782869787665,4.884099930848909,5.442019675271176,6.226081262533459,7.680998984398518,10.664335651750623,10.67717779073627,10.532288190600031,10.290876547861998,9.981067486963665,9.560827953758032,9.00020817945153,6.906623508911962,5.213436932347357,4.2059614975759825,3.558434835206873,3.065862228491676,2.6355953231001297,2.3368480423048585,2.183058973561371,1.9113431916289738,1.7148544906110479,1.6855425958465993,1.4365598826713197,1.476739308113216,1.3147163878840373,1.3061374902740983,1.294596968120648,1.2076379476132952,1.139829043576842,1.1424437089956345,1.0671895568198528,1.0996840106275814,0.9151420042091212,0.9592569480563158,0.9654100296876789,0.9462188842171524,0.8313617263745103,0.8437662215288534,0.8467804063151468,0.8587813339782412,0.8640916636970549,0.8292893050636837,0.7657997825266445,0.7766321644579278,0.7656801467055974,0.7707541246706072,0.7500889985260826,0.7400339598017225,0.7760397559373687,0.770944038021841,0.7745293526692816,0.7671733012731321,0.7620952864270655,0.7591442882214927,0.7702415704119251,0.769641872168976,0.7730771956936724,0.7842416200286929,0.7761947561189221,0.7696671688448162,0.7634582158858298,0.7501081857106536,0.7591622452553938,0.827400979308132,0.7596873943268501,0.7685990521409118,0.7641647768912866,0.8464517286646591,0.8485712356012391,0.9205817101191779,0.8877869574599234,0.8749904206271976,0.9408014682205916,1.0414943831574006,1.019247813620188,1.0133000945198314,1.044055018571698,1.0228263597663199,1.105396592251939,1.1864919316980356,1.214400858724125,1.3671761353853042,1.3654851211437486,1.411637279705605,1.3965290561895416,1.6432283961678384,1.7523328806220873,1.8610035171158545,1.9859688176514703,2.223197275128368,2.535216343271294,2.7761208668412176,3.1886721563418834,3.679182404276058,5.015048749016972,9.873762987629219,9.490487022486919,9.045247073471314
7.375,7.437101935157701,-0.0011224495690443498,7.464934857552543,8.983762493900878,8.615574660916106,8.16717727446774,7.7385880530452935,7.258841628651274,6.66474916195947,6.237238762497859,5.652121295967641,5.07067600742178,4.6279254266389955,4.145569208471575,3.8287957091767186,3.576405998017264,3.241246138658347,3.0667673723974795,2.8192797009761885,2.6511655785995822,2.566164943258449,2.4269625793216827,2.265137594995084,2.3106713996367625,2.0905262804541067,2.0315510502310348,1.9265682670815516,1.8995971518627053,1.883880416602265,1.7378415408343957,1.7744898579418367,1.7727304351814952,1.7108528260880305,1.6272643347772482,1.6160903005497707,1.5543836036991843,1.4873536328985029,1.5100832253736673,1.4898748122229877,1.5052544357084605,1.4615955116443524,1.4790638087632106,1.4001409262345554,1.4089533705416608,1.4212772105185207,1.4293491250102648,1.41795369252358,1.3717333342789169,1.465047319481066,1.3674974552933765,1.3898418190614696,1.3801760997150738,1.3758041174066191,1.387224149015809,1.4666588803160587,1.4689578963650172,1.4299695267229664,1.51130771968317,1.4916267135827197,1.5026057913577373,1.5241094093192022,1.4635991409300406,1.5507848181375996,1.6111414645965014,1.6513598814164545,1.690560969878713,1.7243999563352124,1.8242388023313691,1.7421389601508546,1.8457219363429245,1.870115244515609,1.997632726405519,2.026913935184853,2.1479101098267015,2.220091349027104,2.3816474755771004,2.4206335779919197,2.47990151800781,2.7969165326543646,2.932955005661104,2.989040108868651,3.3607967404321895,3.628304714642443,3.862969891122338,4.238022453798217,4.691446162230237,5.418329460096064,6.215415761838507,7.47769555543012,10.594390258598688,10.469609761298432,10.409280214954666,10.166409545360498,9.910301619924804,9.529592862435626,8.847812568289442,7.355476457757097,5.4054631427094995,4.290377425664797,3.50153314792217,3.0340785587828334,2.6390028054074413,2.393891562056433,2.1040899831933686,1.995642267970499,1.6915461390698163,1.6674253805334183,1.5338532670613898,1.4220142933643083,1.3169578638424602,1.320178550665479,1.2722078283926153,1.1747364361765793,1.1778335481610838,1.1577015986809793,1.0071901029715373,1.026376587607619,0.9905842373082455,1.0044884839335764,0.9487962045738262,0.9610921145934941,0.8683022668010713,0.8633546956827135,0.8567435818819081,0.7989313621518053,0.7957008372591077,0.812597300508582,0.8177592818989918,0.7773268112234231,0.7705501511705076,0.7936609826101674,0.7704912010848679,0.7650114471359167,0.7788704199410329,0.771439783560354,0.7860559595083438,0.7825132433378501,0.7737599677796629,0.7080729994212198,0.6878501946383537,0.7021374255248589,0.7032296271092534,0.7661842775252649,0.77739572221768,0.775866807565265,0.7760002784074371,0.7731495417684413,0.7712743910221607,0.7634552572003411,0.8439044830889223,0.8588486905688542,0.8660011479674711,0.8188469365227227,0.8142488679101704,0.8718027520537721,0.8792479933943397,0.8901150688315905,0.893581666182564,1.0144765802153244,0.9995917318369804,0.9613261853637846,1.0100330446918506,1.1134308479913186,1.1207096587854943,1.2061642375794344,1.2192606019833727,1.1961157035589858,1.388247423489885,1.3726999218575717,1.4801596806399315,1.5688641256357756,1.7653606650019602,1.954287466849593,2.03582150996617,2.1866198902089313,2.4339420651629426,2.8796475777572095,3.097065001181628,3.703575397117653,4.47909078407959,10.164400698225013,9.756814087280588,9.299689250688672
7.4,7.440718015625308,0.0006989479477381754,7.477176279517151,9.254741203423176,8.859088706520806,8.388877811097741,7.932797528375033,7.492205513434539,6.871201713433542,6.396205534745073,5.808516594476869,5.1194140081920745,4.802058713352201,4.316742834577931,3.8893151036843165,3.5589239396631793,3.270549137291299,3.058526601642986,2.9115733604552725,2.7097660859323063,2.580534081289699,2.4560432258755567,2.384820150016286,2.2313158107902105,2.1327851128405366,2.0208734343843475,1.9674558877325465,1.8674455143977107,1.8647863830939706,1.7283808426869567,1.7561841973123251,1.6770226434833426,1.7160086685625375,1.5727275869778043,1.5459177654021237,1.5546534500543805,1.5589081644382337,1.5228658766484842,1.4538499037897095,1.5011352578287787,1.4872253494968257,1.4812244647615205,1.412830010401281,1.436156235227415,1.4612090909733526,1.420741155948447,1.3694818022554436,1.3809717023030676,1.3676195422284323,1.3530738013452528,1.417002925979375,1.417984937710792,1.4243452662534555,1.410017441838068,1.4534513799346198,1.4535294303941508,1.459415304478219,1.4541250891370097,1.4100757623513909,1.4835236888354792,1.4827795420561516,1.4615137384203898,1.5588578755826692,1.626984942361046,1.577108590034808,1.6599645859313996,1.6901264426457736,1.744214712558341,1.716302521287741,1.8692952692590716,1.8956284386519733,2.0426118347892612,2.0510231563008556,2.049752429579758,2.193355923331314,2.3636248122692995,2.48265059090607,2.536901731807901,2.819531857089687,2.8348264283569966,3.0294423843867984,3.253631741802471,3.468806703975642,3.7313082784885765,4.172010902450744,4.580184891040317,5.269371020856751,6.019591494119093,7.1268537346312915,10.358615606403996,10.321747908429275,10.144686403135028,9.977400352810994,9.709896433970114,9.370982181251073,8.758467876201596,7.637595074211493,5.710600509765954,4.601997561823611,3.8376022826714977,3.199970299772874,2.725632680282401,2.454767361414168,2.206726015713831,2.0015022949521457,1.8178988066945043,1.662101527411296,1.5685847033152764,1.3981591181017006,1.4248999283415524,1.3376333979043034,1.2609150054900715,1.127429397330677,1.1755894144050614,1.103691464623749,1.0641193377307288,1.0697806053190095,0.9822806953511798,1.041268722317077,0.8803842762837604,0.8917873089671322,0.9029789312062468,0.9351753604692308,0.9034833559212828,0.8055893106601065,0.8041644711811,0.8148524523380137,0.7970730228880009,0.732965296882201,0.8044650510202778,0.7985318471276772,0.806576012552091,0.7963921077446161,0.8090860010891278,0.7247720348108486,0.7283844154178538,0.7263124690411575,0.7118119644586349,0.7125523682544803,0.8038100477953176,0.796512050914972,0.7349541765658301,0.7487724530936378,0.7375102616740262,0.8131619645819363,0.8184107524668505,0.706409110465642,0.7121937688463429,0.7310329638298562,0.8215611358616195,0.7987320065086903,0.8099260247844005,0.8080328676534032,0.8415277338608865,0.8461863611436492,0.9130036512681472,0.9923242701258841,0.9758787070364365,0.907983356096916,0.9907645960096422,0.9480896376736893,0.9623369879902155,1.1232468684673418,1.1025475421239785,1.0933675184070266,1.3054050951472604,1.2556105218489655,1.3298999242440839,1.3301697787505418,1.5292027761300102,1.5145825586020296,1.6936713590031678,1.8067907612327874,1.945535923793869,2.2452750093302978,2.355385697578403,2.670240842151401,3.1038643702553603,3.576768698445155,4.52161302308608,10.37082118075941,9.985948961344873,9.568023739953013
7.425,7.445011721807587,0.003696741787041671,7.483697190486151,9.523782125234712,9.034660355260604,8.648942032785806,8.156852322688735,7.685884733778488,7.085220824489539,6.602606688064134,5.932326886255784,5.430900649155742,4.78739843936995,4.29261287985787,3.906629133486379,3.6441591701918172,3.4112164785761663,3.146944499589521,2.8701754508959407,2.78336819776173,2.599319463661973,2.497330430926422,2.327768582423298,2.2437259633642346,2.1287428524894283,2.1157017196225927,1.9568769031052269,1.8924329503750954,1.791203306686457,1.8057116648566187,1.7721610512228079,1.658141213204275,1.7085189322622252,1.5850306053167609,1.5820355669307327,1.5545632023993115,1.4835664786624243,1.573886652291355,1.5177273987170923,1.5092023750430577,1.4564925543635552,1.4866537885453355,1.45889119994689,1.4363298330079741,1.4213568105137266,1.4322958529652332,1.4512454054837305,1.3768716176961178,1.3805077714299638,1.377691772392374,1.4200779972679958,1.4050554085703333,1.4154974683544057,1.4180577024257743,1.3384174784958531,1.4658252107102505,1.5071006347207718,1.411288941825168,1.4349307083651406,1.5255156565770445,1.5258301301603132,1.5647916526957444,1.5300407074227789,1.563415553554458,1.64707700382536,1.651012709665935,1.6511655225917188,1.7403777327937011,1.7097041252680616,1.8564136358295886,1.891471383543367,1.9703354697769386,2.0088968604515736,2.1203411135659938,2.2623839251901265,2.2728544011498744,2.4494287853860635,2.4514785287521215,2.7121673071952785,2.8174827909809177,3.009002934282867,3.094573531184659,3.432361121158098,3.6970732731650062,4.1895277283075565,4.571649889964497,5.022916088130413,5.9882879068728965,6.943312136855095,10.213158252491713,10.12473591651607,10.00927022422719,9.830650527619404,9.488000991732155,9.296613545184412,8.815433779567204,7.810100004533341,6.156634078599825,4.590510097142466,3.9216073830485723,3.181246309674717,2.724025711691873,2.5563891195496034,2.266650966685939,2.073916499620921,1.8226564877892522,1.767867398285463,1.6141053560004874,1.5185997339839343,1.385924206501311,1.3614289371688917,1.2976004625627873,1.1834431848340343,1.1128773604059345,1.1028602370530178,0.9837470770575483,1.0063830664657254,0.9801125942785617,0.9807926875296686,0.8777050978126927,0.9002387436888922,0.9238385986399358,0.9176070777719848,0.9296687032698695,0.8138909227082739,0.8007620366348289,0.8080565260600466,0.8105892782173774,0.8090074992752637,0.8111121716050174,0.8025239844646098,0.7065561460889512,0.8062830476879627,0.7974787458862764,0.722504145392077,0.722832581558039,0.7236184777128287,0.7350631849949828,0.7416088288860236,0.7330327144253065,0.7912783325551067,0.8180742930973438,0.7426146516587387,0.7165738712815234,0.7315065192547568,0.8029618934149326,0.8179385056970018,0.7948986375630314,0.7899963584225745,0.8331122971231886,0.8523486689499158,0.8004232708158588,0.8304076428998904,0.8372951661819097,0.8327696099126513,0.8481084934269161,0.9288255791791479,0.9723273796638546,0.8810484362062255,0.9550920473947379,1.0315767536760956,1.0502686827722163,1.0746900339119432,1.153734971867671,1.0838749415142803,1.1980846319671514,1.2924010845275822,1.2417857638795977,1.422576113968836,1.4975337281956962,1.518520467203862,1.6778411171505863,1.8547779369739088,1.9931396734173563,2.134302833366194,2.357600168022648,2.752399543662959,3.0274546003173453,3.4482747636005024,4.041195430747821,10.647811316963184,10.249252384317364,9.913740861999369
7.45,7.4496839106293065,0.004393642859966493,7.49021810145515,9.720357717061104,9.291338397321635,8.839896288010934,8.357363526325154,7.8876883504842645,7.229472165389301,6.60601027109975,5.984446608799606,5.293792476876327,4.78559160649959,4.4738744262159695,3.899296191556196,3.6586464065989035,3.3149146840123715,3.2067226285797594,2.887519322377756,2.7212318544319847,2.556686296511399,2.5231683937938456,2.2410026062091215,2.243365707112659,2.1351456592473657,2.0090921498180574,1.9307262125535958,1.8974853731291557,1.7966571486654324,1.8289547172877276,1.7734927872539725,1.7041066474691815,1.5768883693343383,1.6263803921807671,1.579874320975679,1.5580043697030987,1.5131910209251775,1.5337722749514453,1.514539521638792,1.5203095929321415,1.4011883175682667,1.3871938893993112,1.4848542726977227,1.4288412638431838,1.3484744725919875,1.4437071247111275,1.470138446054075,1.4677840719961994,1.37815763924763,1.3642567633924791,1.344593312785372,1.3929685624635486,1.3961086306041377,1.4547224640013101,1.3775295706048851,1.447238711515171,1.5211489415260828,1.4320770354321197,1.4906940679859781,1.4767006983034447,1.4695718129113169,1.5328800659765454,1.5485266600871286,1.5271130689158958,1.6531549069836142,1.6305753558509557,1.6472183223044619,1.7684092765516959,1.7889164478199964,1.8005224345593225,1.8823521011935689,1.9832690532723725,2.059260471177349,2.0396185949755945,2.175210844256431,2.327569609314591,2.434417453799546,2.4906730926633425,2.6792625137049138,2.864857096138308,2.8948836157836744,3.3186943633588335,3.3177931900260167,3.694016015408478,4.124357924395648,4.585720815121269,5.251269994229551,5.801163171311278,6.930654373553695,10.026171626026024,9.97741717308842,9.836036863908397,9.647861208162237,9.38490848092435,9.089241854117354,8.666246825151152,7.814426276998439,5.949849737922907,4.652808785425386,3.8487296422154014,3.306758526317275,2.829086506108225,2.5169425261395957,2.3013149141423046,2.0942103974971062,1.941175938792897,1.60704319119566,1.652791045098566,1.4565953336137227,1.4735385387572904,1.3466020269318653,1.2124436403040215,1.206570537315189,1.2143361200583729,1.146012767199153,1.1136979417202137,1.0417318473165644,1.009963482061798,0.998123833967435,0.896407648515947,0.91464628946818,0.8729736763438394,0.8565684602957905,0.8639939261714775,0.8366510685947354,0.8156266015133241,0.8344811496093714,0.8104342376759113,0.8333920511286333,0.8406252884454835,0.834184825830892,0.7467455044691718,0.7504383725039219,0.7560379365871939,0.7501506950551928,0.7534791778050861,0.8109965854643688,0.7537807588871966,0.7481508952282491,0.7556046440910176,0.7661118506662862,0.7486571436270385,0.7569284799923417,0.7452554666716024,0.762181729625652,0.7491253873203012,0.7492038606517539,0.8301987521964009,0.8147878164352113,0.7323946588988941,0.7433646598171049,0.8151005930958747,0.8328983455351412,0.9199547734620803,0.9107582732766235,0.8599883148313695,0.8254457540667194,0.9523030852627656,0.9106228804743908,0.9288460521777498,1.0037282358016213,1.0344188253341455,1.0526689706430377,1.0793311064302367,1.1946507440093637,1.2039670172346244,1.2448108687866046,1.2712002875377753,1.4160896432635421,1.4118552541824831,1.6291297966272509,1.6629489765400385,1.8319622258988928,1.9819287634134537,2.134750786127628,2.268507274666423,2.5399523356607734,3.020961475698038,3.5201711832430593,4.2176310887960735,5.615402651574897,10.519564485655286,10.15262791630271
7.475,7.454696468605231,0.0030358376662675173,7.4967390124241495,9.912528547724131,9.492915074604305,8.948897790632154,8.503879990284249,8.020120632746655,7.403791967479698,6.757139846949633,6.126647073525041,5.4920880972441966,4.9010339196450055,4.396491054097281,3.9097181105125407,3.6457898864534273,3.3719852557657273,3.061675229689053,2.9511619094619945,2.709414260415618,2.529139359247437,2.3825231584137265,2.319223843239342,2.266450739145647,2.1656175503301918,2.0804252355754427,1.902547902979255,1.9056199862011332,1.8178819189901922,1.8105888803370596,1.7126343767611072,1.7236966564262155,1.5988911417030656,1.5899758112868398,1.5989243045987775,1.5843164308692537,1.5260184174572518,1.427197549476371,1.5279603330111824,1.4922668085649429,1.3754127300208616,1.4738744353602162,1.4587852871282136,1.475085136049895,1.419723588595572,1.4171171740153246,1.3795377045249957,1.3841367752733862,1.3803844799628167,1.4087197609780335,1.3487618412412086,1.40221809816559,1.41619098587774,1.4542473833190424,1.3687042403622631,1.4664063630667428,1.43058895667903,1.4690179464735156,1.4752636211148027,1.4871903987600117,1.4688152764772289,1.5382578399000038,1.5759257964497373,1.6022753765052367,1.6433911940572454,1.6413610785689026,1.7262404984788127,1.7437609787797281,1.8363300109555198,1.7921089560925951,1.9004772692326215,1.986120948370427,1.996050919529251,2.0673638824617058,2.15753102714078,2.26267618707875,2.3585342731580994,2.5349522648755296,2.712991463162929,2.770926240166219,2.966023227580191,3.167039130172386,3.5630265121156848,3.6135734580598347,4.087528736144253,4.542123811626548,5.123097030118865,5.761862866541758,6.86850949938487,9.84072754160237,9.753141022267645,9.632163310002415,9.43739006111975,9.144033152902018,8.955174939595041,8.436120794515583,7.667192274403968,5.904236688989398,4.782305346472213,4.018125710373101,3.2939329346751807,2.79458637965467,2.4752576214454685,2.1720383002153714,2.020749961886373,1.8567374395517113,1.699804548731599,1.7092742127528455,1.5189873569743964,1.479446000539496,1.2955767489109327,1.2885766211141438,1.2290658396465695,1.0934768389199168,1.098915276093718,1.0767340301373693,1.0607684117704583,0.9769957715292777,0.948077897272676,0.9629117616930356,0.9476109615687611,0.92651576766257,0.8485181434929789,0.8516144130825876,0.7790454854866815,0.777792032057502,0.7529128507248627,0.7474954382494622,0.7677102273076768,0.8572075305435177,0.7577598321451268,0.7700874606027918,0.733144524092197,0.7662477253294061,0.7771810675884877,0.7591974365308382,0.7687824377392323,0.7683359375755313,0.76440955029438,0.7631154608646858,0.7821828023461527,0.7808669584705658,0.7615000391946534,0.7656707091505212,0.7648864178105572,0.7556513601215425,0.7617031076836838,0.7765219422659647,0.8300546579555631,0.7572253399866189,0.7614407092661173,0.764706954556015,0.8597765249959115,0.8550565730268079,0.9217843003562922,0.8704253573602069,0.8790210571061161,0.9419585755396052,1.0466685897314103,1.0201939706710574,0.935577596388488,1.029509188234655,1.0722305882874332,1.1051243758613334,1.1829258199213273,1.22329339651607,1.376926309126728,1.3860934602859565,1.3866434684904896,1.4078950667496009,1.5445616131656261,1.7934839060681842,1.8018204565010423,2.0476919624832064,2.226661030436237,2.302381882002403,2.617116228922867,3.088600867186729,3.5427708539021214,4.1156611212892305,5.413628277600703,10.677082399639598,10.34552908041649
7.5,7.459740887905893,-0.01014324902424741,7.490325449858672,10.019208370495651,9.624925143787962,9.097996233803967,8.668134280435256,8.0832337404651,7.524948602806834,6.842064387867762,6.01742939157786,5.199655096878319,4.8643496226227345,4.264161199333056,3.945120690816494,3.5345890920808753,3.229646340220724,3.1153721773430574,2.802817933865082,2.6687638637422015,2.5327941776192353,2.4002195452235204,2.2883810310413093,2.1717286025905467,2.0262972705260145,2.04243796173982,1.9325521285099638,1.7963555249939267,1.818003108368312,1.7167229637488703,1.7626923568453983,1.795441537549966,1.6257582979140872,1.544644698323573,1.5411736661933257,1.5512731006047298,1.6195851687559337,1.5002060280926097,1.4882463787927547,1.4870203977086396,1.4466461250564944,1.4610252886850323,1.3905649400192122,1.4259286666537687,1.4113954151287194,1.3957977395627363,1.3743112286532526,1.3782461457427555,1.4569012559918555,1.424533606378568,1.3925845287729586,1.4226159818521935,1.3966310664323607,1.4334897678844232,1.4164080181477812,1.4041805988311917,1.4204042088107371,1.4455427703883033,1.5417644510861839,1.4429036119835954,1.5465216642773638,1.6209697829788914,1.5785507288862022,1.6010340966416123,1.6129968214641808,1.6832527371263022,1.7482883072701811,1.7023517216512047,1.8366821807096816,1.8236812312122848,1.9103858152101851,1.9194576632027602,2.0534909992254646,2.1578965280139792,2.198788984333535,2.205485671373491,2.4041728035993626,2.517492390787251,2.633147514932301,2.7669603955227418,3.050254167537671,3.1571761651284262,3.4340708812343643,3.7843020541861927,4.221341506589194,4.49246088524939,5.340585797212183,6.043331036916664,7.031724430031982,9.631442007324925,9.583471183387223,9.381284102237172,9.243017531176102,8.9351408666461,8.69412536614793,8.230053740569955,7.442244383722294,5.745316613792406,4.586161378952713,3.8594844233605436,3.0854010428556955,2.6341274097941083,2.4815335875069247,2.159910274498049,2.0023981930271946,1.8698552227698961,1.7455369701791317,1.5498437322885728,1.520374271939404,1.3179266325877834,1.2984833275345404,1.3025549746030975,1.204904190946098,1.1407245932669303,1.138027009118172,1.0708505838908442,1.0357808928985321,0.9274568849928593,0.9593899313877079,0.9532616287051509,0.9636686866092135,0.849402072700843,0.840322789987131,0.8486373191753014,0.8448216938618058,0.8297504391038013,0.8495158923777286,0.7567284560510092,0.7526716278335701,0.7510742434335346,0.7437555456267114,0.7563729000901822,0.7683318112045012,0.7577405719872855,0.7723120684487952,0.769974229256523,0.7559848826785188,0.7749853237537293,0.7677661224359473,0.7655560217473054,0.7606847516410817,0.7466569530190842,0.7653014439266507,0.7606973528628144,0.77540339401231,0.7662838626364505,0.7627464329035829,0.753621101300999,0.8342887620685489,0.8592798633743681,0.8417662734027835,0.8419589125983578,0.8778321388111152,0.8817287911203741,0.8529474154620474,0.8416244466154935,0.8706351473293765,0.8797839685730295,0.953887882485891,1.0250487583886725,0.9379259423183357,1.02343483273279,1.1517075442093403,1.172599636137773,1.2530133861853003,1.1737677639597666,1.2325326647504846,1.3174541970717684,1.4225967008485272,1.4944726365714007,1.6330097740161627,1.7232656787594398,1.921998488546639,1.9841041909837762,2.196338654001874,2.4825928291469284,2.6275079941949655,3.0740808992627278,3.5401678390571885,4.321129879212176,5.988475007883758,10.8564013825252,10.441337903261976
7.525,7.463214096805374,-0.016683063881167897,7.489297432836532,10.128213824167585,9.736555290839409,9.23300256720494,8.770592306087572,8.055325070311723,7.3439658014922236,6.752631016392401,5.8416532152265,5.325695886006795,4.737945293321821,4.256031589880683,3.84646554182557,3.55646687611249,3.2546903258079163,3.04161178523224,2.735742918474862,2.6803694436669723,2.54506915520077,2.385581004211148,2.3337369761205893,2.1977810517427607,2.0966743945844897,1.9891783803064933,1.9354173574436886,1.831596586855024,1.836290341412511,1.7989449866458294,1.7304566329697812,1.63630517733744,1.691717410243454,1.6244615284778645,1.6315178834800745,1.5740705282117213,1.536687051797566,1.5094919682779042,1.4160785597033358,1.4274849616692606,1.439272659125853,1.44223551644831,1.3810933650234463,1.4097315743328673,1.4600291983811666,1.3957397006706664,1.3954758681937685,1.4141718814044404,1.3540902882433086,1.3718158476610554,1.4303890016857137,1.3870514343326363,1.3952194811130592,1.3827652381190578,1.471597936125547,1.470082111384161,1.4190119146535396,1.491023656341111,1.486606059473632,1.5543572655883215,1.5522866136675344,1.4359966166608098,1.552698687694071,1.6200927334704194,1.5702307931311723,1.6936303331420868,1.682852229006685,1.7238042357344767,1.7504035823904731,1.8787598380169435,1.873288194660449,2.013406220724318,2.0407451018347427,2.092421552399058,2.2104872910236204,2.2877017102611688,2.376929787798934,2.4397637309944025,2.575390804922853,2.8319280432836953,3.002989054300065,3.1587114076275227,3.4358963038859494,3.7094409179674526,4.169896010845652,4.716894252811582,5.233013236114959,6.271350574545027,9.397075642648604,9.426909906625767,9.260047727866976,9.180005170888144,9.031722424653312,8.754847276510636,8.49728945113142,7.843214196436009,7.1673117840447045,5.586245843431697,4.420527549258787,3.764768458318009,3.1624641143173986,2.839501224166229,2.40623954498982,2.215102054231479,2.0326113273826114,1.8503683347681263,1.664597015992651,1.5731871444762708,1.5401195079951315,1.4127052339629649,1.3574308742162868,1.2831029410955492,1.191437246622275,1.1720382825807971,1.1749496607902317,1.0864240495187087,1.0085110642126307,0.991998077896194,0.990068347764351,0.9754394518487056,0.9651445956769296,0.8487411214001659,0.8415132245753301,0.8560636435627239,0.8208688050605973,0.8072706724935821,0.8106177786748842,0.7738725215173196,0.7804072840812449,0.761067545155845,0.772004056018411,0.7801449120113438,0.7806407784893845,0.7726787034345722,0.7011227670070272,0.7871902714971952,0.7808197531717282,0.7716229837157427,0.7090068673467871,0.69631427792196,0.7017984707975881,0.6981231911459734,0.7913778829972092,0.7667708042548115,0.7748196495491354,0.7943740107853013,0.7047460490242878,0.7773920232763566,0.7706822878544212,0.8609472139212695,0.8469159259185208,0.8570334459850323,0.7964231071229041,0.7980518503495738,0.8886200953532261,0.9521262316652658,0.9523903261827343,0.9653965514683561,0.969708993368302,1.003747592346749,1.0011570110449117,1.0237596109824356,1.1480034581454164,1.1578269689770933,1.1471579739709747,1.243126220309639,1.3001361287951065,1.3232761214709663,1.3343553275477198,1.4898154217810653,1.64501750543076,1.7367668479289489,1.7555419337271374,2.051974786017656,2.204539289467009,2.5766227661516123,2.653965314714314,3.126586622700227,3.740352095956485,4.298136765203867,5.790252861886704,10.98391810502592,10.61213617599408
7.55,7.466153584572888,-0.021431986596942124,7.48826941581439,10.268729521801193,9.837105115590813,9.347946053382403,8.854195719541853,8.201778308487004,7.549263439376472,6.719925606470125,5.96738297807955,5.252797943539566,4.63159623326468,4.154142623213142,3.8128526752090695,3.539798860993225,3.1719720547649493,3.028724443687574,2.727750332093091,2.7416535540462585,2.4723176642425,2.3262176725222417,2.2979377160516643,2.1183129412152524,2.066469648148803,1.9681443320701502,2.0129231292767056,1.881315502142909,1.7997736608633343,1.7401546766700051,1.6823909519231535,1.6854788532807228,1.6322205675782402,1.5663184548353568,1.5848303045724963,1.561871919111008,1.475114270084061,1.4844562144794722,1.4160384678477727,1.439523787616772,1.437627488140321,1.4542126802393347,1.4589916083912349,1.4251364003183442,1.33185861741834,1.4326760262007003,1.3700914166977758,1.3796491557896635,1.3593455381417647,1.3668981912577305,1.4010329032187459,1.4095388146624,1.4240442339633752,1.4276402167390476,1.445460043178611,1.447768699350365,1.464294691459952,1.466958155220386,1.4285915525767436,1.4912764819245434,1.487132801608347,1.4701822347568683,1.5591323906752523,1.6323488687965635,1.5711952719120912,1.6626299404669707,1.672793415939864,1.7417140436521419,1.7162952624805528,1.875343845787931,1.896927511983714,1.9750758646594675,2.076071678354856,2.043481238675301,2.18943647312046,2.2989750907159725,2.4469287615128237,2.632937068924787,2.6922207036617927,2.8480273748899236,3.0156337351853826,3.330231918271942,3.532619050832966,3.8828615150398282,4.110869169807773,4.5970646701563185,5.232567321533497,6.234500987519164,9.246679947911561,9.301592684297788,9.17147145399603,9.01621088657059,8.819603176033919,8.641756151364973,8.314959868703612,7.897010620982873,7.040690212678744,5.643603605208116,4.2695633105538535,3.6035434301046636,3.1352135826023564,2.751510075650987,2.390479416970368,2.1961703680549642,2.0518015089688126,1.8053073951043432,1.6950534191566844,1.6213028994603067,1.3932213194595477,1.3577736468157595,1.4002352906947022,1.2668078046396558,1.2282899259143552,1.137811709468238,1.1529080993963199,1.0596348758782799,1.051257624220348,0.9875263804427497,1.0145435202438868,0.8896191101298455,0.8759070646705737,0.9274203096145976,0.9232599406908154,0.9281848976169437,0.797577571885611,0.7903346992587715,0.8069257306967237,0.7303746031115265,0.8002361732030067,0.7915601431360215,0.8204168013931371,0.7895543470970667,0.7961739688691665,0.7929575245311925,0.7143495236840459,0.7279812882005755,0.7215161879364552,0.7247048036452391,0.8049064761334974,0.8366001726671389,0.7990330779916117,0.7256942094291488,0.7088836235263304,0.7239886029117535,0.8129286128285514,0.7130179080527262,0.7162770412082478,0.7233178381253537,0.8029085963788878,0.8228765928407148,0.8073154810254151,0.7984487670220657,0.8328036638410977,0.8225171961836333,0.8532550858009672,0.9227612346784155,0.965487303205211,0.9609729849781798,0.9605842870396821,1.0252229495484595,1.0342487884511857,1.0340182371829323,1.1392495109257166,1.095449140625851,1.1230330244849338,1.286777977051239,1.249689607913489,1.4166978216933144,1.4120060285523797,1.530732093446183,1.6432516518987155,1.847664724998651,1.8233673211374408,1.8961391788511788,2.2562530746421943,2.366780190544339,2.849667489601566,3.1741085224642744,3.787981191912384,4.464317089612922,5.963748465264386,11.121381706282571,10.73233943734755
7.575,7.468619509397091,-0.024407099475421072,7.487241398792249,10.460895145446434,10.033425039196574,9.489514593197539,9.04971862844509,8.411218686192369,7.476730013142439,6.693805114808932,6.08962173797908,5.225938963046193,4.692747196137279,4.171408720768608,3.7761788673724284,3.595256590751242,3.292394756532112,2.9243441816773803,2.8524600527603345,2.621321468165886,2.522848498027656,2.3491913938536855,2.2710374432203784,2.100287440898116,2.142974292196509,1.9909980338134186,1.9280167836827884,1.8761616553866642,1.7551548136663442,1.7888728862432803,1.7186470696226006,1.673896105550895,1.5783593101909645,1.6441956954438282,1.6525159470267492,1.5280602452973249,1.496536397528256,1.5351926733925276,1.5066822849073584,1.468650975144423,1.3600670772869816,1.379094881938472,1.4521132571107171,1.425330510823855,1.3952749406750495,1.4229584539423916,1.4406363167571832,1.4012559117315524,1.3918472970876896,1.3689825883430136,1.4155832305193723,1.4054053829690034,1.3983722437523751,1.4203026902902345,1.3508178005637381,1.4360409323255652,1.4917755473723842,1.4174063205434986,1.4561852000995124,1.5373057283689824,1.5365462935689855,1.582746076251045,1.5259192374160384,1.55861245694927,1.6479968950964745,1.6562869782216534,1.7399935140983607,1.746749203481535,1.8061935689422548,1.79927690268211,1.873451473355284,1.9394687942997593,2.092697642400621,2.0866612518201917,2.166678221570365,2.3198399908988505,2.4380707994128357,2.574461488513832,2.653388869051176,2.8922036400015427,2.931558084282831,3.2706363009723995,3.516099444353098,3.794350651653412,4.151629914317832,4.77717972107931,5.405577630214512,6.19016654079646,9.081975983636832,9.041387051274564,8.973585336865224,8.859757341825999,8.641315691673805,8.401508532335448,8.073042878648314,7.697525906529676,6.8859113784332395,5.612518163074059,4.405953408499566,3.6186772298545726,3.130967684720409,2.865642232193852,2.5121159672158293,2.2017679710840112,2.0255929198639113,1.9020451252506236,1.6565738944576953,1.680027766000303,1.4806134587551456,1.4689678876038077,1.3568249038865683,1.2837101977584426,1.241320845955704,1.1069178086712257,1.1047513009982268,1.0957877606792317,1.0518068901167674,0.9767533898164895,0.967414579838095,0.8713206608477523,0.8588925378755562,0.9195085248319986,0.926901590328101,0.9163405959947841,0.7908485646684706,0.8077102551988625,0.7783578295050311,0.8110812045501867,0.811607984623932,0.8038919941048152,0.8104838855112246,0.8008357461708828,0.7746527400466433,0.7922225021540544,0.7027958541110005,0.7277034823112157,0.7197903310596399,0.7192818354098498,0.7203630522267196,0.8117130280464305,0.8007449626914188,0.716461645922653,0.7069777332713956,0.7205243219391392,0.8061803934353556,0.7998039035831712,0.7962661290247759,0.8064899517856496,0.7903093453352904,0.8316132347139741,0.7930094518057021,0.7902411288148875,0.8115082081549174,0.8236362321927715,0.8286266161501334,0.9238297188821953,0.9560533089843368,0.9411899295414944,0.873520604396308,0.96184186087008,1.041364856252449,1.0319922395965142,1.054589884569895,1.1765100790522747,1.1781758436203826,1.2481924087377387,1.2763753722963695,1.4264345095309512,1.4386897282721256,1.5872842404234906,1.6907264538424938,1.6623948914865985,1.853968556188504,1.9904739223324008,2.255680443122797,2.460807162139472,2.9653900579402617,3.207474307296591,3.943753503144182,4.563117955162871,5.98962488610773,11.314844724295074,10.910298624201666
7.6,7.470677148040911,-0.01268979639115857,7.481912437975308,10.684579761552289,10.2710265479482,9.732042365305574,9.26395084900802,8.391427973624245,7.7007247550864815,6.8906937797190775,5.929289884223303,5.1431901162704445,4.708720947737713,4.192057274780117,3.7836326665957096,3.4770523031714347,3.2598733351437104,3.0573983208078563,2.7551808056230285,2.6246011479532276,2.401749436086405,2.3785581192049223,2.2480057028438853,2.1443584875700834,2.0346052199426015,1.9878988232468267,1.9079404545866652,1.9335263504494193,1.806200304087126,1.7122228256823357,1.7136636575528514,1.715684425997057,1.5951707676086737,1.5681318528827433,1.586112839366507,1.558682482199763,1.5223755546480549,1.4466637752251752,1.428533751090054,1.486743147732133,1.3947638828945734,1.3946763696091358,1.4944624094508316,1.4529100985511614,1.3686100840729676,1.4480970437679754,1.4632236711767033,1.3687483575384054,1.3533265051452608,1.4045767043765853,1.3314380877222336,1.4051323039462627,1.3935707121378949,1.4540404713327066,1.3576163917078596,1.4386434583060936,1.5233335506516832,1.4323250954564648,1.4878759524084686,1.4897385343765062,1.4779591005140924,1.5477249326802702,1.5622602281870401,1.5415919996563698,1.6781574571588311,1.6441507964262707,1.722876349055193,1.6601495122710317,1.743551233518004,1.831342199513489,1.941283806191471,1.9612688758136971,1.9955214378249153,2.065001061318094,2.1367485648643396,2.33447123531198,2.3354484349296043,2.512228101059154,2.703892122057857,2.7810589893453685,3.004366789225679,3.1569753657011237,3.4881829213851923,3.8277247784988884,4.26220461090651,4.589961682125091,5.2162453384970435,5.979921790007621,8.86305145554954,8.886246091830948,8.720377567413452,8.652412318486357,8.490376504845532,8.266393560485168,7.9383924167969555,7.531460556866887,6.73180582503006,5.68558210405833,4.670441296604698,3.7690116156916935,3.2467272511233247,2.8638432967894714,2.4997955202277327,2.160756219673654,2.0329268592473513,1.946998585499344,1.7527872246249134,1.6235158170571002,1.5384387954777181,1.427761269009246,1.3755661685039804,1.3003662605494273,1.2570145988940136,1.0834861968383172,1.092045265715269,1.0298058550076794,1.058538632168405,0.9958250389462525,1.0089823731746979,1.00668185855017,1.0194997396572039,0.8528507726155679,0.8562214507013396,0.8620651542944286,0.8312103098475381,0.8223376180764121,0.8288479287587703,0.8232631620617707,0.8101569658637597,0.8311757048136696,0.7400978671869513,0.7499730730584346,0.7480986449806721,0.745791838216384,0.7277583866409936,0.8193449064103356,0.8188950779966123,0.7482767398739228,0.7368147710885881,0.7709113848473594,0.741414253494956,0.7528273733743795,0.7351807718534563,0.7503304892453093,0.7441653613148355,0.7508990762057665,0.8205329386039656,0.8301294381799272,0.8295734454081709,0.7400326589971076,0.8167116277442716,0.8399762240982775,0.9282548067317884,0.9127383708480832,0.916829699964777,0.8574874068631899,0.9472132372663977,0.9244401173052105,0.9243348861621599,0.910268218633491,1.0909335942375467,1.056373750405713,1.0589721180031728,1.160111237249289,1.2050819488886821,1.1481132545115231,1.324206679783627,1.3451057315726678,1.45476156277542,1.6015698451850158,1.5704879018382096,1.73615412009346,1.8195775174899704,2.0144727354044645,2.2693943001814008,2.448060076361989,2.74930611478316,3.170365776806472,3.8512346385861354,4.556994440511061,5.6728178898173,11.592745870062283,11.205199275823231
7.625,7.471637191905989,-0.01347689411801183,7.473643540263289,11.018556144202975,10.458805179090918,9.897306807008976,9.407037755435113,8.582627405218421,7.841923797415028,7.104862534158224,6.078178709490875,5.44082006536436,4.855542041404201,4.135611682491215,3.7860200557946175,3.544424963433638,3.202097762914563,3.021715565971936,2.8426334146371603,2.697929988334917,2.500611761349215,2.4190360492093146,2.2954862129709936,2.2100092452067965,2.047142505949629,2.0344799874712542,1.9053395615384363,1.8194523433627119,1.8266637692046044,1.7276566590763127,1.7317532176032433,1.7190882199078432,1.6120927981502855,1.56440169634506,1.5778958649959272,1.5768063035172004,1.5165141535417506,1.448864716010626,1.4550670253852087,1.5058991001732098,1.4062423128170551,1.471026192720453,1.434238205990393,1.4266378735958056,1.4149456287620585,1.425518981848936,1.3730749373454596,1.3824791967080556,1.383339777787885,1.4106657846827,1.3659947499795873,1.4176967359504609,1.4037132521786757,1.373606390662212,1.3762654376472083,1.4739133430754092,1.4317280188659467,1.3895550386571538,1.479423652651169,1.4846319867100042,1.4743265574755882,1.552831014356894,1.587285778485221,1.6123781987990813,1.571303677756854,1.5976008403841993,1.7500272703109006,1.7278769268373426,1.8491309750920988,1.8003332404512025,1.8600849613192547,1.8215494019636116,2.0654735447476815,2.060515830413247,2.1141535041537223,2.2197492887506662,2.3860125193327972,2.495282709038376,2.652898246127646,2.807564169822199,2.9732575319264094,3.156461621575134,3.480628290191053,3.780418680369772,4.06867513431728,4.526084639102082,5.12974420777136,5.943481648988515,8.688096309903111,8.69115839809789,8.56059007042363,8.43590219975569,8.289329325705758,8.024600709126554,7.829500391148644,7.389504972609892,6.911562483480551,5.902550197807918,4.691807821833746,3.841555088186595,3.301970378498213,2.887135215999169,2.478659351146094,2.3140939627303667,2.0017619249158485,1.9771414714134452,1.7834740273485545,1.5809876830668441,1.5526940799895468,1.4700950733747526,1.301821748595191,1.301001241293797,1.2164208500313076,1.2173861201627045,1.2109437428337915,1.0642860304453,1.0611109790635962,1.002768117670362,0.9355611630621679,0.9554246723302622,0.9659381782817168,0.840683656121908,0.8439785710948355,0.8442871899177891,0.8445239705598674,0.844445240713283,0.8407100358567089,0.8351898394034722,0.855144227460061,0.8372326995834874,0.7604917748249126,0.7712902628590066,0.7556919409674256,0.7606706215743646,0.7690913214861375,0.7549560769818042,0.7654184926770549,0.7853040734630949,0.7899715904883101,0.7661676754308434,0.7803903531874641,0.7636493187658879,0.7507589631555187,0.8322407421724123,0.7736201376691199,0.760772491740883,0.7581948598830358,0.8498448773198269,0.7575163880918517,0.7613212641484007,0.7667405319670441,0.8437240601545322,0.8444308151405521,0.9246444321482779,0.8418583975062642,0.8841909262426988,0.8651600005992243,0.9708284551680826,1.010026106218636,1.0129828729364452,1.0225544064231755,1.0356374397641586,1.0608449328661802,1.099359596759224,1.1868565462882519,1.2347706448600386,1.3785394325264495,1.37144407111595,1.4924982805253362,1.4830273969583032,1.6051746174172834,1.7356835244517979,1.959966078859686,2.047376916433926,2.1794326670537107,2.4408285085360646,2.796254380127015,3.0798145188690738,3.713103107680625,4.484164331177099,5.512481418087607,11.866062190264758,11.424066699797743
7.65,7.471649474871722,-0.013139922890398012,7.468130941788611,11.205575108245965,10.723918815825554,10.174982587881923,9.700990249453241,8.970022844885225,8.022382127912678,7.110639487475748,6.23396002446926,5.426352426919637,4.752913424912812,4.2323235465945865,3.8453316251307945,3.530270851396806,3.273358191777679,3.0198349217906193,2.8268004974173113,2.6639020446586614,2.5397453981874367,2.350193980169414,2.29002494121115,2.175743128395191,2.0265473671241607,1.92402360722992,1.9075126695167168,1.854856358686324,1.8295566611308751,1.8364511467234435,1.759692362929741,1.682393979370912,1.6106176839707236,1.6613996693147148,1.5454980703717829,1.5430578693949755,1.5359972357532008,1.4972045473334403,1.4854918894622178,1.4829043507549868,1.450261360847194,1.4529122652169937,1.3956851353604707,1.4193861223629498,1.4193455191183635,1.4262543867266435,1.3807482132628537,1.3746591637524717,1.371337552104014,1.4152309518902484,1.3301991412030891,1.4070825729941079,1.3976502674449134,1.3507050578046347,1.4282177525126585,1.4122480808125895,1.3917875165510416,1.4449337320427313,1.451709073402232,1.4940149261776965,1.4630795288324365,1.531617141525098,1.5364920205308086,1.5973445557753443,1.5627342651588811,1.6117244671507762,1.7452340152696126,1.7329117932451548,1.7607176921813388,1.7485318349726733,1.8783934481994609,1.9060773843261685,1.9918346572023353,2.1048980323335047,2.111059095482148,2.202440133691139,2.394030398841683,2.4939108639128285,2.590947516795275,2.7959318731626936,2.851137298490584,3.192063250916002,3.284544275995117,3.8102814755789494,4.052786674987391,4.535028359291144,4.9762262469187055,5.780454115193225,8.486433227356443,8.559363117151934,8.372229748066848,8.25292340925081,8.112561976582098,7.896986979892005,7.535611581830271,7.307322001039658,6.8033768032958815,5.968819879092807,4.684563463619341,4.0222269432171025,3.4057253784235098,2.9530546088378284,2.5914528627790983,2.404921483779919,2.1579709180507813,1.9952761071278844,1.8399919996030263,1.6968636999736917,1.5473923525271922,1.4791939183618625,1.389218399356792,1.2917032369488646,1.282141919887671,1.1753758133491952,1.150793837910428,1.0773765117179859,1.0776920883644119,1.0943608589287825,1.0765793607897096,0.9552658630518072,0.9533623482402164,0.9309016969488383,0.8478677353721735,0.8492009823412744,0.8454402954259229,0.8342165143527824,0.847105542368395,0.7681405417276883,0.7454289137988428,0.7665156783120664,0.8306647085117675,0.8284252049491828,0.8495178560798823,0.8356091490810559,0.7703122972811874,0.7587442586208688,0.777214725319109,0.7482931313286005,0.7919706077042021,0.7586313675803547,0.761011753658042,0.7531801351580396,0.7732081795840311,0.7704101101425296,0.7607996378002003,0.7667769521737446,0.7384404971140659,0.7685718528820128,0.8566774862999101,0.8511822626004911,0.8374904951085336,0.8531179472890343,0.8707599476018438,0.8837843615172799,0.9189090521414155,0.8493457262823481,0.8888517743927719,0.968866601395732,1.0563411784650687,1.0175869660049945,0.9374370202154688,1.0808494916682487,1.1593993793331483,1.156335862857614,1.2237720178200941,1.1639868005102973,1.2272713813840506,1.3180535835983784,1.5020460535502997,1.5112712975206786,1.6987693987894623,1.8025199734403377,1.7365518103232236,2.0697138044424013,2.2129269323062952,2.575424273691401,2.6140454915401548,3.1331005567535253,3.5812132124805043,4.3538763627517065,5.437954778195268,12.06230052658818,11.641528191893418
7.675,7.469423080009585,-0.012434678406804277,7.462618343313932,11.485461802816173,11.047992016123102,10.440891288051162,9.91230412086878,9.15418463151692,8.348073511442976,7.305081100256466,6.31924638962628,5.592902477031248,4.917597555316233,4.447993770582901,3.961321693641323,3.6312917955104305,3.273043776860835,3.009565329865491,2.888351241302864,2.6852146076732977,2.501169216578544,2.440023944154761,2.2826595745125755,2.062322733333384,2.0691023634450696,1.9848017740379227,1.9858328225784532,1.8638024107737194,1.8948337424164183,1.7560009586871124,1.7648013299648997,1.6685709285211643,1.6296495988470738,1.6759144995618422,1.5742116501494194,1.5860311710317152,1.5595708184766517,1.5438757118437973,1.5218188174407754,1.4128361366528988,1.415045066978252,1.4942253529094225,1.3642676131966507,1.374301142538533,1.450744318039618,1.4822791117496577,1.3665013096753544,1.3835282619060711,1.3751543533229469,1.335709687054233,1.4194257394229837,1.4311589890799894,1.3819775166790587,1.37824997347714,1.4713788536047354,1.4564880671404261,1.4534691213311293,1.4176871093812826,1.3992724848827613,1.4073443303851323,1.5320304717609485,1.5037318796114043,1.543709891071427,1.601341894052507,1.5769543262028258,1.5871874700799236,1.6145475689502196,1.637383838941832,1.7994125781850334,1.7712182965754906,1.8674563869913672,1.8761910979049268,1.935215464940489,2.0597264598956917,2.0673139320163916,2.196965513597198,2.302267213770584,2.4529262885333116,2.6407485283244894,2.700112552370652,2.8711863150789227,3.1186797863915863,3.250989662372864,3.6351320606718516,3.903966028885875,4.49666057910505,4.90619049968836,5.824271252771658,8.320872601083874,8.34300789956307,8.16065415728931,8.125717625668656,7.95005174304968,7.760517280004223,7.427712857811414,7.189752595653869,6.653485669420913,6.145542539006664,4.924519281288484,4.155910594917608,3.3785073534744643,3.04612583230038,2.698203113456249,2.2871358915972873,2.1050176233233757,1.8506171775011253,1.8027690049309595,1.7231330801440938,1.5353959833823865,1.4115878292716346,1.3935812485962693,1.2989942070895533,1.2398459740806578,1.2176977119275154,1.1330818275091017,1.0248631551031324,1.0576785669099147,1.0749115419895219,1.042308152580148,1.040012376206103,0.9458962220764023,0.9662322548127393,0.891593209874077,0.9095819540490864,0.905927985195233,0.8637611082040627,0.871704109062354,0.8019126302219541,0.7911394022902286,0.7791686024989455,0.8327272394239481,0.7736722792286727,0.7910806040871313,0.7980293902044735,0.7925953153902779,0.783181487527063,0.8125254403946942,0.805580901787227,0.8017911365696655,0.7940185347163098,0.7985075992877771,0.7795173310513153,0.7962602078880662,0.8142743307030388,0.7993646075754448,0.8005203637736338,0.806325946082734,0.8014890679122596,0.8007605173287191,0.8031576056373385,0.875682140717185,0.8745123065932334,0.8021088564715251,0.8851104915718832,0.8864798844087088,0.943025621949247,0.9576126062052315,0.9675213114399268,0.9947863045908276,0.989629709897913,0.9521352627713259,0.9679986453550244,1.1113891944797707,1.1239053471300644,1.1424650856736294,1.2817436290283257,1.2442788836627472,1.321662845074857,1.3101139640364807,1.495383210504077,1.7031274324600136,1.7165074924065615,1.839219317733712,1.9544598332631524,2.2871252519177467,2.3909989666602307,2.8570641561482244,2.9831195282451652,3.631647437227141,4.181794269923384,5.361896492056821,7.628477715607138,11.93974678590255
7.7,7.4658490551081265,-0.008218931138756455,7.439732541544309,11.665622366075713,11.296550188978467,10.65853303860726,10.153282570115095,9.394722792638753,8.593495083838606,7.5919570808159165,6.595614563087246,5.578468231513888,4.971852027781963,4.451189802260517,3.904079068906002,3.62250835787546,3.289050152593238,3.0371623551183276,2.8843961282617383,2.6714207755354447,2.4648059240815687,2.4379678066125137,2.254313621686123,2.227809051631107,2.1293959459261242,2.040072311135634,1.8890500742466825,1.882844294529004,1.8540715202080187,1.7422809394132162,1.7796060138928933,1.664893244119912,1.6278546969497105,1.6802143699012757,1.5510882545849858,1.459845820826863,1.4750943323664625,1.4923548831924285,1.5037496757440172,1.424354788198561,1.458705376361255,1.4642933270726604,1.3856122507609376,1.4215930975518527,1.3313645051983765,1.3312534626373576,1.3456093066554164,1.369124896742542,1.3766155728108436,1.3710815557897074,1.4108805758211298,1.429331159937101,1.351040053292895,1.4099381641451525,1.3313763970831194,1.3784474536659574,1.436346341766135,1.4385959040417473,1.4189648250489215,1.451119634108187,1.545340115671162,1.4888388624127018,1.5302598521452786,1.5335355071866936,1.557978374788981,1.6180306062210752,1.656920872928041,1.6755537779452723,1.7429951009904219,1.7223869774865388,1.7805314140142836,1.8692122443060173,1.8970101110486692,2.0878760973487323,2.025367585609249,2.141082850456359,2.318227340752794,2.4188727926517384,2.5360734960075546,2.6776200889015507,2.8934227645703916,2.9187963671463364,3.266499352959646,3.5214078524247037,3.8732378066400606,4.339906012033524,4.763655409589009,5.591317134086454,8.158032212273225,8.134539608789082,8.052618923495265,7.901701297379721,7.780578928397963,7.6437181494105575,7.283074363368817,7.053140792077477,6.686985596797721,5.994721290153114,4.941639949874691,4.243122779722291,3.5857683741238118,3.0399040229821948,2.748150660847315,2.405601339099493,2.227593108300925,2.068719684834474,1.9276152125287378,1.6547873086616527,1.6418121537426529,1.505331699649033,1.3679778870836485,1.411483465687125,1.282551690910983,1.252757937148167,1.239729152278717,1.1738493968094719,1.1147481531118855,1.0926114466412455,1.0316445372615437,1.0201737503904726,0.9570917883081731,0.9663965450589722,0.9023119163011225,0.9163607050594137,0.9034459918732249,0.8793041970957686,0.895371704429984,0.8725270068134277,0.8451795342109867,0.8366471914349948,0.8343553176759776,0.8115496367731724,0.80377535169028,0.7970866873325866,0.7887664814296315,0.7307660552461388,0.7302276571785614,0.708135272605649,0.7934410889252104,0.8040298365467997,0.8113355830477078,0.785403370636289,0.7138576208343335,0.7199439485717718,0.8044280445841155,0.792049765806473,0.8096895521398798,0.8151093459862222,0.8417236590829962,0.8223424967094982,0.8122365137304277,0.8920259453655186,0.8362279029259607,0.8400751350377103,0.8317833031870397,0.9251508126731045,0.9585419812231873,0.9669630653639455,0.9378101472696889,1.0408665430536839,1.1133232711352796,1.025965989352638,1.0576884032160512,1.0939418171843098,1.105456354583149,1.304086955579024,1.2457973925645118,1.4002377551149938,1.3938658728512971,1.5338318574326761,1.545210194631213,1.6925827863804865,1.8108916808833058,2.0544635788769505,2.0930199773011324,2.430623244242904,2.7473185538060036,3.021780408961764,3.4957175732315258,4.117197754141578,5.195046245469738,6.949224818469513,12.17378304776827
7.725,7.455079452585594,-0.005366575290566772,7.4370129915545675,11.99841777556102,11.587804094072416,10.966199724810203,10.369535057062944,9.74831492913565,8.80474833390612,7.660516235233337,6.785400199982804,5.675705091647072,4.9364300058916655,4.385908125967296,4.0593185838484125,3.5974559481815556,3.209569150414643,3.0641253701082882,2.9233872303018087,2.7264529390345813,2.601853448701089,2.36722181591088,2.37191859644127,2.2068918679987757,2.106403883202636,1.9759968321324048,2.0029517599572113,1.8871787698888616,1.8625057226243735,1.8122845437114659,1.7813639076985313,1.7064831683617867,1.6856212969114037,1.597018603250136,1.5801831351821272,1.5740249044655745,1.48745467255058,1.5640503531172836,1.5129869647318785,1.4414851151124988,1.481068753432897,1.3917026573767068,1.405959734680775,1.4589919253610037,1.372808875156358,1.3713897155087587,1.37190706086448,1.4042102483509724,1.3757137531668988,1.3772817475683174,1.4050836624128666,1.3478868284104066,1.3238317626282736,1.404471768336924,1.356054881802189,1.3471770420642644,1.4476129133086642,1.461407114418792,1.3818636951942835,1.4869100598098899,1.4784324188544633,1.4683262288106609,1.5368581479831525,1.5140220050553514,1.555080691276141,1.6196575026811009,1.6712427720442848,1.7031683179055126,1.6836631366403987,1.7296025314684695,1.815880421119088,1.8586584280795522,1.9187847987560416,1.9741691162526136,2.0683280823856784,2.1152200538789883,2.3387585323199116,2.342031223621138,2.5036327377356553,2.6949261797643946,2.7452238268200064,2.94591350856807,3.2699295672035458,3.563458652362503,3.7975426546826423,4.330040092744059,4.7830115870128855,5.393311540277998,7.940392129790058,7.967562146016277,7.898395801643641,7.794091114405687,7.6444010756535095,7.444979907663321,7.26422836658807,7.014062884185611,6.647808136102214,6.221760067623182,5.394327399631011,4.412563881999571,3.7574184823555075,3.1424264317746013,2.852768506075788,2.509513336109676,2.371626029058819,1.9366795129934304,1.8968389215144035,1.7825064199336784,1.640741817072177,1.4829013004559184,1.4506029005390537,1.3573131859013063,1.390561089053238,1.346850333689608,1.228505400588406,1.1487669917448262,1.097970554170245,1.0741065787334798,1.04337383047604,1.0216282842352837,1.0126416093390112,0.9877590500839348,0.9314924202757322,0.9256311634008337,0.9476367537005661,0.8213532321432775,0.8298095020547829,0.8460916191578977,0.8433224001552557,0.8223691270175876,0.8257104791565208,0.7439906412269486,0.740640379474084,0.8107786198280935,0.8170199636229151,0.8263943000387807,0.8291108156266265,0.8369340067057081,0.7408102504882611,0.7546144114369013,0.8272237927384439,0.8360731651796309,0.7558935374046724,0.7292148254029482,0.7447677072927282,0.8238214831323625,0.8228292447127702,0.832663060242897,0.8247051153115754,0.8312252492630114,0.8183490356340006,0.8324849292589375,0.9242638613300503,0.9154319077558799,0.8933188592967415,0.9004160364169145,0.9448366904404389,0.9133651661334682,0.9249124774016048,0.9139065464204159,1.0373471498127818,1.0683091290927589,1.1073617139587917,1.174508952884933,1.1995772118962147,1.208832450773361,1.2855300221032109,1.3053464387141873,1.4269342992651992,1.4331930453369648,1.5680290580006673,1.679597197874869,1.8789652154856085,2.0317745907761786,2.212022406572769,2.315401891734974,2.7579729860363713,2.907271420754227,3.3540523651867717,4.081883042823304,5.010640427313871,6.261234272142945,12.390106098187912
7.75,7.447562998061688,-0.0021378351087494056,7.434293441564827,12.3319704456488,11.756248171306341,11.220725948727443,10.646519144078416,10.006415422722048,9.053924061120354,8.118707962523272,6.979057994726034,5.866351133185475,5.1373642775839,4.5064436049589265,4.125911369311817,3.6417972440655535,3.3911383754118845,3.1844238850492523,2.8879540882383736,2.748108841772667,2.5724751075977386,2.385823428381497,2.403359972741479,2.172123339118852,2.099626705143019,2.002899441626145,1.9638414082756088,1.9247169433713178,1.8702291533164772,1.7955824670413212,1.7029972138407556,1.712533275078797,1.7309625977032148,1.609024709228249,1.6078791524354583,1.6052040002771224,1.4920387231882737,1.4842448553473457,1.45975286246901,1.4704068220581716,1.47040070221026,1.3896341158338705,1.3929540489920147,1.4324488995990154,1.412731317513018,1.336626028925997,1.4021410742229223,1.3150600741607752,1.3905804460327171,1.3913836856914306,1.3437366954956114,1.3541848044716316,1.3636105816534607,1.384864839423025,1.381600605492669,1.3641352069175443,1.367494116626175,1.3378478000763598,1.4159713949882196,1.4657509034411034,1.4737574816725467,1.486868111819486,1.5025087296155066,1.5634214231238328,1.5285473195641586,1.605039342392379,1.5993449742857737,1.646302780038893,1.6353684543953204,1.7754807173618434,1.8020742794110043,1.8825152594693848,1.8609468834057339,1.9829924418047646,1.9863808036736628,2.1361389846580914,2.247031458214366,2.3635583073690563,2.539101146651761,2.642120317920649,2.767797600487066,2.934342087205363,3.1640682491561716,3.559982188985101,3.6102297663363156,4.14554339967132,4.611330775176331,5.505547810267827,7.716151544042697,7.7159009626943815,7.719201181872229,7.526246575637544,7.475119364391144,7.2719734560945115,7.069707662103936,6.9219361651089475,6.517901387574314,6.0804195128186,5.504987680013353,4.51852462315337,3.764465088778645,3.250248774632669,2.822302131679186,2.6065941738581975,2.341937622267365,2.1789705700904567,2.0182665003900726,1.7258064819097296,1.7340209537593398,1.5961596269923048,1.4702794937226003,1.3993146833902426,1.3886857115824862,1.2109792014703518,1.2091735269407233,1.2191470677826457,1.0699277920573909,1.0682471158137758,0.9815533499651616,1.0364029212876824,1.0151146944365825,1.0125559401073492,0.9842827552051708,0.9142411776366836,0.9298065218856288,0.8744064855444369,0.8727217147434996,0.8832356928964523,0.8550567903810028,0.8592045384798588,0.8565681532789384,0.7668255993317373,0.7583308777142769,0.7646974857746444,0.7443422155488671,0.7690701670539589,0.855471655321476,0.8433753914945784,0.7666760625775878,0.7608004185449543,0.7694084878297451,0.7724706645507549,0.8206301674526418,0.8438547215044239,0.8515782441796925,0.7563813309982915,0.7714816530368359,0.8465010154337458,0.8404951561060601,0.8415526760986503,0.7668457555454926,0.8250362859270884,0.8393019503253233,0.9447162847122247,0.9218152891050744,0.8801290847720311,0.8780016875814138,0.9725763545473821,1.0169530635864137,1.020401431660243,1.0531382016692319,1.1090084083913374,1.1087520736956022,1.108566569389028,1.220755798726945,1.229237173678407,1.396343447062933,1.375080665327313,1.3735378973641956,1.3805960388280563,1.556828858435421,1.7904383490082125,1.8415130960667088,1.8142150769680614,2.154714383177241,2.401674842987688,2.6643424239646145,2.936118797046996,3.397071266823899,4.022983449123182,4.976887281670552,6.138082615254686,12.816499067184509
7.775,7.441803681491692,0.0012837085467385378,7.431573891575085,12.589524100472195,12.008877959613777,11.46879100355871,10.879922032456905,10.224056663163278,9.3577975704824,8.155406673574026,6.986205126692202,5.939525617343211,5.1598644324215215,4.43257032955728,3.9723189376991455,3.7856929073083134,3.3721290950381886,3.1177933319419866,2.9806101828849467,2.692367858797859,2.5527929634913757,2.4098387800298986,2.2910012215139344,2.136921265386892,2.1179778205438797,2.0446664819698372,2.0413225795283285,1.9004757246267407,1.8121941573539246,1.8303226693972994,1.7246731391489256,1.7119361625343859,1.6995861853127445,1.646325280833899,1.569174628555249,1.5688781361770274,1.5116106757527397,1.4764680279957256,1.498794844310403,1.5042223716089935,1.467543186041776,1.3842011669037175,1.3882516531864346,1.3448680725045268,1.3467857369612872,1.3630651647697825,1.3716473069082622,1.306297624680994,1.37576756063402,1.3740549899840053,1.4067910058648747,1.3385955752882284,1.3300792314422776,1.3307955041584125,1.3226586132959817,1.3330238423256568,1.4185466606123904,1.3614015086226163,1.3889503783386787,1.4720905165803955,1.446731695045233,1.4775681407171126,1.5008908004999417,1.4866975473500796,1.566372638703958,1.572123329558315,1.607640665883065,1.6751724014897367,1.6494118801656097,1.7572648567453866,1.7287524439549948,1.9035272890342392,1.869379616229015,1.9889691799510711,2.0003026556659016,2.1032855576742038,2.204655168197286,2.3337056744172022,2.420197629997488,2.600450504720171,2.7721729996247393,2.9216749765078913,3.22674150960396,3.371730745524037,3.6523036616272813,4.041257756460965,4.559945133450363,5.295204705772386,7.57012822427541,7.5771511888177745,7.489133107680507,7.46361319384336,7.283649207761979,7.166280131136485,6.869683725790027,6.686359844051428,6.439766235421342,5.937129280187666,5.437753869698986,4.692548668865156,4.033829496668959,3.404725635498002,2.9618422816013394,2.593595012895886,2.3558975421822366,2.181323370750183,1.9983075812101692,1.8818453723982782,1.7268625592137956,1.5782495888537922,1.5850659734896404,1.4855100281641243,1.4418908620919981,1.2181097250947457,1.2253183701215937,1.167929939584732,1.0693413912549483,1.0778890200393496,1.0911550412414697,1.0464812920999276,1.0982027266779346,1.0241054357180226,1.0219600856912925,0.9310291409279277,0.9286302677668351,0.8658382918299232,0.8977378284319057,0.8646405567025582,0.8381227065407906,0.8528350436205376,0.8354940475831945,0.8374874874216575,0.8399132063997659,0.8450382905289905,0.8529262266905395,0.790587260547337,0.762696023187262,0.8523975108335856,0.7693308390901308,0.7657860677144056,0.784269242852192,0.7563076224659852,0.7748966907994232,0.8315152157315602,0.8452085027247122,0.7646412863251961,0.7640863076663108,0.8537997582945807,0.8484148544471958,0.842386824940217,0.9178268485910088,0.8887572996987686,0.8731759302100361,0.8820504138962744,0.8734921646945518,0.8796506175974033,0.8752216487850671,0.9532912136558698,1.037268200587841,1.0175555472881845,1.0330077207864747,1.0383880393152174,1.1857012064672996,1.1200809076673803,1.2295320755296464,1.1567269323644234,1.2331675741404882,1.4114964023723267,1.3741319992220227,1.4914351151811591,1.6089608275676692,1.6331007251837117,1.760323692107157,1.9440846397522706,2.00725336703202,2.3792079352710833,2.670271501221213,2.9773226876985457,3.2673195037728537,3.911454686160983,4.628622990425663,5.835168876526507,12.980720316552514
7.8,7.4385017834581895,0.018086878095150073,6.998773003036275,12.848098044653305,12.385212626268498,11.773825609844604,11.18241563238667,10.404090134913584,9.411196001097245,8.504804740517509,7.205420248270002,6.1443320921453655,5.302909770808776,4.558230093313677,4.124395242155756,3.7289871893442545,3.2817840595287433,3.1470929757166717,2.870420168830841,2.717091795874282,2.553839701432537,2.4041947004048763,2.2813081839674827,2.162364670831291,2.155273928796378,1.9949165481236426,1.9369756639499156,1.9253658054136982,1.8005270411025813,1.8035087359532151,1.7618060952418872,1.6983665770029,1.6069703584572268,1.647601461054188,1.564273226825014,1.5680127441200897,1.5290596635070848,1.5843345952589467,1.4735591032538418,1.4493163893257304,1.4156997598561902,1.4270020233130594,1.4220954880707262,1.3681700591475263,1.371777071464741,1.3702451411271137,1.3911701960612897,1.3269358872936798,1.4046639276178208,1.3640403683885733,1.3416355498977712,1.341436868376443,1.3230256906337796,1.3177405199543577,1.3028203360410056,1.3881581517352988,1.4197060229243925,1.3451041918177649,1.399908024142096,1.4070389897255364,1.408611400581612,1.4453454511336108,1.4306437027245211,1.4099204556707066,1.5097655477463259,1.5911342917083153,1.5630506888407596,1.632210859713149,1.6312122773144984,1.7106935191894557,1.7486028106348959,1.8349050773238431,1.8067831305967585,1.9253348847850218,1.9690066156886072,2.0686626690636523,2.2559303643326016,2.2670987347064275,2.458788914411745,2.654383746854937,2.7361588036569113,2.8332689107212166,3.0168164860258324,3.2451270315690364,3.6484731482978265,3.88560097746421,4.512970324816145,7.403146164830738,7.416815038912149,7.415103461422246,7.334570022226762,7.225035341306649,7.123866920448151,7.041540528622926,6.787549643865003,6.467961849017646,6.318943969388447,6.010565004468484,5.418313077689905,4.873533460384203,3.996216961964478,3.505246235686863,3.052143561482408,2.744432195115634,2.454804049607263,2.1611129540276806,2.00201510342452,1.8393350248277676,1.7008615933211018,1.666245164864552,1.597172229104867,1.4321333460588546,1.4537845698524894,1.3197498277731705,1.2830147186414114,1.1626054766318823,1.1601480567770357,1.077142233987032,1.040995233646785,1.0417072850408218,1.0371496801297584,0.9740874089820154,0.9869469204780639,0.9940459819764588,0.9974740935824118,0.9957724912901339,0.8842655064074707,0.8805477315949104,0.8795971543244542,0.7810106307974694,0.8081515432265508,0.8027615583713268,0.8753911880288711,0.8926593096777704,0.872648010262809,0.7940242317484093,0.793140711526935,0.8018802590201928,0.8042575262143348,0.7938138594752323,0.8817953786618232,0.8010453441583624,0.8055361485374544,0.7938604757972588,0.797217666080452,0.7952570642931059,0.7954649110682238,0.7857077597725851,0.8124670087129536,0.8767042128406047,0.8846908406932371,0.8717193170228189,0.8814577400387054,0.8774922403599196,0.8874059872103944,0.9668312614131707,0.9519235109585021,0.9541240097811505,0.9341758417780904,1.0263010363128602,0.99601587083107,1.059696637853326,1.1797245423032003,1.0987711805141482,1.1328690890651991,1.238976717719079,1.2601369945003973,1.321291404653032,1.3630270980328167,1.4990220564281598,1.5068535910959118,1.6431583878780887,1.7428320095378245,1.956297322856642,2.15628963313764,2.411931376688474,2.5573629536353835,2.8264418646391403,3.2507323134710244,3.762918767656578,4.6411964414923075,5.7795969196224055,8.198019488602686
7.825,7.2593187242616946,0.0244526881678732,6.992191827942094,13.093442519824185,12.483850124007025,11.957413720584627,11.36688370943031,10.616037232819142,9.73230497508982,8.529019201791067,7.22692783097294,6.135784684561154,5.35460184293641,4.607905792806655,4.169346960083173,3.762198620736535,3.441776148944103,3.011635793784995,2.9532155247454184,2.744680679567071,2.603202474894184,2.4035220523352123,2.321288937586756,2.319073189084119,2.0852457701948475,2.0852657804468704,1.9919333556047778,1.8810459152388166,1.8032048272346228,1.703595440855767,1.7441458456816337,1.6828922627353753,1.601420824794148,1.6433180682234565,1.539265411458119,1.5427851673909618,1.492259446628764,1.4372640762878581,1.4323427949653544,1.4531864263537095,1.3807187437612864,1.3913806018753319,1.4799250688374912,1.3537684886938621,1.339012496392286,1.3378270577165245,1.2966972647335306,1.3183134803431324,1.3705783749418254,1.358466636940746,1.3372618915659253,1.3161073542544401,1.4090837412167383,1.3078502163057966,1.292688412157289,1.3697914110428944,1.3696460488901783,1.3983668166509196,1.4069458606654517,1.379423416744941,1.3867161887894666,1.4945223401022723,1.5087284867577564,1.5375525600540925,1.4927321432995584,1.540381688059291,1.6056054369872552,1.606958797274405,1.6132197756641886,1.7203680269430845,1.7731958191646648,1.8328544595628893,1.767110835362202,1.9019327570324784,2.002821360122638,2.0553076090201188,2.1671293726935477,2.289552337684194,2.4294210955419677,2.5581339280583664,2.7022047232817785,2.87013226887705,2.9791614138186775,3.2806216598987223,3.629638823011448,3.86351097983459,4.355541884993339,7.198953800991149,7.217167514595941,7.243959418805433,7.147695968095937,7.079903744374566,6.977707404612524,6.820245972019821,6.588982620608065,6.341105158185196,6.1964458632255095,5.8347905753594524,5.457483789960317,4.811629079722438,4.153279635272371,3.504468682733073,3.072996678490304,2.578681385759789,2.4358888136690555,2.1444641570407224,1.9761885068048601,1.8197570568192045,1.7508018023768754,1.6677097521048563,1.5803274070250932,1.5214509854230627,1.3680787474148315,1.3333906376541216,1.2666400129991038,1.1592150318719225,1.1655932341049366,1.1684485186784095,1.1396179815718952,1.0708129719057677,1.0416693617617503,0.9839597527546946,0.9612724775180657,0.9936766000358702,0.9909247138621095,0.995256064408939,0.8763515043491561,0.8823742685441015,0.8934013285951867,0.8789555943191141,0.8710618584963692,0.8759989260621658,0.811039933675158,0.8561978947799487,0.8888522593445989,0.7903499511228642,0.8091685618635385,0.7949627951572554,0.7901807229598701,0.7945888803758973,0.882162536295986,0.787861447161533,0.7705032658213546,0.7867616769517202,0.8046548903905983,0.8646384687059371,0.8739130725553668,0.8925475568196538,0.8772059953226764,0.8803792774981437,0.871779886705705,0.8816393984319584,0.8791752274581857,0.885410544652042,0.8856433163592854,0.9505552566133141,0.943864580352506,0.9564917376691581,0.954001718157565,1.058550633141474,1.0540376215230374,1.0384453292513551,1.1032993587674156,1.129906625444621,1.1756727017023443,1.3137825795030997,1.3108256433772731,1.447009745823405,1.4367545626535079,1.4816481808816375,1.5072207425050164,1.6437560371907354,1.8179541839802091,1.95351387015388,2.099183344724268,2.253016195981771,2.596673483777143,2.909638582659467,3.3500757267883,3.9514685916897356,4.5843548883455805,5.7723223266851456,7.636208759217298
7.85,7.149886697314918,0.029716266020990985,6.985610652847911,13.26050840034784,12.732707154369306,12.134751567985207,11.498484929082105,10.80233785081615,9.719135029032621,8.533763352832063,7.209615829035619,6.128692809011796,5.284989950465126,4.55629919421586,4.085554446143476,3.612954482038389,3.4353782301592015,3.1358371140896315,2.8709647632747095,2.7214832973673353,2.5582510951818045,2.4495270244432206,2.283970614981352,2.166577451026523,2.0708678526367437,2.0521011036608274,1.9197294093355386,1.8733283422773863,1.8137080122199523,1.7208417895013908,1.7556349107388505,1.7228667908324453,1.623637325213238,1.5188391178981213,1.4942954832087636,1.5057725278820855,1.4719625061914958,1.4285867335816393,1.4821661670875086,1.4647786150061712,1.41218022312,1.3988288231880879,1.334970223695156,1.3606446342354623,1.3438892393377544,1.3572122490481842,1.3306729003441509,1.3314724433733287,1.3938708497318884,1.341594408893591,1.334290256826814,1.319060510935299,1.3225766869124158,1.292184988040592,1.3825251540210792,1.3582467996107908,1.3221610982851795,1.4118456955499443,1.4126577077581368,1.389980697786072,1.4259716591440046,1.430021753146765,1.4499220812788167,1.5029778772861493,1.514257559499919,1.5396275153595755,1.5994912647768276,1.605710052148469,1.5862865454958497,1.7021435741518303,1.6842936193279057,1.7708666660960677,1.8615151648110626,1.9619974820223085,1.9597900934082277,2.014401129426804,2.136327477667303,2.2772257019847584,2.4274167524512786,2.5556899727794957,2.7258431746265837,2.876544336982947,2.909991158227285,3.2797644250552653,3.551287029828516,3.8843944515480313,4.355853443418793,7.087879395545024,7.029663601233732,7.0413584703805565,6.931747266075999,6.871603801852922,6.80130650683546,6.63339131634143,6.410665972576251,6.237915695311305,6.056298938846586,5.765456973469522,5.344074069013364,4.802541996580248,4.237984018726907,3.6048359803626213,3.062189265293652,2.7146130252619773,2.537261347767481,2.146313857534968,2.102889310873128,1.9859603860147492,1.7147184711444758,1.676610021027068,1.52987649228312,1.5201565673341553,1.435509358073784,1.366235037946394,1.265747583234618,1.1504987315446025,1.1459174264032772,1.202875595741804,1.1316182134053534,1.039306764952578,1.0671199469370372,1.0668463235665084,1.0598083746412936,0.9315537691030183,0.9258407299206075,0.9205093240789386,0.8997613954840122,0.8857075235867089,0.8919642418300887,0.8896059660023986,0.8884519271357388,0.8007073880994613,0.8139597235136787,0.8223762430843292,0.8032511584373387,0.8835493828388697,0.8951528611061838,0.809952663414218,0.8156923680384298,0.8280324984569978,0.8137973102402654,0.8119576715275357,0.8127508763537502,0.8244028464317317,0.8062042583078035,0.8149034751115781,0.8993976295631281,0.8873654714928048,0.8196152516260903,0.8150765240875484,0.8918715959162375,0.8844587278994933,0.9784156198919424,0.8688712165314431,0.933936307456309,0.9189102235280593,1.003960952491294,0.9956107447091167,0.9778561068685631,1.01020745463825,1.063469446539129,1.058603312681101,1.1104339588658414,1.234148806890151,1.230134881699784,1.3026658331777894,1.2599840960929594,1.3888611774587543,1.406733064510546,1.5627584518626385,1.5641341695625872,1.718622891463108,1.849236470444622,2.0157770536366972,2.079261446369794,2.316525959618943,2.5842647567963373,2.926958699345696,3.328419169232765,3.804907236974792,4.534567544586688,5.856499726070352,7.835951707617625
7.875,7.082018255388043,0.0323535053083976,6.97902947775373,13.271106142163362,12.796580281164374,12.235410281950779,11.563745723491055,10.847934871276077,9.822466041090404,8.565393628806703,7.1295833024057,5.988313881365293,4.945862463108362,4.516922122959149,4.036739922044742,3.583173747919666,3.306766033066903,3.1616513134347257,2.8828401535022787,2.707378555065379,2.5431883562468767,2.475131211075307,2.3229564931494577,2.164702842475276,2.114998608751753,1.9817502223395875,1.9539199843147212,1.8434852886266517,1.8250095048881811,1.7569477563284601,1.6464739866474636,1.6469747716308165,1.6505551209546627,1.5104794275308022,1.5444765186991847,1.5238015303054602,1.5077565992346225,1.4582835290846778,1.3790779270514377,1.382696488110395,1.4255454975563906,1.348172670052959,1.3336295430832612,1.358596052307169,1.3501948299064315,1.37584977287492,1.3040133575796646,1.3096601806883126,1.307260317918449,1.2719980185350515,1.3488878325358722,1.3359635922019564,1.290879903619178,1.3280187639898735,1.3902723156470438,1.3973999018230197,1.3331683523126483,1.3475685785636646,1.3503930058869011,1.3379655045632777,1.4141125311051381,1.41866367399869,1.4478361086877105,1.5127087424790482,1.548135113773292,1.4979827471423302,1.548982790824086,1.587247138313735,1.634729638611619,1.6892387784780838,1.7278730422634074,1.785195826786784,1.868716356903787,1.8133966314726153,2.0032048533527114,2.0318079470612367,2.110541307451233,2.3309936090707786,2.4076818550589563,2.510176536879883,2.7312008893714803,2.7551491957541843,3.126354044060522,3.315962854114138,3.5837968533483138,3.9752224428222314,4.578430403798476,6.887793146573197,6.843220912498837,6.8670586280578405,6.780402673586223,6.651550037115382,6.565478720639632,6.419248231446011,6.193157529446239,6.038342669035868,5.841064160668569,5.587423222452859,5.159576053756413,4.680869265202741,4.148185006228264,3.459065440344762,3.0861211179626036,2.685081815916519,2.3937314944649972,2.2373581169659276,2.103738936420139,1.934001305404779,1.7660220861507738,1.5481312361009247,1.5136453017301164,1.5157469055934085,1.3751800595385868,1.3533388392126837,1.2853365539312716,1.287639377180429,1.287725818937532,1.1464283577864633,1.1456540494557699,1.0744990986210152,1.015986528058889,1.0286304307068312,1.0703424612215564,0.9974495506504625,0.9929281928632492,0.9532936255982242,0.9431156949922987,0.9433144170103994,0.8976978748819678,0.911429247078373,0.907510943430801,0.824250319241693,0.8373325232965175,0.8351279842564321,0.8277304693368711,0.8297832796638671,0.8421687174355773,0.8343208083967603,0.8395383544995326,0.8161682856875013,0.8189369237509697,0.8184686714259406,0.842111379642249,0.8309284270762776,0.8250053195447098,0.8403321970506932,0.8075688314177866,0.8261101518666577,0.8259466419787078,0.8208657993331344,0.8289976439562838,0.9217635959720253,0.917648355447927,0.9190029007388031,0.9429025317997718,0.960364087577006,0.9769483300375621,0.9986721665047454,1.0050656265882556,1.075508677294652,1.0747763471946552,1.0562588050955797,1.1418274020058783,1.196508635340757,1.1885464564171155,1.3109677045855597,1.3065374287256388,1.4245975850347705,1.4116619531626937,1.5776683118780837,1.571652568285834,1.7609729881516127,1.8872579134166003,2.0311226884656066,2.211060583519875,2.479239469481849,2.615239653048506,3.1101849348811044,3.359578534869064,3.994250298327185,4.9299862214617525,6.188801590145734,8.355188439274201
7.9,7.0399401456149615,0.04724600103761296,6.695187906725804,13.414938838533436,12.880157633647348,12.176231907597199,11.550764566014086,10.716548217831795,9.63695473404025,8.10489506791624,6.627069693218057,5.615768182774399,4.865931306770347,4.2099336290965335,3.899469073250355,3.4691364705511463,3.3093543682908186,3.031122831895136,2.8631232673629246,2.6020697350897013,2.537346980109137,2.331795854934092,2.324083552819427,2.1278185215957497,2.0984528009415286,1.997227104495038,1.9361283251188983,1.8351355314378264,1.771434319336089,1.750250823758764,1.6321252903377756,1.6456647663675184,1.6639048294576433,1.547984561874433,1.4882405899210847,1.4717857095990494,1.483385715643016,1.4686706077409069,1.4370761840644817,1.4305979236073343,1.3852127285666525,1.4320054300811986,1.387533255943587,1.3521443571511957,1.2744367231858336,1.3387494547856966,1.3079236708135265,1.313697984544391,1.3127914236014402,1.3591994594345358,1.349360919439767,1.3407159909565831,1.2795053801170042,1.390370063843706,1.2852642583963607,1.2957677548306175,1.3935555960900645,1.3836920117637626,1.2917964043557446,1.3644565100418957,1.4202889597022765,1.4414696780914373,1.4667972160182625,1.491939531030367,1.422307287283476,1.540148058527732,1.5225866127782717,1.5516677402095027,1.7299218730302461,1.679370919991053,1.7662652793632587,1.6952216073858615,1.8434727192070528,1.871710961662247,1.9936224159253115,2.1803830024404722,2.104611049296414,2.252374380662155,2.3673036827465013,2.5710725504315164,2.634757381051324,2.8075673408801407,3.0950410077794466,3.4064543924363244,3.7550240089034244,3.9786844941902197,6.659732090251011,6.704547352521476,6.676943674801509,6.621914340979976,6.582519936368803,6.494475664272279,6.354089363598916,6.202935759860186,5.966221233656629,5.754472660561237,5.6042797379025115,5.318601274308734,4.9737848027535785,4.526482122706829,3.9298001566363565,3.340716258538369,3.008747915321691,2.710998343327779,2.5178398872503878,2.2537350404496155,2.1047686916565302,1.8206271848476427,1.7715464711227318,1.6287098267028497,1.5216868119432936,1.426683491350777,1.4247812310536745,1.3652678192208711,1.236610522703071,1.2268517978757834,1.2276117217040943,1.1402850531767252,1.13360824749348,1.1708596245829241,0.9999623715774424,1.0071900086210357,0.9690351034618901,0.9927061053560562,0.9939305775384975,0.9638783442378637,0.9479303126710169,0.9401109263732012,0.9274781264981871,0.9127538805721072,0.9012679893320852,0.9126005537545011,0.9203266730973199,0.8184024407096194,0.8119294047380611,0.8355764168799253,0.8364354259638674,0.810456547660083,0.837072882816731,0.825036601387973,0.8111158239727574,0.8310879895775547,0.8442476208726445,0.8243040762879786,0.8481515775780808,0.8183079325678198,0.8423804130072599,0.9194276048849577,0.9035182434574021,0.9074692156223781,0.8229680907847612,0.914536822671252,0.9242866380952067,0.9086572856500148,0.9713592483014025,1.010816880954722,0.9864294190495542,0.9908913370904464,0.9920792209156087,1.0799025932686306,1.1441965257264037,1.1489920762978292,1.1601146215007692,1.2088436462042575,1.1971272076594615,1.3542442841451348,1.3334425773676168,1.5039232586332731,1.482378363897291,1.5960832911433136,1.7833307931725937,1.737818072741674,1.9443902539625804,2.0426594941988707,2.369701146949271,2.4823279833310803,2.7847387519537223,3.1157667406545735,3.4900765358230306,4.151754100336746,5.082245210937246,6.80045378939695,13.913997900749406
7.925,6.903049658540057,0.04536850124438113,6.711832598539682,13.361462081712753,12.784953715293637,12.126294452653527,11.345281348516174,10.453725880760857,8.906343056558857,7.4341269792628735,6.15356587264968,5.2717045821864605,4.565495045104792,4.116398604589288,3.675319190458229,3.3327808559763428,3.1513369011054966,2.921340578686369,2.776984817234631,2.5942183064018036,2.4718036054387698,2.281527567653676,2.166068697733842,2.131394163499756,1.9756649747564328,1.9060451042112616,1.8731680402491275,1.7393755997441926,1.7535221044519993,1.7118012036031411,1.5946948206998495,1.553079960794729,1.5959021462717853,1.5903342293238467,1.42369560607374,1.5234381028169026,1.474459582321668,1.4327517499317537,1.4106132881233033,1.4062523202806811,1.3556782781431453,1.3694354135929632,1.3275727801950956,1.3271887997885634,1.3377911522765855,1.3152435604566242,1.3600182198833752,1.2761958141323169,1.2607642730404078,1.2959117990058817,1.2744637634694167,1.296124880590294,1.3635908157527212,1.352621961610478,1.3014245293900382,1.3321794582832855,1.3707685026853547,1.3513708091028516,1.3594301985941446,1.4341299311384583,1.3509335658425483,1.392075539507055,1.4571598416209148,1.4496047790031228,1.503539435114123,1.6086833864046286,1.546936094720983,1.6362629315048827,1.6313314600890125,1.6374171892342122,1.7319528828687478,1.7808646555243315,1.8435257911615763,1.9743963736766867,2.036798010383726,2.039443810598036,2.207827572660977,2.392950790320138,2.3734364151728324,2.636670677918263,2.7539750618807792,2.934230175636187,3.2021244455569953,3.5524163658543095,3.8618728762874346,6.524273138191378,6.558312266159298,6.53106969331964,6.547619722898064,6.48686738344504,6.360934225619415,6.270145295806432,6.115983852089575,5.965626459311317,5.787711993324062,5.665794954055986,5.34294631425845,5.059271881415031,4.692437462514211,4.247231975814462,3.744371829148597,3.2854898055300175,2.8335449150322938,2.513401820044939,2.4069739393767375,2.0761349856813487,1.9630861990797115,1.9356649216360293,1.666806328374731,1.6838556398064364,1.5273528791149975,1.5246293177009411,1.4352728385220872,1.2912557732440728,1.297136565287659,1.211267756331278,1.153102684111291,1.1316511540196266,1.1275609338746093,1.1257808239002196,1.048104077743103,1.0684210600283297,1.0517302489044333,1.06990170687024,0.9112038677163586,0.91818990569237,0.9195659525886641,0.8917303058093499,0.917599065959841,0.8973386903309798,0.8943014227241216,0.8929276117616607,0.868981322624941,0.8161305430303063,0.7914312449081969,0.9027229989922393,0.8757287498394075,0.90577795114778,0.8963119522557347,0.8185214359260946,0.80983500443238,0.8753143657448582,0.8073315011447866,0.8152784270543973,0.8211743974630286,0.8107294155801256,0.8890843427985491,0.8872649114824478,0.9075403999954903,0.9027493540569694,0.9069203787783162,0.8932534190995082,0.9525849084486776,0.9555876840750586,0.9736490754440653,0.9627836432586623,0.9922263555303281,1.0029964633609643,1.0034066815273852,1.107304988410264,1.104372358201137,1.1295534603141548,1.1861020914265625,1.2568475121676748,1.258924278013581,1.3545980192176519,1.3644230334127527,1.5208767816287498,1.4811427966437123,1.6678865907310907,1.734522188850475,1.935705265465021,2.0423182425437063,2.16191373824729,2.3935240267950255,2.5877858868195127,2.9349045262985296,3.2123529542723044,3.885785797277626,4.614580916306195,5.756262501210252,7.218756739757229,13.882641040813363
7.95,6.828205059723185,0.04102652690542727,6.728477290353561,13.214939359902022,12.530171823979902,11.929410296908486,11.031494732070476,9.744326805591434,8.237077283410507,6.794945826719501,5.616835411072878,5.008987690097017,4.398297985342873,3.8353422434397393,3.4762604907859784,3.240957473909563,3.0507916768674943,2.8229676322349335,2.6873615010904013,2.462161239218779,2.350112096121331,2.2669853454326687,2.1060335015354354,1.9655803416885667,1.9452408853260237,1.8408324426027114,1.8557843743002531,1.7396927898101284,1.662778631038431,1.6346137703802026,1.6405316141767823,1.5911755544477717,1.5236525424667011,1.5159172743428944,1.458191489629692,1.4544145832685553,1.3946107525465758,1.4248357312979125,1.4326344823623982,1.3408096886322487,1.3833915778115864,1.3622079785772736,1.3646505947711962,1.297057145386848,1.2977422196217414,1.2988966944676328,1.2619676635521277,1.2680175790670778,1.3505193300460434,1.3199547180134457,1.2814681351349202,1.2994145023520152,1.357370469425098,1.3397248113993803,1.3327347876639628,1.356411581107691,1.3038120352363236,1.2839393403682289,1.343944635843721,1.4379846654588821,1.4008705895982922,1.4696777409180486,1.4452600875193864,1.4909304675568251,1.4865922928434891,1.4769864928621228,1.5375519474368364,1.6590556287888838,1.6021170572483,1.7802235086292335,1.7409203438841452,1.8803724529926276,1.8747677271550127,1.9268322931740027,2.1082047901722385,2.0687786539226036,2.2599090110953184,2.2840333166324784,2.456674873794058,2.6097096596116747,2.852058592057956,3.030183023356382,3.437350057583917,3.507314865004861,6.3559149209770105,6.421296378748356,6.330432356031941,6.336844843348173,6.313307765828325,6.274651900408124,6.172353526743085,6.062524911249092,5.897872683555282,5.655337264553522,5.469099858544954,5.346641241985613,5.051441777979486,4.7076217520122805,4.379241992508732,3.9264554038395447,3.573077168732308,3.1162070986179162,2.7785505208361077,2.3984084384274342,2.242216927027652,2.1461035039094067,1.8939773564189912,1.7503385830430847,1.7821020509723218,1.5064432791677325,1.4845409082056102,1.5035720107842867,1.4087625542166369,1.3253772297545834,1.2238746110471244,1.1783561186051807,1.1649781011699527,1.1725839446950626,1.1402626664438413,1.0778368664663962,1.0296820055437448,1.0180537262611267,1.0044336613397706,0.9235977352850266,0.9912807102588858,0.9984106088316334,0.9417515636433722,0.9460024461194456,0.9374476701450218,0.9369208666961237,0.8904866630444903,0.9134274046435896,0.8271749893834424,0.8373528068897758,0.8307289746414895,0.8362774228526778,0.9214790807064319,0.906454206053526,0.8414585039387944,0.840666186758006,0.8169774385651268,0.8293830916710458,0.8910414047396453,0.9136763106405464,0.9256973536101731,0.8384831027327757,0.9258009892961788,0.8914784331029038,0.8162785942682339,0.8337584271279226,0.9281993713322462,0.9117308298602017,0.9893247803978428,0.9428130684083471,0.9550093075489068,1.0336195998972442,1.1014924874261864,1.1058584233849185,1.098056835752024,1.1869763756019174,1.1486380280528874,1.1740353096398115,1.298385716169362,1.303052705567671,1.3595979423010602,1.367076731271657,1.4897902499159215,1.4739213243723963,1.6298769114718934,1.619977040185004,1.8160859406525438,1.911598577666813,2.037323236623235,2.3086810419547272,2.472502609127929,2.806067103626427,3.134731834840807,3.547650698864312,4.2128117753825025,5.259744894198892,6.536595085897003,14.240323728559254,13.890885255132215
7.975,6.79033266717439,0.03514383113501508,6.745121982167438,13.150369503777698,12.461341785265734,11.590668212758887,10.372115268597328,8.985529075051833,7.317379121550875,6.09513593924374,5.28733248597394,4.5511958062102895,3.9599507639918814,3.7750257916719603,3.321551624127216,3.040251281651682,2.8893535262963517,2.776195135255237,2.521813242841255,2.4344367574047294,2.211863629356269,2.162182971151917,2.1071939411018006,1.9757845905744311,1.9358763397192869,1.8570315114614424,1.7544188481219962,1.742408398829479,1.6939214743860371,1.6574602375045155,1.61012831877723,1.524832517412488,1.4921380156948565,1.4897220009026417,1.4568357442500224,1.4322388134261068,1.443883601141371,1.3881842822376231,1.375802408923732,1.3100372204578974,1.3552113205469787,1.259086142726258,1.2636017652673908,1.3154966582461318,1.2948254685889014,1.3068009146273394,1.2748772912857897,1.2643804588386354,1.354840836791256,1.2914918956211308,1.2919116964562558,1.2788205723428983,1.252333845426521,1.3093354894206013,1.2937599545723162,1.301990080871752,1.2721546521529803,1.3633751469785094,1.4236929579067004,1.4194468023505693,1.4013663813672463,1.4707403461019615,1.3659628618654336,1.4588571877859524,1.5320503723421846,1.5711705186725002,1.5987332067138023,1.6348649211006612,1.6917782693963677,1.7794308435464352,1.7787194472301717,1.8403104984156147,1.98853520974919,1.9774572213070576,2.0746985410894174,2.1662710658898647,2.35199797804044,2.524613022702847,2.6559167674066413,2.7123673229979572,2.9266263745984773,3.225580222761662,3.360087991703268,3.915905120946225,6.215095132100363,6.1392191231282505,6.216804256781941,6.191155690220628,6.1079838802834185,5.93890035557956,5.8549708239556315,5.739246550020249,5.6774583050357394,5.47799430140945,5.254506789450442,5.015985951157222,4.770076018792114,4.488327244518485,4.069494198783574,3.6250057021247675,3.3147346384588983,2.810630864383617,2.6384214840451943,2.37603994978536,2.237902634181552,2.0856382718748807,1.9033838968738532,1.744693729362739,1.620846527458281,1.5929956750957044,1.5088919348476528,1.3834623144940938,1.3880734213288326,1.281615281173801,1.2780312809849104,1.2246898950157392,1.2424856920335134,1.1570195938009555,1.0453060494923552,1.0348332596029053,1.0190429112101302,1.0089979422766149,0.908600895715044,0.910774388792062,0.8941880594698653,0.9520881955713091,0.9342683185772325,0.9520895625426367,0.9279534843721717,0.9109779845181636,0.9127778815382775,0.9041857934708111,0.91596510440002,0.9152823643974256,0.8222292626818289,0.8464416136368241,0.9026101940858148,0.8168988433425249,0.8453560265304164,0.8309358873511838,0.8236605545416525,0.9131823966402612,0.9293782920194608,0.832229422009528,0.8223187661997658,0.8195430381169401,0.9168917251717276,0.9073601582587707,0.9260661108147515,0.9607866756892254,0.9460576970431752,0.9396390060356566,0.9946402203461077,0.937809791498648,0.9683156811650323,1.0394168929999827,1.0876482242209304,1.1005319668181102,1.111806246864062,1.2221051637952611,1.2235760661417543,1.1843255074238155,1.247918495655976,1.2372218994135467,1.372503154548862,1.3659463287561626,1.5175949664147192,1.577524072923218,1.6045183434017805,1.8374318944602916,1.9370849511280044,2.0342753251916115,2.260876822333265,2.403894193982236,2.646377909471618,2.959922102379523,3.404547414865297,4.040718735184625,4.690687492107381,5.780689703134682,7.549114645623737,14.128089065963444,13.689931623395879
